Name:	10.0_10_80_1
Lambda:	10	Maximal Depth:	10	Filter time:	10 to 80 [us]
Chi2:	0.1777060639197324	RelRMS:	1.0538799265088636	AbsRMS:	5.20414334884099e-07	Phi model:	0.0391125463871505
depth_vector,start_model,resistivity_model,conductivity_model,E/I[V/A],modelled_thickness,rhoa,sigma
0.0,12.8097,16.452827134311814,0.0607798277971652,0.0001259575861467,1.0,13.942655163378417,0.0717223504620974
1.0,12.8097,16.314846835457903,0.0612938638091684,8.34447886123851e-05,1.0,13.69419902890229,0.0730236210156906
2.0,12.8097,15.983209287127698,0.0625656576245525,5.828751669311601e-05,1.0,13.57968400756888,0.0736394160160598
3.0,12.8097,15.481272029078614,0.0645941753443574,3.780723418151604e-05,1.0,13.414719164446778,0.0745449821007296
4.0,12.8097,14.800070430106508,0.0675672460291666,2.3338195512159386e-05,1.0,13.095274684399458,0.0763634229980155
5.0,12.8097,13.947637362627017,0.0716967307079205,1.554424103921064e-05,1.0,12.88881283887596,0.0775866646913937
6.0,12.8097,12.939105334613904,0.0772850961592268,1.0975478536616712e-05,1.5,12.741581053847613,0.0784831957489315
7.5,12.8097,11.68903439996411,0.0855502658117825,7.15757057294348e-06,1.5,12.574313130657096,0.0795272067435577
9.0,12.8097,10.2960536372606,0.0971245911521944,4.412348800037068e-06,nan,12.339075062608185,0.081043351703918
nan,nan,nan,nan,2.929079963717666e-06,nan,12.183805968090804,0.0820761593396172
nan,nan,nan,nan,2.0711714333798576e-06,nan,12.058659684916492,0.0829279560190959
nan,nan,nan,nan,1.3502077921988513e-06,nan,11.93130418626956,0.0838131342884369
Name:	12.742749857031335_10_80_1
Lambda:	12.742749857031336	Maximal Depth:	10	Filter time:	10 to 80 [us]
Chi2:	0.1783246779625826	RelRMS:	1.055712667948122	AbsRMS:	5.257721606520418e-07	Phi model:	0.0386831152369609
depth_vector,start_model,resistivity_model,conductivity_model,E/I[V/A],modelled_thickness,rhoa,sigma
0.0,12.8097,16.550745181611504,0.0604202402385505,0.0001259257678,1.0,13.945003708678,0.0717102713553025
1.0,12.8097,16.375442514394557,0.061067052027508,8.343406417603408e-05,1.0,13.695372485821116,0.0730173641524029
2.0,12.8097,16.01990789665641,0.0624223314173182,5.828544567015437e-05,1.0,13.580005685025055,0.0736376716765825
3.0,12.8097,15.485434979055182,0.0645768104901508,3.780835664350019e-05,1.0,13.414453657239148,0.074546457541366
4.0,12.8097,14.779099549347515,0.0676631209270221,2.3338741302929342e-05,1.0,13.095070522920553,0.0763646135581844
5.0,12.8097,13.904726341729493,0.0719179921577383,1.554432584203987e-05,1.0,12.888765961801155,0.0775869468779037
6.0,12.8097,12.88305750494287,0.0776213254979517,1.0975352315701616e-05,1.5,12.741678742492224,0.0784825940293958
7.5,12.8097,11.655112569017334,0.0857992571138514,7.15721943538124e-06,1.5,12.574724396288689,0.0795246057476329
9.0,12.8097,10.304058579399342,0.0970491377057265,4.411841989528001e-06,nan,12.340020012314746,0.0810371457260238
nan,nan,nan,nan,2.928576655453293e-06,nan,12.185201875915,0.0820667568894839
nan,nan,nan,nan,2.070722937107102e-06,nan,12.060400805892932,0.0829159839788559
nan,nan,nan,nan,1.3498364015857766e-06,nan,11.933492585396603,0.0837977643882506
Name:	16.237767391887218_10_80_1
Lambda:	16.237767391887218	Maximal Depth:	10	Filter time:	10 to 80 [us]
Chi2:	0.1789378405718511	RelRMS:	1.0575261242986247	AbsRMS:	5.294376784548231e-07	Phi model:	0.0383182520916932
depth_vector,start_model,resistivity_model,conductivity_model,E/I[V/A],modelled_thickness,rhoa,sigma
0.0,12.8097,16.62386603602786,0.0601544789781608,0.0001259064519194,1.0,13.946429916446878,0.071702938027223
1.0,12.8097,16.43581092899924,0.0608427539304194,8.342994586276428e-05,1.0,13.69582317427714,0.0730149613699856
2.0,12.8097,16.056997019426117,0.0622781457074556,5.828700296056209e-05,1.0,13.579763800263011,0.0736389833216857
3.0,12.8097,15.494015067127195,0.0645410499258933,3.7811215448238976e-05,1.0,13.41377749477442,0.0745502152834701
4.0,12.8097,14.759056426688272,0.0677550089307698,2.334012251415959e-05,1.0,13.094553895045037,0.0763676264205074
5.0,12.8097,13.8635287200494,0.072131707604414,1.554484804787556e-05,1.0,12.888477307688277,0.0775886845378916
6.0,12.8097,12.83365712944298,0.0779201119301995,1.0975463298285596e-05,1.5,12.74159284745066,0.0784831231049797
7.5,12.8097,11.621713642838351,0.0860458303080139,7.1569782579362455e-06,1.5,12.575006891941594,0.0795228192392345
9.0,12.8097,10.312130579291074,0.0969731708021822,4.41138609190927e-06,nan,12.340870189368074,0.0810315629818002
nan,nan,nan,nan,2.9280984886837745e-06,nan,12.18652842511151,0.082057823616068
nan,nan,nan,nan,2.0702869695557976e-06,nan,12.062093891267931,0.0829043455484894
nan,nan,nan,nan,1.3494698362306102e-06,nan,11.935653536219917,0.0837825927977384
Name:	20.6913808111479_10_80_1
Lambda:	20.6913808111479	Maximal Depth:	10	Filter time:	10 to 80 [us]
Chi2:	0.1795696053893671	RelRMS:	1.059391350579919	AbsRMS:	5.316880299452448e-07	Phi model:	0.0380125111623473
depth_vector,start_model,resistivity_model,conductivity_model,E/I[V/A],modelled_thickness,rhoa,sigma
0.0,12.8097,16.686642700050623,0.0599281723696862,0.0001258964738674,1.0,13.947166798959614,0.0716991496849808
1.0,12.8097,16.487623642165797,0.060651554262955,8.343013196577593e-05,1.0,13.69580280725604,0.073015069950496
2.0,12.8097,16.08883694620228,0.0621548967985561,5.8290480160149264e-05,1.0,13.579223746170392,0.073641911989411
3.0,12.8097,15.501038335440926,0.0645118074260639,3.781466768361534e-05,1.0,13.412961088078996,0.0745547529313842
4.0,12.8097,14.741249725435592,0.0678368536335511,2.3341654830914582e-05,1.0,13.093980807317823,0.0763709688226464
5.0,12.8097,13.827235610705516,0.0723210356830664,1.5545370969191883e-05,1.0,12.888188274281127,0.0775904245591708
6.0,12.8097,12.790026165859777,0.0781859229240112,1.0975516442547953e-05,1.5,12.741551716927518,0.0784833764533931
7.5,12.8097,11.592330546537122,0.08626393079334,7.1566685873429815e-06,1.5,12.575369638165794,0.079520525342256
9.0,12.8097,10.320123864495908,0.0968980617994593,4.41088323119671e-06,nan,12.341808115031183,0.081025404922808
nan,nan,nan,nan,2.927587483810254e-06,nan,12.187946474228117,0.0820482763125468
nan,nan,nan,nan,2.0698265370266003e-06,nan,12.063882631986877,0.0828920531229756
nan,nan,nan,nan,1.3490873114336637e-06,nan,11.937909613432163,0.083766759205048
Name:	26.366508987303583_10_80_1
Lambda:	26.366508987303583	Maximal Depth:	10	Filter time:	10 to 80 [us]
Chi2:	0.180234010060811	RelRMS:	1.0613494065952402	AbsRMS:	5.322425742514503e-07	Phi model:	0.0377437023767975
depth_vector,start_model,resistivity_model,conductivity_model,E/I[V/A],modelled_thickness,rhoa,sigma
0.0,12.8097,16.738395524840403,0.059742882674505,0.0001258976454787,1.0,13.947080270029192,0.0716995945129028
1.0,12.8097,16.530319459623968,0.0604948986280963,8.3435588349002e-05,1.0,13.695205697040327,0.073018253403533
2.0,12.8097,16.114772208973065,0.0620548641353538,5.829640317878755e-05,1.0,13.578303948344228,0.073646900511602
3.0,12.8097,15.505935389245153,0.064491433434812,3.7818946606538986e-05,1.0,13.411949353412624,0.0745603769928905
4.0,12.8097,14.725294403670553,0.0679103570079204,2.334342407781462e-05,1.0,13.093319185511628,0.0763748279432878
5.0,12.8097,13.795637850054431,0.0724866809979398,1.5545920213040683e-05,1.0,12.887884709113417,0.0775922521476988
6.0,12.8097,12.75225418785007,0.0784175084082598,1.0975511112134349e-05,1.5,12.741555842338132,0.0784833510423555
7.5,12.8097,11.56729254192454,0.086450653545382,7.156276360420008e-06,1.5,12.575829127918531,0.0795176198585574
9.0,12.8097,10.328180626035069,0.0968224739872597,4.410317107429277e-06,nan,12.342864250945562,0.0810184718610505
nan,nan,nan,nan,2.9270287337470666e-06,nan,12.189497489458022,0.0820378363312221
nan,nan,nan,nan,2.0693287708524423e-06,nan,12.065817156865544,0.082878762954815
nan,nan,nan,nan,1.3486787128289536e-06,nan,11.940320648222071,0.0837498447036178
Name:	33.59818286283781_10_80_1
Lambda:	33.59818286283781	Maximal Depth:	10	Filter time:	10 to 80 [us]
Chi2:	0.1809754218143141	RelRMS:	1.0635301529996524	AbsRMS:	5.309043182533282e-07	Phi model:	0.0374891396293876
depth_vector,start_model,resistivity_model,conductivity_model,E/I[V/A],modelled_thickness,rhoa,sigma
0.0,12.8097,16.77892692584957,0.0595985669655311,0.0001259116406569,1.0,13.94604676489424,0.0717049079827593
1.0,12.8097,16.563671701746586,0.0603730874413885,8.344722936408468e-05,1.0,13.693931999445484,0.0730250449644772
2.0,12.8097,16.1344408133234,0.0619792164829304,5.830527942335131e-05,1.0,13.576925829517966,0.0736543760021044
3.0,12.8097,15.508247279423578,0.0644818193817946,3.782427616945799e-05,1.0,13.410689465779376,0.0745673816809898
4.0,12.8097,14.71070210989472,0.0679777207457269,2.3345501658562816e-05,1.0,13.092542366869264,0.0763793594841063
5.0,12.8097,13.768315013189556,0.0726305287932499,1.5546505601265878e-05,1.0,12.8875611867521,0.0775941999816039
6.0,12.8097,12.720123527640691,0.0786155887422799,1.0975431647225967e-05,1.5,12.741617343660868,0.0784829722183984
7.5,12.8097,11.546678975278589,0.0866049885115016,7.155773940432212e-06,1.5,12.576417769020086,0.0795138980245498
9.0,12.8097,10.33653037520771,0.0967442617300783,4.409659950487896e-06,nan,12.344090497800469,0.0810104235851304
nan,nan,nan,nan,2.9263979661916404e-06,nan,12.191249008660876,0.0820260499387374
nan,nan,nan,nan,2.0687731950345177e-06,nan,12.06797727000173,0.0828639280325605
nan,nan,nan,nan,1.3482281625990032e-06,nan,11.942980640437906,0.083731191576589
Name:	42.81332398719393_10_80_1
Lambda:	42.81332398719393	Maximal Depth:	10	Filter time:	10 to 80 [us]
Chi2:	0.181881386822873	RelRMS:	1.0661888517720284	AbsRMS:	5.275656135909257e-07	Phi model:	0.0372268263932306
depth_vector,start_model,resistivity_model,conductivity_model,E/I[V/A],modelled_thickness,rhoa,sigma
0.0,12.8097,16.808312081053508,0.0594943736871241,0.0001259402010428,1.0,13.943938253448566,0.0717157507315183
1.0,12.8097,16.58763770839817,0.0602858597215267,8.346601757208844e-05,1.0,13.691876918797464,0.073036005649971
2.0,12.8097,16.14768078235147,0.0619283978596446,5.831764634291026e-05,1.0,13.57500633407611,0.0736647906741517
3.0,12.8097,15.507589220922084,0.0644845556426558,3.783088982581536e-05,1.0,13.40912643485388,0.0745760736061623
4.0,12.8097,14.696916281859757,0.0680414844054251,2.3347951956873286e-05,1.0,13.091626335186069,0.0763847038096651
5.0,12.8097,13.74471861198861,0.0727552180753825,1.5547124146316883e-05,1.0,12.887219361902885,0.0775962581157106
6.0,12.8097,12.69321531097855,0.0787822451207524,1.097524832853547e-05,1.5,12.741759224739331,0.0784820983007122
7.5,12.8097,11.530400523443042,0.0867272561752602,7.155120147607514e-06,1.5,12.577183863445203,0.0795090547182376
9.0,12.8097,10.34548746966651,0.0966605008156503,4.408872449410038e-06,nan,12.345560366467538,0.0810007784430875
nan,nan,nan,nan,2.925661467239069e-06,nan,12.193294919884584,0.0820122867994622
nan,nan,nan,nan,2.068131650159838e-06,nan,12.070472839289849,0.0828467959221085
nan,nan,nan,nan,1.3477139710986175e-06,nan,11.946018173544198,0.0837099011128756
Name:	54.5559478116852_10_80_1
Lambda:	54.5559478116852	Maximal Depth:	10	Filter time:	10 to 80 [us]
Chi2:	0.1830960717753698	RelRMS:	1.069743169455202	AbsRMS:	5.222188168672398e-07	Phi model:	0.036935965054275
depth_vector,start_model,resistivity_model,conductivity_model,E/I[V/A],modelled_thickness,rhoa,sigma
0.0,12.8097,16.82672262238287,0.0594292793933503,0.0001259854716395,1.0,13.940597718981866,0.0717329357146842
1.0,12.8097,16.60215647117688,0.0602331390946776,8.349315408170594e-05,1.0,13.688910049771216,0.0730518351252306
2.0,12.8097,16.154382096781323,0.0619027081326276,5.833418654970899e-05,1.0,13.572440154191284,0.073678718685762
3.0,12.8097,15.503602788430396,0.064501136519458,3.783909542701141e-05,1.0,13.40718780639192,0.0745868570233085
4.0,12.8097,14.683321544152715,0.0681044814685152,2.3350870318338148e-05,1.0,13.090535529485692,0.0763910687800018
5.0,12.8097,13.724241329537602,0.0728637726478751,1.554778466416653e-05,1.0,12.886854366765766,0.0775984558791108
6.0,12.8097,12.671015675346142,0.0789202717147362,1.0974934402733906e-05,1.5,12.742002199489026,0.078480601740918
7.5,12.8097,11.518276730414536,0.0868185426869849,7.1542713950002405e-06,1.5,12.578178579836464,0.0795027669270856
9.0,12.8097,10.35542944481313,0.0965676996139338,4.407910940453609e-06,nan,12.347355613772423,0.0809890013117128
nan,nan,nan,nan,2.9247810521541607e-06,nan,12.195741740593858,0.081995832748038
nan,nan,nan,nan,2.067371917269885e-06,nan,12.07342982171596,0.0828265053730914
nan,nan,nan,nan,1.34711110341401e-06,nan,11.949582012851478,0.0836849355002145
Name:	69.51927961775606_10_80_1
Lambda:	69.51927961775606	Maximal Depth:	10	Filter time:	10 to 80 [us]
Chi2:	0.1848599132323548	RelRMS:	1.074883462381954	AbsRMS:	5.150937621854841e-07	Phi model:	0.0365957425187967
depth_vector,start_model,resistivity_model,conductivity_model,E/I[V/A],modelled_thickness,rhoa,sigma
0.0,12.8097,16.837318110566354,0.0593918813811829,0.0001260496165291,1.0,13.93586786743023,0.071757281965705
1.0,12.8097,16.606694269801288,0.0602166803190004,8.352988216594452e-05,1.0,13.684897080359749,0.073073256899767
2.0,12.8097,16.15315263517611,0.0619074197208003,5.835562006777423e-05,1.0,13.569116590249708,0.0736967652498884
3.0,12.8097,15.49670762816635,0.0645298358847804,3.784921708502182e-05,1.0,13.40479746159183,0.0746001573589795
4.0,12.8097,14.667923895111878,0.0681759741290485,2.3354343754009216e-05,1.0,13.08923754795669,0.0763986440261454
5.0,12.8097,13.70558734033091,0.0729629438832831,1.554847831115473e-05,1.0,12.88647109263844,0.0776007638407122
6.0,12.8097,12.653889466262212,0.0790270851240007,1.0974443104370707e-05,1.5,12.742382481693022,0.0784782595748243
7.5,12.8097,11.509270761387668,0.0868864779300257,7.153164187173156e-06,1.5,12.579476494825292,0.0794945640552976
9.0,12.8097,10.366877052286904,0.0964610648854374,4.406714234693851e-06,nan,12.349590912318485,0.0809743421543234
nan,nan,nan,nan,2.923703945539377e-06,nan,12.198736870039188,0.0819757004887988
nan,nan,nan,nan,2.066449784489988e-06,nan,12.077021320408033,0.0828018741931155
nan,nan,nan,nan,1.346385358599285e-06,nan,11.953875765356056,0.0836548764291272
Name:	88.58667904100822_10_80_1
Lambda:	88.58667904100822	Maximal Depth:	10	Filter time:	10 to 80 [us]
Chi2:	0.1875437745764568	RelRMS:	1.082658113673405	AbsRMS:	5.065677001504208e-07	Phi model:	0.0361853062953475
depth_vector,start_model,resistivity_model,conductivity_model,E/I[V/A],modelled_thickness,rhoa,sigma
0.0,12.8097,16.835269382330548,0.0593991089355273,0.0001261366623771,1.0,13.929455779799438,0.0717903136926716
1.0,12.8097,16.602638016414385,0.0602313920842783,8.357832889340558e-05,1.0,13.67960820898676,0.0731015088095179
2.0,12.8097,16.145461215984945,0.0619369113475644,5.83830785957389e-05,1.0,13.56486173663878,0.0737198815155626
3.0,12.8097,15.484734292401631,0.0645797326009462,3.786171787973156e-05,1.0,13.401846726600454,0.0746165823561588
4.0,12.8097,14.652400722690327,0.0682482017060471,2.3358497443101568e-05,1.0,13.087685786195586,0.0764077023498503
5.0,12.8097,13.6887865336974,0.0730524942834283,1.5549199006783982e-05,1.0,12.886072902989648,0.0776031617645119
6.0,12.8097,12.639487980996687,0.079117128914042,1.0973716680029245e-05,1.5,12.742944811664549,0.0784747964288935
7.5,12.8097,11.50479517825998,0.0869202784148342,7.15172049263061e-06,1.5,12.581169356528788,0.0794838676486829
9.0,12.8097,10.380354914668851,0.0963358197499455,4.4052102348919336e-06,nan,12.352401633345751,0.0809559168882967
nan,nan,nan,nan,2.922369320219525e-06,nan,12.202450638411806,0.0819507515033188
nan,nan,nan,nan,2.0653148797463875e-06,nan,12.08144518621318,0.0827715546101352
nan,nan,nan,nan,1.3454983390393155e-06,nan,11.959128915367591,0.0836181303067141
Name:	112.88378916846884_10_80_1
Lambda:	112.88378916846884	Maximal Depth:	10	Filter time:	10 to 80 [us]
Chi2:	0.1917285641594223	RelRMS:	1.094670510243329	AbsRMS:	4.976944375631618e-07	Phi model:	0.0356825741057833
depth_vector,start_model,resistivity_model,conductivity_model,E/I[V/A],modelled_thickness,rhoa,sigma
0.0,12.8097,16.822347085918704,0.0594447371043163,0.0001262506942289,1.0,13.921066963373647,0.0718335744401633
1.0,12.8097,16.588804692487514,0.060281618750558,8.364075493467847e-05,1.0,13.672800761669563,0.073137904766623
2.0,12.8097,16.130065255268097,0.0619960294130489,5.841783134027056e-05,1.0,13.559481382536058,0.0737491333029853
3.0,12.8097,15.467806086934283,0.0646504096560083,3.7877161552778015e-05,1.0,13.3982035847872,0.0746368715530965
4.0,12.8097,14.63493345316973,0.068329658156622,2.336350376944057e-05,1.0,13.08581610183898,0.0764186193828192
5.0,12.8097,13.67284672143323,0.0731376589216365,1.5549960588486937e-05,1.0,12.885652156909114,0.0776056956856322
6.0,12.8097,12.628106699347384,0.0791884344825562,1.0972703929114693e-05,1.5,12.743728892512252,0.078469968125857
7.5,12.8097,11.504078274496798,0.0869256950569332,7.149858962587534e-06,1.5,12.583353008793509,0.0794700744150767
9.0,12.8097,10.39656029820308,0.0961856586522023,4.403318351808459e-06,nan,12.355939514659896,0.0809327367468523
nan,nan,nan,nan,2.9207070098293822e-06,nan,12.207080187987795,0.0819196715840398
nan,nan,nan,nan,2.06390811675762e-06,nan,12.086934384001305,0.0827339644801609
nan,nan,nan,nan,1.344404236367999e-06,nan,11.965616418873488,0.083572794329483
Name:	143.8449888287663_10_80_1
Lambda:	143.8449888287663	Maximal Depth:	10	Filter time:	10 to 80 [us]
Chi2:	0.1983209358816218	RelRMS:	1.1133309702241003	AbsRMS:	4.903746146238067e-07	Phi model:	0.0350629367946973
depth_vector,start_model,resistivity_model,conductivity_model,E/I[V/A],modelled_thickness,rhoa,sigma
0.0,12.8097,16.79535416200155,0.0595402746708633,0.0001263980816761,1.0,13.910243014931249,0.0718894701499176
1.0,12.8097,16.562548839836506,0.0603771804491096,8.37204423987457e-05,1.0,13.664123281351335,0.0731843514149781
2.0,12.8097,16.105466580812873,0.0620907190103602,5.846157415979528e-05,1.0,13.552716780355745,0.0737859438964643
3.0,12.8097,15.445333778973348,0.0647444732700668,3.789621284363706e-05,1.0,13.39371282003735,0.0746618964760819
4.0,12.8097,14.61557614266516,0.0684201560197714,2.3369535057704377e-05,1.0,13.08356451734048,0.0764317704609196
5.0,12.8097,13.658364144037051,0.0732152100686654,1.5550747122011273e-05,1.0,12.885217661907587,0.0776083125825874
6.0,12.8097,12.62020462337722,0.0792380179119786,1.0971315306554e-05,1.5,12.74480417265121,0.078463347608422
7.5,12.8097,11.50771844795112,0.0868981983286221,7.147463473155109e-06,1.5,12.586164412284656,0.0794523229828426
9.0,12.8097,10.41621904937915,0.0960041254181961,4.400934129110952e-06,nan,12.360401696440258,0.0809035195262299
nan,nan,nan,nan,2.91862994189292e-06,nan,12.21287101655443,0.0818808287293388
nan,nan,nan,nan,2.0621577924363123e-06,nan,12.093772872504946,0.0826871821177896
nan,nan,nan,nan,1.343048750194545e-06,nan,11.973666015283884,0.0835166104285472
Name:	183.29807108324357_10_80_1
Lambda:	183.2980710832436	Maximal Depth:	10	Filter time:	10 to 80 [us]
Chi2:	0.2086724994814887	RelRMS:	1.1420171284877056	AbsRMS:	4.883301024780024e-07	Phi model:	0.0343031204879114
depth_vector,start_model,resistivity_model,conductivity_model,E/I[V/A],modelled_thickness,rhoa,sigma
0.0,12.8097,16.760995372787168,0.0596623277889319,0.0001265826040898,1.0,13.89672153809305,0.0719594184325307
1.0,12.8097,16.528786572338916,0.0605005089528779,8.381989268059957e-05,1.0,13.653313041067928,0.0732422963563562
2.0,12.8097,16.07292209864412,0.062216440412186,5.851596297134072e-05,1.0,13.544317586283949,0.0738317005363695
3.0,12.8097,15.415693367460957,0.0648689602318358,3.7919765196735714e-05,1.0,13.388166264632856,0.0746928279970403
4.0,12.8097,14.590864360826297,0.0685360356501435,2.3376929997094635e-05,1.0,13.08080517958431,0.0764478934034379
5.0,12.8097,13.640760869066169,0.0733096936159734,1.5551653098236615e-05,1.0,12.884717230039971,0.0776113268259048
6.0,12.8097,12.612683501394946,0.0792852686654193,1.0969538121207658e-05,1.5,12.746180667414755,0.0784548741378247
7.5,12.8097,11.514275804041986,0.0868487099856474,7.1444574672867096e-06,1.5,12.589694554977765,0.0794300445998204
9.0,12.8097,10.440506669502293,0.0957807922216164,4.397961310554033e-06,nan,12.365971109251216,0.0808670820241429
nan,nan,nan,nan,2.9160471001040613e-06,nan,12.22008152168628,0.0818325146379226
nan,nan,nan,nan,2.059984324628849e-06,nan,12.102278052411735,0.08262907162348
nan,nan,nan,nan,1.3413679367407351e-06,nan,11.983666402522504,0.0834469156943074
Name:	233.57214690901213_10_80_1
Lambda:	233.57214690901213	Maximal Depth:	10	Filter time:	10 to 80 [us]
Chi2:	0.2248718962022577	RelRMS:	1.1855164913505467	AbsRMS:	4.969708243238054e-07	Phi model:	0.0333738777709111
depth_vector,start_model,resistivity_model,conductivity_model,E/I[V/A],modelled_thickness,rhoa,sigma
0.0,12.8097,16.710251345429025,0.0598435044050694,0.0001268150230427,1.0,13.879736963358164,0.0720474748649741
1.0,12.8097,16.480303798134546,0.0606784930817351,8.394441639688425e-05,1.0,13.63980742256232,0.0733148180923616
2.0,12.8097,16.028933900873238,0.0623871809681317,5.858359431978673e-05,1.0,13.533891495589842,0.0738885781909704
3.0,12.8097,15.378403880580688,0.0650262542046229,3.794874760537647e-05,1.0,13.381348811494853,0.07473088207229
4.0,12.8097,14.562436517570852,0.0686698272499531,2.3385905928141783e-05,1.0,13.077457866668365,0.076467461045987
5.0,12.8097,13.623263883204476,0.0734038486351905,1.5552635199178744e-05,1.0,12.884174804230234,0.0776145942751158
6.0,12.8097,12.608002665699162,0.0793147040427395,1.0967229851302408e-05,1.5,12.747969061486712,0.0784438678174338
7.5,12.8097,11.525694909355463,0.0867626644523008,7.140670497079444e-06,1.5,12.594145358775808,0.0794019738150142
9.0,12.8097,10.470255527882165,0.0955086528057517,4.394255944520717e-06,nan,12.372921700019765,0.0808216542741398
nan,nan,nan,nan,2.9128423567282702e-06,nan,12.22904299708816,0.0817725475524216
nan,nan,nan,nan,2.057293745827059e-06,nan,12.11282752284364,0.0825571071753556
nan,nan,nan,nan,1.3392920857633478e-06,nan,11.99604601912884,0.0833608005842429
Name:	297.63514416313194_10_80_1
Lambda:	297.63514416313194	Maximal Depth:	10	Filter time:	10 to 80 [us]
Chi2:	0.2499930796361139	RelRMS:	1.2499826989705545	AbsRMS:	5.241502777297979e-07	Phi model:	0.0322481898849861
depth_vector,start_model,resistivity_model,conductivity_model,E/I[V/A],modelled_thickness,rhoa,sigma
0.0,12.8097,16.644105506671497,0.060081330270297,0.000127103249578,1.0,13.85874603932065,0.0721566003996866
1.0,12.8097,16.417544695716945,0.060910447849177,8.409835214913955e-05,1.0,13.623157908213951,0.0734044196461276
2.0,12.8097,15.97283255536328,0.0626063033299766,5.866687855062515e-05,1.0,13.521079875949702,0.0739585897853267
3.0,12.8097,15.332003495698824,0.0652230480041656,3.798421291755556e-05,1.0,13.373018199772746,0.0747774350607698
4.0,12.8097,14.528443809909229,0.0688304964443571,2.3396775699026165e-05,1.0,13.073407166647252,0.0764911539320208
5.0,12.8097,13.60394547890128,0.0735080864261714,1.555371003485125e-05,1.0,12.88358122537081,0.0776181701738926
6.0,12.8097,12.60508322891273,0.0793330739543444,1.0964287293783292e-05,1.5,12.750249796722036,0.0784298359595347
7.5,12.8097,11.541902099009585,0.0866408319375547,7.135945830191901e-06,1.5,12.599703750873935,0.0793669454276366
9.0,12.8097,10.506806929051004,0.09517639438439,4.389665573840338e-06,nan,12.381545956512968,0.0807653586646001
nan,nan,nan,nan,2.9088841635606355e-06,nan,12.240134064021028,0.0816984515667541
nan,nan,nan,nan,2.053975891140129e-06,nan,12.125868178884154,0.0824683218758215
nan,nan,nan,nan,1.3367362786356389e-06,nan,12.011331915402984,0.0832547137189364
Name:	379.26901907322497_10_80_1
Lambda:	379.26901907322497	Maximal Depth:	10	Filter time:	10 to 80 [us]
Chi2:	0.2884787114891698	RelRMS:	1.3427553562757857	AbsRMS:	5.786796618512053e-07	Phi model:	0.0309005616456211
depth_vector,start_model,resistivity_model,conductivity_model,E/I[V/A],modelled_thickness,rhoa,sigma
0.0,12.8097,16.5607953045629,0.0603835734703197,0.0001274571397102,1.0,13.833081224394212,0.072290474101788
1.0,12.8097,16.338818941146815,0.061203934237967,8.428692071757937e-05,1.0,13.602831637086544,0.0735141054950364
2.0,12.8097,15.90307780208298,0.0628809097487418,5.876860733457307e-05,1.0,13.50547199492201,0.0740440615756335
3.0,12.8097,15.275182407846032,0.0654656666807693,3.802732020353616e-05,1.0,13.36290996730876,0.0748339996637271
4.0,12.8097,14.487896946901284,0.0690231303870423,2.340987107263077e-05,1.0,13.068531242979756,0.0765196931014865
5.0,12.8097,13.582230264777971,0.0736256108537081,1.5554885461406163e-05,1.0,12.88293217337299,0.0776220806368013
6.0,12.8097,12.603857840599929,0.0793407869754584,1.0960588834185624e-05,1.5,12.7531178684308,0.0784121977320864
7.5,12.8097,11.56349237408412,0.0864790642523517,7.130108524879867e-06,1.5,12.606579596270228,0.0793236573301658
9.0,12.8097,10.551528504099116,0.0947729989651749,4.38402592215677e-06,nan,12.392162171706428,0.0806961679603566
nan,nan,nan,nan,2.9040330742556866e-06,nan,12.253761425855714,0.0816075950271055
nan,nan,nan,nan,2.049914954615348e-06,nan,12.141877342827533,0.0823595867232773
nan,nan,nan,nan,1.3336121059340158e-06,nan,12.0300834143845,0.0831249431574422
Name:	483.2930238571752_10_80_1
Lambda:	483.2930238571752	Maximal Depth:	10	Filter time:	10 to 80 [us]
Chi2:	0.3465673949676178	RelRMS:	1.471749373550949	AbsRMS:	6.682211647347073e-07	Phi model:	0.0293106383100901
depth_vector,start_model,resistivity_model,conductivity_model,E/I[V/A],modelled_thickness,rhoa,sigma
0.0,12.8097,16.45857001081574,0.0607586199373852,0.0001278869121537,1.0,13.802072516223648,0.0724528869721956
1.0,12.8097,16.242456675565233,0.0615670412410196,8.451549609935634e-05,1.0,13.578294317187517,0.073646952749742
2.0,12.8097,15.818163297404196,0.0632184648241748,5.889162572453322e-05,1.0,13.486657770658253,0.0741473548899278
3.0,12.8097,15.206684399994488,0.0657605546150719,3.8079226410873305e-05,1.0,13.350763788302093,0.0749020816978424
4.0,12.8097,14.439880614813648,0.069252650120536,2.3425505144401586e-05,1.0,13.062716011894883,0.0765537579695832
5.0,12.8097,13.557636748951458,0.0737591675095838,1.5556148273294208e-05,1.0,12.8822349596526,0.0776262817074846
6.0,12.8097,12.604368690843344,0.0793375713237004,1.0955993228486444e-05,1.5,12.756683904747744,0.0783902781841151
7.5,12.8097,11.591170951505344,0.0862725607433242,7.122967822273819e-06,1.5,12.615003500842816,0.0792706874741009
9.0,12.8097,10.605884669771084,0.0942872783493679,4.377161751970204e-06,nan,12.405114201413513,0.0806119140673492
nan,nan,nan,nan,2.89814184332286e-06,nan,12.270361787261406,0.0814971895154843
nan,nan,nan,nan,2.044989368226851e-06,nan,12.161366240642574,0.0822276033968994
nan,nan,nan,nan,1.3298272824321526e-06,nan,12.052898493364188,0.0829675949358204
Name:	615.8482110660261_10_80_1
Lambda:	615.8482110660261	Maximal Depth:	10	Filter time:	10 to 80 [us]
Chi2:	0.4326986474937027	RelRMS:	1.6444958336328013	AbsRMS:	7.976465789940244e-07	Phi model:	0.027467543843221
depth_vector,start_model,resistivity_model,conductivity_model,E/I[V/A],modelled_thickness,rhoa,sigma
0.0,12.8097,16.335928859397832,0.0612147621728111,0.0001284023504648,1.0,13.765111172619823,0.0726474336065733
1.0,12.8097,16.127030660831075,0.0620076950947191,8.478916893927665e-05,1.0,13.549060927231942,0.073805853067656
2.0,12.8097,15.716811221778771,0.063626138018016,5.903858755776449e-05,1.0,13.464267361994304,0.0742706582626774
3.0,12.8097,15.125461287191785,0.0661136861225381,3.814097404823548e-05,1.0,13.336350579812349,0.0749830318283422
4.0,12.8097,14.38366119543394,0.0695233283385072,2.344393075720685e-05,1.0,13.055870740969455,0.0765938955616334
5.0,12.8097,13.529833975515256,0.0739107369543251,1.555745218104605e-05,1.0,12.881515155386689,0.0776306193749132
6.0,12.8097,12.606774813485051,0.0793224289951092,1.095034061895706e-05,1.5,12.761073561237165,0.0783633128671544
7.5,12.8097,11.625714084416874,0.086016221690881,7.1143250890002e-06,1.5,12.625218201075642,0.0792065518451635
9.0,12.8097,10.671363352305008,0.0937087387043194,4.368896189983891e-06,nan,12.4207555185521,0.0805104003944335
nan,nan,nan,nan,2.8910640494792924e-06,nan,12.290380182373804,0.081364448061106
nan,nan,nan,nan,2.0390792991564204e-06,nan,12.184853912737635,0.0820691004719091
nan,nan,nan,nan,1.3252916053022398e-06,nan,12.080382719230697,0.0827788343500165
Name:	784.7599703514607_10_80_1
Lambda:	784.7599703514607	Maximal Depth:	10	Filter time:	10 to 80 [us]
Chi2:	0.5577596109168027	RelRMS:	1.867082635619007	AbsRMS:	9.689922478292816e-07	Phi model:	0.0253749598232512
depth_vector,start_model,resistivity_model,conductivity_model,E/I[V/A],modelled_thickness,rhoa,sigma
0.0,12.8097,16.19191886480074,0.0617592027448876,0.0001290117012392,1.0,13.72173320580916,0.0728770910351649
1.0,12.8097,15.991635405395623,0.0625326912882591,8.511215534715363e-05,1.0,13.514761596107684,0.0739931661308775
2.0,12.8097,15.598215332786042,0.0641098983867782,5.921163328905631e-05,1.0,13.438021727374547,0.0744157153699865
3.0,12.8097,15.030865448226171,0.0665297685914693,3.821335160592879e-05,1.0,13.319505552198798,0.0750778620183028
4.0,12.8097,14.31881852349898,0.0698381642562809,2.346529552182958e-05,1.0,13.047944767910934,0.0766404225176764
5.0,12.8097,13.498707283694744,0.0740811678469324,1.5558710970201e-05,1.0,12.88082035360158,0.077634806832811
6.0,12.8097,12.611351105253812,0.0792936451974131,1.0943461644708212e-05,1.5,12.76642067504848,0.07833049101652
7.5,12.8097,11.667905018103069,0.085705188587709,7.103990361256544e-06,1.5,12.637459825898294,0.0791298262290553
9.0,12.8097,10.74935448893706,0.0930288419671313,4.359067300577149e-06,nan,12.439419511104925,0.0803896033176853
nan,nan,nan,nan,2.8826685753489293e-06,nan,12.314231588493357,0.0812068534535616
nan,nan,nan,nan,2.032078878540221e-06,nan,12.212822053478543,0.0818811570021338
nan,nan,nan,nan,1.3199264388716086e-06,nan,12.11309637801936,0.0825552747862733
Name:	1000.0_10_80_1
Lambda:	1000.0	Maximal Depth:	10	Filter time:	10.0 to 80.0 [us]
Chi2:	0.7349839553483241	RelRMS:	2.143280131230406	AbsRMS:	1.1821934802456185e-06	Phi model:	0.023055829007819235
depth_vector,start_model,resistivity_model,conductivity_model,E/I[V/A],modelled_thickness,rhoa,sigma
0.0,12.8097,16.026462342555135,0.06239680215294274,0.00012972025513449038,1.0,13.671720660853817,0.07314368284771178
1.0,12.8097,15.836194453839813,0.06314648401892599,8.548703408850234e-05,1.0,13.475222602648161,0.07421027685312444
2.0,12.8097,15.462308936456001,0.06467339412953176,5.941197262835642e-05,1.0,13.407795724545466,0.0745834752068391
3.0,12.8097,14.922862110360693,0.06701127388329325,3.8296710449330646e-05,1.0,13.300170527602727,0.07518700590527269
4.0,12.8097,14.245390052468059,0.07019814805469274,2.348958007432968e-05,1.0,13.038950194665588,0.07669329087621744
5.0,12.8097,13.464426727726247,0.07426977919087917,1.5559785952779544e-05,1.0,12.880227079933922,0.07763838275474955
6.0,12.8097,12.618478796768526,0.07924885527850557,1.0935185716012763e-05,1.5,12.772861087837512,0.07829099472100368
7.5,12.8097,11.718446040570576,0.08533554675576333,7.091800658906086e-06,1.5,12.651936899201516,0.07903928133431583
9.0,12.8097,10.840993871157561,0.09224246520980864,4.347547029103912e-06,nan,12.461384736390475,0.08024790351587016
nan,nan,nan,nan,2.8728563280600136e-06,nan,12.342255175067876,0.08102247002801094
nan,nan,nan,nan,2.023910384497378e-06,nan,12.245660588767945,0.0816615806677859
nan,nan,nan,nan,1.3136757404451991e-06,nan,12.151490121783306,0.0822944338495042
