Name:	10.0_10_80_1
Lambda:	10	Maximal Depth:	10	Filter time:	10 to 80 [us]
Chi2:	0.2646232776077182	RelRMS:	2.8057178134747485	AbsRMS:	3.303722437215557e-07	Phi model:	0.0335725022509303
depth_vector,start_model,resistivity_model,conductivity_model,E/I[V/A],modelled_thickness,rhoa,sigma
0.0,17.9762,24.70980071490817,0.0404697719555734,7.716272848487265e-05,1.0,19.32962024404513,0.0517340737880284
1.0,17.9762,24.311754067168422,0.0411323673823453,5.100011027876857e-05,1.0,19.01466614691183,0.0525909838370951
2.0,17.9762,23.54423885192127,0.0424732354394373,3.552996149767669e-05,1.0,18.8890540028688,0.0529407136984268
3.0,17.9762,22.447238730323708,0.0445489092005384,2.2953179898787587e-05,1.0,18.70982030481496,0.0534478676816928
4.0,17.9762,21.10683316429464,0.0473780217153395,1.409409963390222e-05,1.0,18.328822700653458,0.0545588779122375
5.0,17.9762,19.611104794258583,0.0509915178410939,9.3429417793463e-06,1.0,18.09687154189168,0.055258169771783
6.0,17.9762,18.0573720360616,0.0553790439717885,6.569946611718572e-06,1.5,17.938979662807842,0.0557445305584051
7.5,17.9762,16.546943186189658,0.0604341230128,4.262552802638893e-06,1.5,17.764303418381235,0.0562926660532757
9.0,17.9762,15.2779909864914,0.0654536320177297,2.612948169689988e-06,nan,17.49747172551975,0.0571511139258775
nan,nan,nan,nan,1.7264528139961194e-06,nan,17.331413504276554,0.0576986983637109
nan,nan,nan,nan,1.216192562068227e-06,nan,17.196557193386152,0.0581511746074733
nan,nan,nan,nan,7.892633258231923e-07,nan,17.06633931121455,0.0585948739073109
Name:	12.742749857031335_10_80_1
Lambda:	12.742749857031336	Maximal Depth:	10	Filter time:	10 to 80 [us]
Chi2:	0.2649409665829845	RelRMS:	2.803096877081236	AbsRMS:	3.286546906770137e-07	Phi model:	0.0332346378775532
depth_vector,start_model,resistivity_model,conductivity_model,E/I[V/A],modelled_thickness,rhoa,sigma
0.0,17.9762,24.59795005267378,0.0406537942332028,7.717951015227162e-05,1.0,19.326818161697474,0.0517415744088612
1.0,17.9762,24.21546088805176,0.0412959309188045,5.100597834134864e-05,1.0,19.013207737602496,0.0525950178318567
2.0,17.9762,23.4763139198831,0.042596124903282,3.553109642780461e-05,1.0,18.88865176609108,0.0529418410791606
3.0,17.9762,22.415775735958857,0.0446114384699086,2.295223194869413e-05,1.0,18.710335457440426,0.0534463960988115
4.0,17.9762,21.114174041182093,0.0473615495472165,1.4093069604461228e-05,1.0,18.329715763582712,0.0545562196870935
5.0,17.9762,19.652025362397417,0.0508853403941468,9.342067966130238e-06,1.0,18.097999988617712,0.0552547243136769
6.0,17.9762,18.119338473618843,0.0551896528372692,6.56921909135206e-06,1.5,17.940304095437977,0.0557404152505023
7.5,17.9762,16.600321203400096,0.0602397982392761,4.2620366119509935e-06,1.5,17.76573772217371,0.0562881213062086
9.0,17.9762,15.276867875216656,0.0654584439800176,2.6126477847087822e-06,nan,17.498812862286584,0.0571467337738778
nan,nan,nan,nan,1.7262651516274496e-06,nan,17.332669547390328,0.0576945171236224
nan,nan,nan,nan,1.216065075587718e-06,nan,17.197759042581943,0.058147110767396
nan,nan,nan,nan,7.891867971051294e-07,nan,17.067442593704552,0.058591086187034
Name:	16.237767391887218_10_80_1
Lambda:	16.237767391887218	Maximal Depth:	10	Filter time:	10 to 80 [us]
Chi2:	0.2652838365382686	RelRMS:	2.7978332451663857	AbsRMS:	3.2685831086414604e-07	Phi model:	0.0329362879975302
depth_vector,start_model,resistivity_model,conductivity_model,E/I[V/A],modelled_thickness,rhoa,sigma
0.0,17.9762,24.501529061289048,0.0408137793155097,7.719964163400625e-05,1.0,19.323458090842205,0.0517505715229056
1.0,17.9762,24.13188238063308,0.0414389554957612,5.101390264595599e-05,1.0,19.01123872728977,0.0526004651429969
2.0,17.9762,23.41599056827538,0.0427058593606894,3.553348822009886e-05,1.0,18.88780414804873,0.0529442169222889
3.0,17.9762,22.38672575129585,0.0446693282041084,2.2951872457062275e-05,1.0,18.710530828325894,0.0534458380243332
4.0,17.9762,21.11767652528264,0.0473536943708165,1.4092183537810758e-05,1.0,18.330484093989053,0.0545539329388426
5.0,17.9762,19.68418615859933,0.0508022019271106,9.341158743920569e-06,1.0,18.09917434946236,0.0552511391233548
6.0,17.9762,18.170400676696147,0.0550345596551713,6.568387850952628e-06,1.5,17.941817647049156,0.0557357130515963
7.5,17.9762,16.645117793100038,0.060077676375143,4.261387001267514e-06,1.5,17.76754316248768,0.0562824016159579
9.0,17.9762,15.278447063062467,0.0654516781628692,2.612219586410794e-06,nan,17.500725094889862,0.0571404895841713
nan,nan,nan,nan,1.7259677192096828e-06,nan,17.334660758734877,0.0576878898247895
nan,nan,nan,nan,1.2158460637715108e-06,nan,17.199824215954436,0.0581401290759941
nan,nan,nan,nan,7.89039723946486e-07,nan,17.069563386563818,0.0585838065891681
Name:	20.6913808111479_10_80_1
Lambda:	20.6913808111479	Maximal Depth:	10	Filter time:	10 to 80 [us]
Chi2:	0.2657007516925723	RelRMS:	2.7896054576340124	AbsRMS:	3.249790008587464e-07	Phi model:	0.0326452556944177
depth_vector,start_model,resistivity_model,conductivity_model,E/I[V/A],modelled_thickness,rhoa,sigma
0.0,17.9762,24.416785803139096,0.0409554315650931,7.722399402727884e-05,1.0,19.319395474531333,0.0517614539915752
1.0,17.9762,24.05794836834165,0.0415663041872648,5.102422285912805e-05,1.0,19.00867515205866,0.0526075590224234
2.0,17.9762,23.360901295503123,0.0428065675784733,3.553723260860815e-05,1.0,18.8864773795931,0.0529479362350812
3.0,17.9762,22.35879561602045,0.044725128185504,2.295207245371837e-05,1.0,18.71042213664408,0.0534461484993176
4.0,17.9762,21.117220996837258,0.0473547158572508,1.4091385940489095e-05,1.0,18.33117577930472,0.0545518744699926
5.0,17.9762,19.708386160861348,0.0507398217103076,9.34015805473097e-06,1.0,18.10046707025021,0.055247193131474
6.0,17.9762,18.21213890772081,0.0549084325057537,6.567401990912143e-06,1.5,17.943613149399123,0.0557301359360551
7.5,17.9762,16.68286597069936,0.0599417391326125,4.260563486943164e-06,1.5,17.769832586571233,0.0562751503216584
9.0,17.9762,15.28292696607686,0.0654324922326512,2.6116355650462203e-06,nan,17.503334038902224,0.0571319725589101
nan,nan,nan,nan,1.7255403423718916e-06,nan,17.337522906331767,0.0576783664773007
nan,nan,nan,nan,1.2155203245344508e-06,nan,17.202896923336272,0.0581297443364593
nan,nan,nan,nan,7.888115701451518e-07,nan,17.07285466524751,0.0585725128929692
Name:	26.366508987303583_10_80_1
Lambda:	26.366508987303583	Maximal Depth:	10	Filter time:	10 to 80 [us]
Chi2:	0.266266464097793	RelRMS:	2.778022443350804	AbsRMS:	3.230421109921331e-07	Phi model:	0.032334487331681
depth_vector,start_model,resistivity_model,conductivity_model,E/I[V/A],modelled_thickness,rhoa,sigma
0.0,17.9762,24.33944323508494,0.0410855741580199,7.725373731982592e-05,1.0,19.314436410801573,0.0517747439651281
1.0,17.9762,23.990587505317272,0.0416830142145689,5.1037431042147335e-05,1.0,19.00539545601701,0.0526166373288173
2.0,17.9762,23.308684912124875,0.0429024633423146,3.554250234372915e-05,1.0,18.8846105218658,0.0529531704581429
3.0,17.9762,22.33063485227938,0.0447815302437729,2.2952830945927063e-05,1.0,18.71000993512788,0.0534473259750925
4.0,17.9762,21.11282373735751,0.0473645786295547,1.4090626064425908e-05,1.0,18.33183481302104,0.054549913317444
5.0,17.9762,19.725400878400407,0.0506960546031292,9.339006066134938e-06,1.0,18.10195553007436,0.0552426503500471
6.0,17.9762,18.24614165813284,0.0548061074355558,6.5662037953371e-06,1.5,17.945795973723655,0.0557233572400024
7.5,17.9762,16.71509899269072,0.0598261488273139,4.259518045572728e-06,1.5,17.772740045128813,0.0562659442191122
9.0,17.9762,15.290611178484404,0.0653996094941653,2.6108612659485963e-06,nan,17.506794492387353,0.0571206796558238
nan,nan,nan,nan,1.724957599506532e-06,nan,17.34142744636113,0.057665379801813
nan,nan,nan,nan,1.2150683944678103e-06,nan,17.207162265945247,0.0581153350299429
nan,nan,nan,nan,7.884886091475765e-07,nan,17.077516317738965,0.058556524344308
Name:	33.59818286283781_10_80_1
Lambda:	33.59818286283781	Maximal Depth:	10	Filter time:	10 to 80 [us]
Chi2:	0.2670968916941242	RelRMS:	2.7626353058538244	AbsRMS:	3.211313140258517e-07	Phi model:	0.0319797512956854
depth_vector,start_model,resistivity_model,conductivity_model,E/I[V/A],modelled_thickness,rhoa,sigma
0.0,17.9762,24.26435321982015,0.0412127201966033,7.729039466585305e-05,1.0,19.308328951092143,0.0517911209474933
1.0,17.9762,23.92623811183909,0.0417951202911912,5.105419309648775e-05,1.0,19.00123534187584,0.0526281571701894
2.0,17.9762,23.257197409856893,0.0429974421413381,3.554955360630589e-05,1.0,18.88211326125551,0.0529601737985501
3.0,17.9762,22.300690228680203,0.0448416613901004,2.2954173681526508e-05,1.0,18.709280283033788,0.053449410392704
4.0,17.9762,21.10476120328996,0.0473826730550314,1.408985504404358e-05,1.0,18.332503572651625,0.0545479233666588
5.0,17.9762,19.7361989308688,0.0506683178206077,9.337636219827984e-06,1.0,18.103725877522507,0.055237248219804
6.0,17.9762,18.27395369262917,0.0547226953083147,6.564726030401105e-06,1.5,17.948489020679496,0.0557149963346687
7.5,17.9762,16.743476215470086,0.0597247541150417,4.258192970265108e-06,1.5,17.776426898200537,0.0562542745922257
9.0,17.9762,15.3019188185569,0.0653512812254161,2.609854327887799e-06,nan,17.51129720201948,0.0571059921183152
nan,nan,nan,nan,1.7241877816875275e-06,nan,17.3465888125001,0.0576482218382551
nan,nan,nan,nan,1.2144657715845989e-06,nan,17.21285397149971,0.0580961182646269
nan,nan,nan,nan,7.880533907833535e-07,nan,17.08380334080251,0.0585349749146096
Name:	42.81332398719393_10_80_1
Lambda:	42.81332398719393	Maximal Depth:	10	Filter time:	10 to 80 [us]
Chi2:	0.2683708565951003	RelRMS:	2.742849774361501	AbsRMS:	3.1944801231162893e-07	Phi model:	0.0315583961854436
depth_vector,start_model,resistivity_model,conductivity_model,E/I[V/A],modelled_thickness,rhoa,sigma
0.0,17.9762,24.19319637745275,0.0413339347310042,7.733581830202174e-05,1.0,19.300767638984816,0.0518114107534325
1.0,17.9762,23.859677348476254,0.0419117151248427,5.1075370003186e-05,1.0,18.99598277494133,0.0526427093479551
2.0,17.9762,23.20625966905778,0.0430918215283679,3.555875677950326e-05,1.0,18.87885512605901,0.0529693137281228
3.0,17.9762,22.2662251017104,0.044911070261442,2.295617498490273e-05,1.0,18.708192892534736,0.053452517073364
4.0,17.9762,21.09041741325272,0.0474148984539122,1.4089030847569038e-05,1.0,18.333218523058324,0.0545457961318829
5.0,17.9762,19.74257029085049,0.0506519660443321,9.335972952376168e-06,1.0,18.10587601542764,0.055230688597885
6.0,17.9762,18.293870808660056,0.0546631169783168,6.562887100463877e-06,1.5,17.951841658229245,0.0557045911521614
7.5,17.9762,16.77037598899496,0.0596289552873602,4.25651458188565e-06,1.5,17.78109954563632,0.0562394916823583
9.0,17.9762,15.317540960895135,0.0652846303824449,2.608558037178692e-06,nan,17.5170980702643,0.0570870812042506
nan,nan,nan,nan,1.7231872189618757e-06,nan,17.353302987556845,0.0576259171361814
nan,nan,nan,nan,1.2136781574903755e-06,nan,17.220299998505226,0.0580709976067085
nan,nan,nan,nan,7.874810467857024e-07,nan,17.092080050696474,0.058506629797773
Name:	54.5559478116852_10_80_1
Lambda:	54.5559478116852	Maximal Depth:	10	Filter time:	10 to 80 [us]
Chi2:	0.989941135919118	RelRMS:	3.9224433870658713	AbsRMS:	9.534408373859254e-07	Phi model:	0.0271138322701188
depth_vector,start_model,resistivity_model,conductivity_model,E/I[V/A],modelled_thickness,rhoa,sigma
0.0,17.9762,23.47481816389296,0.0425988390205346,7.975250322209623e-05,1.0,18.908866264713915,0.0528852436735518
1.0,17.9762,23.14205020027365,0.0432113832329417,5.258370685796154e-05,1.0,18.63096354033629,0.0536740892565747
2.0,17.9762,22.494535504828,0.0444552411311347,3.6552152391745285e-05,1.0,18.535233536897422,0.0539513029608899
3.0,17.9762,21.576526169849508,0.0463466635976543,2.355508276073176e-05,1.0,18.3897193096976,0.0543782089959721
4.0,17.9762,20.45156987373066,0.048896001929146,1.4432391727909294e-05,1.0,18.041276241453573,0.0554284512146814
5.0,17.9762,19.19262004424808,0.0521033604424266,9.55007788449818e-06,1.0,17.834242037080575,0.0560719091913646
6.0,17.9762,17.872485618686312,0.0559519264043757,6.705355878001998e-06,1.5,17.696650594704234,0.0565078682346394
7.5,17.9762,16.528926441839573,0.0604999969912568,4.342905203804245e-06,1.5,17.54450544199459,0.0569979018961911
9.0,17.9762,15.269737576118732,0.0654890102082671,2.6579956438170405e-06,nan,17.299211987168185,0.0578061012687605
nan,nan,nan,nan,1.7539480135809615e-06,nan,17.14981007624826,0.058309683638127
nan,nan,nan,nan,1.2342618351244852e-06,nan,17.02830957076906,0.058725735273019
nan,nan,nan,nan,8.000235940081887e-07,nan,16.912966732603007,0.0591262323050814
Name:	69.51927961775606_10_80_1
Lambda:	69.51927961775606	Maximal Depth:	10	Filter time:	10 to 80 [us]
Chi2:	0.9740756060240796	RelRMS:	3.8711366283690514	AbsRMS:	9.569905487460509e-07	Phi model:	0.0267072150495912
depth_vector,start_model,resistivity_model,conductivity_model,E/I[V/A],modelled_thickness,rhoa,sigma
0.0,17.9762,23.429640912254555,0.04268097849835,7.977339656174186e-05,1.0,18.905564523953515,0.0528944797566341
1.0,17.9762,23.100802964699547,0.0432885385641401,5.258826850168053e-05,1.0,18.62988612581072,0.0536771933680557
2.0,17.9762,22.460767738850667,0.0445220756310251,3.654942942812488e-05,1.0,18.536154119256555,0.0539486235152272
3.0,17.9762,21.553051482686115,0.0463971424558288,2.354900363077788e-05,1.0,18.392884020638927,0.0543688525887449
4.0,17.9762,20.44005924694953,0.0489235372519401,1.4426281642313807e-05,1.0,18.046369998570487,0.055412806014684
5.0,17.9762,19.19340008763491,0.0521012428977727,9.544719765807118e-06,1.0,17.84091581760082,0.0560509342807087
6.0,17.9762,17.884522489045203,0.0559142689223337,6.700804885362284e-06,1.5,17.704662389734413,0.0564822970349225
7.5,17.9762,16.54917626851575,0.0604259682642009,4.339373949896792e-06,1.5,17.55402228388833,0.0569670007151485
9.0,17.9762,15.29273751654452,0.0653905161792089,2.655500625512276e-06,nan,17.310046126205346,0.0577699211607598
nan,nan,nan,nan,1.7521211422714558e-06,nan,17.161728983464744,0.0582691872691554
nan,nan,nan,nan,1.2328730267033203e-06,nan,17.041095219359594,0.0586816743365148
nan,nan,nan,nan,7.990462694876655e-07,nan,16.926754911499266,0.05907806931857
Name:	88.58667904100822_10_80_1
Lambda:	88.58667904100822	Maximal Depth:	10	Filter time:	10 to 80 [us]
Chi2:	0.9559716911920269	RelRMS:	3.8086327806290177	AbsRMS:	9.6196078265752e-07	Phi model:	0.0262030353184525
depth_vector,start_model,resistivity_model,conductivity_model,E/I[V/A],modelled_thickness,rhoa,sigma
0.0,17.9762,23.37598984641993,0.0427789371303629,7.980083684403171e-05,1.0,18.901230369214023,0.0529066087480094
1.0,17.9762,23.051637734639662,0.0433808656682688,5.259484125122671e-05,1.0,18.62833398212492,0.0536816658408403
2.0,17.9762,22.42015469255316,0.0446027252582761,3.654661388331348e-05,1.0,18.537106121771,0.0539458528980176
3.0,17.9762,21.524212143841577,0.0464593079327233,2.3541751264564305e-05,1.0,18.39666128374352,0.0543576893968072
4.0,17.9762,20.42496115950651,0.0489597014256531,1.441881876691743e-05,1.0,18.052596407625405,0.0553936939274619
5.0,17.9762,19.192575987352445,0.0521034800466066,9.538114895145084e-06,1.0,17.849151081917622,0.0560250734284537
6.0,17.9762,17.897095056832605,0.0558749895904602,6.6951676451645295e-06,1.5,17.714599052437546,0.0564506143796914
7.5,17.9762,16.572513309430814,0.0603408777732546,4.334981603408315e-06,1.5,17.5658778256861,0.0569285526133927
9.0,17.9762,15.321968979848432,0.0652657632524388,2.652386871924068e-06,nan,17.32359082652273,0.057724752911445
nan,nan,nan,nan,1.749836337249613e-06,nan,17.17666473317029,0.0582185200406732
nan,nan,nan,nan,1.231133648149676e-06,nan,17.057142185719417,0.0586264679693659
nan,nan,nan,nan,7.978204564718374e-07,nan,16.944088574836513,0.0590176329392593
Name:	112.88378916846884_10_80_1
Lambda:	112.88378916846884	Maximal Depth:	10	Filter time:	10 to 80 [us]
Chi2:	0.935638160679246	RelRMS:	3.7332229018653766	AbsRMS:	9.686709915070342e-07	Phi model:	0.0255814214607977
depth_vector,start_model,resistivity_model,conductivity_model,E/I[V/A],modelled_thickness,rhoa,sigma
0.0,17.9762,23.311493326325845,0.0428972947379004,7.983621949399768e-05,1.0,18.89564539344561,0.0529222463259642
1.0,17.9762,22.992376513918195,0.0434926767746109,5.260381104279427e-05,1.0,18.626216302578275,0.0536877690968067
2.0,17.9762,22.370889301706924,0.0447009498153342,3.654363250384453e-05,1.0,18.53811433017599,0.0539429190148115
3.0,17.9762,21.488718349393963,0.0465360466706569,2.353302806972781e-05,1.0,18.401207171268023,0.0543442607157544
4.0,17.9762,20.4055990700636,0.0490061574064281,1.440968294203828e-05,1.0,18.06022590406376,0.0553702930025359
5.0,17.9762,19.190119570513524,0.0521101495134269,9.52997562715284e-06,1.0,17.85931258759694,0.0559931965519483
6.0,17.9762,17.910796690012965,0.0558322456173933,6.688196829500877e-06,1.5,17.726905684263528,0.0564114244082494
7.5,17.9762,16.6000353241441,0.0602408356653036,4.329534503629532e-06,1.5,17.580608129338177,0.0568808537590471
9.0,17.9762,15.358809704750984,0.0651092121865841,2.648516807581709e-06,nan,17.340462431545586,0.0576685889403278
nan,nan,nan,nan,1.7469925473337017e-06,nan,17.195300028553117,0.0581554260954726
nan,nan,nan,nan,1.2289667297783664e-06,nan,17.07718643949083,0.0585576554746459
nan,nan,nan,nan,7.962919006129129e-07,nan,16.965765472191116,0.0589422270182337
Name:	143.8449888287663_10_80_1
Lambda:	143.8449888287663	Maximal Depth:	10	Filter time:	10 to 80 [us]
Chi2:	0.9136446501009984	RelRMS:	3.643856848998924	AbsRMS:	9.776237889919036e-07	Phi model:	0.0248214786940481
depth_vector,start_model,resistivity_model,conductivity_model,E/I[V/A],modelled_thickness,rhoa,sigma
0.0,17.9762,23.233489593353124,0.0430413174044285,7.988146128096917e-05,1.0,18.888510208679783,0.0529422378447016
1.0,17.9762,22.92056686405876,0.0436289384085032,5.261583314985402e-05,1.0,18.62337894505809,0.0536959486755952
2.0,17.9762,22.310922519073912,0.0448210959965947,3.654055185576649e-05,1.0,18.53915625211297,0.0539398873606249
3.0,17.9762,21.4450841116108,0.0466307334023735,2.352259203749017e-05,1.0,18.406649354793643,0.0543281930743995
4.0,17.9762,20.381157541771223,0.0490649266583852,1.4398569337900331e-05,1.0,18.06951795640198,0.055341819433855
5.0,17.9762,19.18593124055027,0.0521215252708952,9.520014260727175e-06,1.0,17.871768601576584,0.0559541712011526
6.0,17.9762,17.92621786233162,0.0557842154814653,6.679639012981334e-06,1.5,17.742043351751597,0.056363293684618
7.5,17.9762,16.632938034447776,0.060121669300333,4.322830622802242e-06,1.5,17.59877953451642,0.0568221221272022
9.0,17.9762,15.404812340509247,0.0649147797386892,2.6437452756884216e-06,nan,17.361320643909092,0.0575993048288542
nan,nan,nan,nan,1.7434824070401228e-06,nan,17.21837173849156,0.0580775008919401
nan,nan,nan,nan,1.2262901159982665e-06,nan,17.102026902031263,0.0584726012728483
nan,nan,nan,nan,7.944024398620195e-07,nan,16.99265650571509,0.0588489504077054
Name:	183.29807108324357_10_80_1
Lambda:	183.2980710832436	Maximal Depth:	10	Filter time:	10 to 80 [us]
Chi2:	0.8908563407287193	RelRMS:	3.5398281075409668	AbsRMS:	9.893106008605803e-07	Phi model:	0.0239010504652548
depth_vector,start_model,resistivity_model,conductivity_model,E/I[V/A],modelled_thickness,rhoa,sigma
0.0,17.9762,23.13915948741208,0.0432167815146444,7.993847718494025e-05,1.0,18.87952768792002,0.0529674267561177
1.0,17.9762,22.83360956714606,0.0437950906123419,5.263145867168449e-05,1.0,18.61969275404281,0.0537065790080169
2.0,17.9762,22.238078481348847,0.044967913969667,3.653729979897073e-05,1.0,18.540256305940552,0.0539366869313228
3.0,17.9762,21.391726379372024,0.0467470452017513,2.3510062643133048e-05,1.0,18.413188503361603,0.0543088992879986
4.0,17.9762,20.35076389862781,0.0491382045893337,1.4385060746718078e-05,1.0,18.08082855831117,0.0553071999314064
5.0,17.9762,19.179904606835667,0.0521379026902773,9.507853645604034e-06,1.0,17.887004104478105,0.0559065114626794
6.0,17.9762,17.944022976566533,0.0557288631042169,6.66916899859334e-06,1.5,17.760607471581977,0.056304380444197
7.5,17.9762,16.672567500488285,0.0599787645166656,4.314614835203078e-06,1.5,17.621113237088146,0.056750103500569
9.0,17.9762,15.461893531995832,0.0646751316668081,2.6378908597053486e-06,nan,17.386998439665224,0.0575142399345182
nan,nan,nan,nan,1.7391726124129423e-06,nan,17.246805577486263,0.0579817517804796
nan,nan,nan,nan,1.2230022613288085e-06,nan,17.1326639755146,0.058368039052722
nan,nan,nan,nan,7.920805025311589e-07,nan,17.0258489496127,0.058734222473103
Name:	233.57214690901213_10_80_1
Lambda:	233.57214690901213	Maximal Depth:	10	Filter time:	10 to 80 [us]
Chi2:	0.8693835710122865	RelRMS:	3.422722975176437	AbsRMS:	1.004533246073186e-06	Phi model:	0.0228007574755231
depth_vector,start_model,resistivity_model,conductivity_model,E/I[V/A],modelled_thickness,rhoa,sigma
0.0,17.9762,23.0255220382652,0.0434300685273558,8.000994952626577e-05,1.0,18.86828271125525,0.0529989938831838
1.0,17.9762,22.72874585133249,0.0439971482166656,5.265170683468854e-05,1.0,18.6149187556878,0.0537203526442708
2.0,17.9762,22.15002849428379,0.0451466687845601,3.653410658294974e-05,1.0,18.541336614846625,0.0539335443162856
3.0,17.9762,21.326923104265763,0.046889089209497,2.3495238860003945e-05,1.0,18.42093260903645,0.0542860679871032
4.0,17.9762,20.313430435897256,0.0492285142657554,1.4368843082064683e-05,1.0,18.09443084489239,0.0552656233606969
5.0,17.9762,19.17185618983776,0.0521597903770037,9.493181450778734e-06,1.0,17.905429543410822,0.055848981314609
6.0,17.9762,17.964834505775624,0.0556643034857072,6.656505174950095e-06,1.5,17.78312638990778,0.0562330817469484
7.5,17.9762,16.720314321460783,0.0598074881114217,4.304659029329489e-06,1.5,17.648272156082054,0.0566627707888884
9.0,17.9762,15.532016604787929,0.0643831400290763,2.630788197732773e-06,nan,17.418278918185838,0.0574109534413261
nan,nan,nan,nan,1.733940235674845e-06,nan,17.28148438101154,0.0578653996353909
nan,nan,nan,nan,1.2190088094080865e-06,nan,17.170061117263668,0.0582409109187473
nan,nan,nan,nan,7.892591149340256e-07,nan,17.06640001320545,0.0585946654963103
Name:	297.63514416313194_10_80_1
Lambda:	297.63514416313194	Maximal Depth:	10	Filter time:	10 to 80 [us]
Chi2:	0.8523812669004619	RelRMS:	3.296729476500658	AbsRMS:	1.024186813152886e-06	Phi model:	0.0215054640529389
depth_vector,start_model,resistivity_model,conductivity_model,E/I[V/A],modelled_thickness,rhoa,sigma
0.0,17.9762,22.889719297503508,0.0436877353978327,8.009870886181048e-05,1.0,18.85434119904496,0.0530381830604961
1.0,17.9762,22.603324428213,0.0442412797805893,5.267765785350551e-05,1.0,18.60880464205291,0.0537380030171395
2.0,17.9762,22.04452446313247,0.0453627385645089,3.653122205713301e-05,1.0,18.54231262490623,0.0539307054211128
3.0,17.9762,21.249000587205625,0.0470610368659934,2.3477916521850912e-05,1.0,18.42999231123739,0.0542593823758822
4.0,17.9762,20.26818929270576,0.0493383984902828,1.4349592726531984e-05,1.0,18.110609998263744,0.0552162516942206
5.0,17.9762,19.16160590299251,0.0521876926737037,9.475675197756724e-06,1.0,17.9274762074122,0.0557802999390703
6.0,17.9762,17.989291417829513,0.0555886264096473,6.641356659256992e-06,1.5,17.810157580189216,0.0561477345440407
7.5,17.9762,16.777613025884026,0.0596032342894801,4.292727688480617e-06,1.5,17.680958463881634,0.0565580198631642
9.0,17.9762,15.617312140254844,0.064031504974689,2.6222667871953395e-06,nan,17.455993878510924,0.0572869128483736
nan,nan,nan,nan,1.727658676556858e-06,nan,17.323347970304262,0.0577255621554334
nan,nan,nan,nan,1.2142126781478591e-06,nan,17.215245814441765,0.0580880465361177
nan,nan,nan,nan,7.858694548903698e-07,nan,17.11543936009996,0.058426779410129
Name:	379.26901907322497_10_80_1
Lambda:	379.26901907322497	Maximal Depth:	10	Filter time:	10 to 80 [us]
Chi2:	0.8445462364924419	RelRMS:	3.1705509122599764	AbsRMS:	1.049357413648921e-06	Phi model:	0.0200088915525277
depth_vector,start_model,resistivity_model,conductivity_model,E/I[V/A],modelled_thickness,rhoa,sigma
0.0,17.9762,22.729270193545783,0.0439961332451387,8.020789968455431e-05,1.0,18.837225774217384,0.0530863733325692
1.0,17.9762,22.45503309067201,0.0445334458409418,5.271063970274134e-05,1.0,18.601041290843693,0.0537604311696381
2.0,17.9762,21.919587669134817,0.0456212961253878,3.6529096031213365e-05,1.0,18.54303207066591,0.0539286129792088
3.0,17.9762,21.15646486606112,0.0472668759327644,2.3458042832143063e-05,1.0,18.44040012041691,0.0542287582411412
4.0,17.9762,20.214157913645224,0.049470277429908,1.4327093542388904e-05,1.0,18.1295655700196,0.0551585197195058
5.0,17.9762,19.148975232145943,0.0522221156942785,9.455092192230275e-06,1.0,17.953484597563893,0.0556994935755084
6.0,17.9762,18.017971008416115,0.055500144801704,6.623493977016018e-06,1.5,17.84216428864595,0.0560470122246526
7.5,17.9762,16.845811725166325,0.0593619361485607,4.278629364840304e-06,1.5,17.719776998106788,0.0564341187875469
9.0,17.9762,15.719826895850447,0.0636139320506111,2.612185871435177e-06,nan,17.500875680205418,0.0571399979219932
nan,nan,nan,nan,1.7202225257860404e-06,nan,17.37323546792638,0.0575598023664706
nan,nan,nan,nan,1.2085326104454496e-06,nan,17.269144414920095,0.0579067483584204
nan,nan,nan,nan,7.818536733919215e-07,nan,17.173995211694844,0.0582275695127152
Name:	483.2930238571752_10_80_1
Lambda:	483.2930238571752	Maximal Depth:	10	Filter time:	10 to 80 [us]
Chi2:	0.8521793751326947	RelRMS:	3.058849449486116	AbsRMS:	1.0812563050509064e-06	Phi model:	0.018317922727048
depth_vector,start_model,resistivity_model,conductivity_model,E/I[V/A],modelled_thickness,rhoa,sigma
0.0,17.9762,22.54247086788036,0.0443607094298101,8.034072682171096e-05,1.0,18.81645768785225,0.0531449657841598
1.0,17.9762,22.2822689013568,0.0448787331499759,5.2752145844616046e-05,1.0,18.591282967573,0.0537886493225994
2.0,17.9762,21.773821409315605,0.0459267108515992,3.652837579728304e-05,1.0,18.54327581317548,0.0539279041133322
3.0,17.9762,21.04823500250725,0.0475099218476456,2.343575539643586e-05,1.0,18.45208949877,0.0541944043825854
4.0,17.9762,20.15067908780914,0.0496261190822588,1.4301283693655487e-05,1.0,18.15137157117117,0.0550922554848827
5.0,17.9762,19.133828306161632,0.0522634563245229,9.431313211368828e-06,1.0,17.983649104683142,0.0556060671657338
6.0,17.9762,18.05133610804296,0.0553975613779879,6.602787371554711e-06,1.5,17.879447312957513,0.0559301404845598
7.5,17.9762,16.926025928800495,0.0590806137368872,4.262247187862522e-06,1.5,17.76515257431549,0.0562899753220121
9.0,17.9762,15.841314508569464,0.0631260745097285,2.600456417989707e-06,nan,17.553461756099203,0.0569688198199728
nan,nan,nan,nan,1.7115638609480444e-06,nan,17.43177938249104,0.0573664901360802
nan,nan,nan,nan,1.2019156672961814e-06,nan,17.33246796725881,0.0576951881226037
nan,nan,nan,nan,7.771737624912631e-07,nan,17.24287068750034,0.0579949834411805
Name:	615.8482110660261_10_80_1
Lambda:	615.8482110660261	Maximal Depth:	10	Filter time:	10 to 80 [us]
Chi2:	0.8829846238536104	RelRMS:	2.982793008723559	AbsRMS:	1.1211260879203073e-06	Phi model:	0.0164567503786738
depth_vector,start_model,resistivity_model,conductivity_model,E/I[V/A],modelled_thickness,rhoa,sigma
0.0,17.9762,22.328848583264428,0.0447851126882334,8.050014583140658e-05,1.0,18.791607281502127,0.0532152457754036
1.0,17.9762,22.084558918076468,0.0452805058823922,5.280374504988835e-05,1.0,18.579169537253563,0.0538237189770444
2.0,17.9762,21.606767557941765,0.0462817956141912,3.6529916601280135e-05,1.0,18.54275438203065,0.0539294205918553
3.0,17.9762,20.923909785084696,0.0477922152346898,2.3411442973671047e-05,1.0,18.46486209578538,0.0541569167867357
4.0,17.9762,20.077479500830908,0.0498070487363025,1.4272322957686244e-05,1.0,18.175917888839056,0.055017854180231
5.0,17.9762,19.11611241414756,0.0523118915779086,9.404403628574618e-06,1.0,18.017938147756524,0.0555002460214635
6.0,17.9762,18.08965535484173,0.055280212938515,6.579259644662087e-06,1.5,17.92204708411602,0.0557971974577771
7.5,17.9762,17.018941256186444,0.0587580616765156,4.243580436418046e-06,1.5,17.81721160722979,0.0561255050478394
9.0,17.9762,15.98292867604756,0.0625667560851113,2.58707077173546e-06,nan,17.613958045802068,0.0567731566862866
nan,nan,nan,nan,1.701674082992197e-06,nan,17.49925406143049,0.0571452929644621
nan,nan,nan,nan,1.1943538870597125e-06,nan,17.405548708359134,0.0574529431249555
nan,nan,nan,nan,7.71823317800951e-07,nan,17.322466418768535,0.05772849984668
Name:	784.7599703514607_10_80_1
Lambda:	784.7599703514607	Maximal Depth:	10	Filter time:	10 to 80 [us]
Chi2:	0.9453819652596652	RelRMS:	2.9677632668385057	AbsRMS:	1.1700743934016018e-06	Phi model:	0.0144693024078032
depth_vector,start_model,resistivity_model,conductivity_model,E/I[V/A],modelled_thickness,rhoa,sigma
0.0,17.9762,22.08960714453876,0.0452701577468855,8.06884034732737e-05,1.0,18.76236689010269,0.0532981795877527
1.0,17.9762,21.86297555997192,0.0457394281604952,5.2866904671332216e-05,1.0,18.56436901004868,0.0538666301805739
2.0,17.9762,21.41926278617323,0.0466869476313409,3.6534739350850094e-05,1.0,18.541122528259173,0.0539341670643654
3.0,17.9762,20.78403877451785,0.0481138440343002,2.338577703408684e-05,1.0,18.478369775798868,0.0541173281048689
4.0,17.9762,19.994834442641896,0.0500129172296297,1.4240644131418005e-05,1.0,18.202863227935342,0.0549364123367873
5.0,17.9762,19.095901463022845,0.0523672580703452,9.374664939591207e-06,1.0,18.05602284831144,0.0553831820219211
6.0,17.9762,18.1329174896524,0.0551483235155431,6.553132751268189e-06,1.5,17.969651472867135,0.0556493820433817
7.5,17.9762,17.12459386096713,0.0583955455013356,4.222782337642762e-06,1.5,17.87566605373159,0.0559419714484567
9.0,17.9762,16.144875727624374,0.0619391574683334,2.572130058242582e-06,nan,17.68210156265217,0.056554363544217
nan,nan,nan,nan,1.6906242799206709e-06,nan,17.5754205159358,0.0568976428810503
nan,nan,nan,nan,1.1858999081725383e-06,nan,17.48817055752955,0.0571815100218958
nan,nan,nan,nan,7.658386183297535e-07,nan,17.41259437134853,0.0574296959243158
Name:	1000.0_10_80_1
Lambda:	1000.0	Maximal Depth:	10	Filter time:	10.0 to 80.0 [us]
Chi2:	0.9410091643861623	RelRMS:	2.9992552771165624	AbsRMS:	9.33250956590837e-07	Phi model:	0.012049960172492257
depth_vector,start_model,resistivity_model,conductivity_model,E/I[V/A],modelled_thickness,rhoa,sigma
0.0,17.9762,21.839130975518973,0.0457893677693023,8.009687614520321e-05,1.0,18.85462880520493,0.05303737402265614
1.0,17.9762,21.653529287976525,0.04618184808123941,5.23961178909504e-05,1.0,18.67540552329452,0.05354636068023601
2.0,17.9762,21.286972097233445,0.046977089810249,3.615617405128447e-05,1.0,18.670318235714984,0.05356095099049096
3.0,17.9762,20.753507224953662,0.04818462677949764,2.3104631999582413e-05,1.0,18.627968134127535,0.05368272013349331
4.0,17.9762,20.07531342443062,0.04981242279301361,1.4048349685106763e-05,1.0,18.368594310480546,0.05444074723940259
5.0,17.9762,19.280969764192065,0.05186461118035487,9.236469522025286e-06,1.0,18.23567867268559,0.054837553235562074
6.0,17.9762,18.403349327190615,0.054337935025909556,6.449558420142291e-06,1.5,18.161524901210434,0.05506145576648973
7.5,17.9762,17.44356287545064,0.05732773786755223,4.150913850279017e-06,1.5,18.081406794719193,0.05530543122850692
9.0,17.9762,16.474263010007782,0.06070074269134347,2.5254651623095243e-06,nan,17.899253102937323,0.055868252951621594
nan,nan,nan,nan,1.6583921975938989e-06,nan,17.802416696247437,0.05617214881903026
nan,nan,nan,nan,1.1623972285123147e-06,nan,17.72311382082775,0.05642349364279462
nan,nan,nan,nan,7.499972113492192e-07,nan,17.656931237500224,0.05663498297349516
