Name:	10.0_10_80_1
Lambda:	10	Maximal Depth:	10	Filter time:	10 to 80 [us]
Chi2:	0.7732685040933452	RelRMS:	2.338509251564681	AbsRMS:	8.074406072388452e-07	Phi model:	0.1436244184878336
depth_vector,start_model,resistivity_model,conductivity_model,E/I[V/A],modelled_thickness,rhoa,sigma
0.0,17.743,16.732814080510582,0.0597628106777772,8.060976992597276e-05,1.0,18.4437263386959,0.0542189784014496
1.0,17.743,17.444813713248575,0.0573236273220013,5.276629020128675e-05,1.0,18.26040863127392,0.0547632870760261
2.0,17.743,18.83247278070235,0.0530997714237877,3.646906750248927e-05,1.0,18.23625593398708,0.0548358173750068
3.0,17.743,20.604895416613545,0.0485321560619865,2.339131984318336e-05,1.0,18.149881345118352,0.055096778925718
4.0,17.743,22.32553951568553,0.0447917506897164,1.4314461393540782e-05,1.0,17.820567862697022,0.0561149345915768
5.0,17.743,23.396558795062123,0.0427413282764921,9.466871819831516e-06,1.0,17.622479703344244,0.0567457030357781
6.0,17.743,23.20519304592841,0.0430938022373168,6.643637999466116e-06,1.5,17.492306393653703,0.0571679901721139
7.5,17.743,20.340376322156384,0.0491632988574906,4.303898992579393e-06,1.5,17.339320268316023,0.0576723876441275
9.0,17.743,14.78214556803468,0.0676491782195967,2.6382834418759487e-06,nan,17.078915151464553,0.0585517283229929
nan,nan,nan,nan,1.7433441057244742e-06,nan,16.91584898107046,0.0591161579367988
nan,nan,nan,nan,1.2280270633345894e-06,nan,16.784813890359295,0.0595776638652139
nan,nan,nan,nan,7.971327953659249e-07,nan,16.65507623877083,0.0600417545776302
Name:	12.742749857031335_10_80_1
Lambda:	12.742749857031336	Maximal Depth:	10	Filter time:	10 to 80 [us]
Chi2:	0.8128070701678624	RelRMS:	2.3947268924735496	AbsRMS:	8.400154403015955e-07	Phi model:	0.1014739573865421
depth_vector,start_model,resistivity_model,conductivity_model,E/I[V/A],modelled_thickness,rhoa,sigma
0.0,17.743,17.675312345942537,0.056576086488766,8.049487593735412e-05,1.0,18.46127254455195,0.0541674468857298
1.0,17.743,18.21318373116274,0.0549052826106948,5.274725856530574e-05,1.0,18.26480070224793,0.0547501183452237
2.0,17.743,19.22215274591318,0.052023309419004,3.6485428829046905e-05,1.0,18.23080368172456,0.0548522170200564
3.0,17.743,20.497501310412822,0.048786434251476,2.3415145389601287e-05,1.0,18.13756725804702,0.0551341856254914
4.0,17.743,21.69053891534427,0.0461030499934965,1.432812505556004e-05,1.0,17.80923663212279,0.0561506380456692
5.0,17.743,22.342717301682885,0.0447573133785602,9.474598595910049e-06,1.0,17.61289734706724,0.0567765757271339
6.0,17.743,21.99870809505104,0.0454572148364006,6.64835370675908e-06,1.5,17.484033834246816,0.057195039170037
7.5,17.743,19.548577468077603,0.0511546173440485,4.305796610167656e-06,1.5,17.33422545940537,0.0576893384905992
9.0,17.743,14.857897197750107,0.067304275072749,2.63810916545374e-06,nan,17.079667311255474,0.0585491498034626
nan,nan,nan,nan,1.742482409541412e-06,nan,16.921425363094418,0.0590966764644423
nan,nan,nan,nan,1.2270234527538432e-06,nan,16.79396509891332,0.0595451993683556
nan,nan,nan,nan,7.961415664937945e-07,nan,16.66889753998629,0.0599919699308933
Name:	16.237767391887218_10_80_1
Lambda:	16.237767391887218	Maximal Depth:	10	Filter time:	10 to 80 [us]
Chi2:	0.8460784533531526	RelRMS:	2.440794152071087	AbsRMS:	8.667390864984531e-07	Phi model:	0.074138788947565
depth_vector,start_model,resistivity_model,conductivity_model,E/I[V/A],modelled_thickness,rhoa,sigma
0.0,17.743,18.479266029874783,0.0541147033861266,8.040105857748187e-05,1.0,18.475630988929893,0.0541253503384633
1.0,17.743,18.87041314762438,0.0529930103902304,5.2731054476421055e-05,1.0,18.26854232156365,0.0547389048561159
2.0,17.743,19.591034319048923,0.0510437572470418,3.6498056278003655e-05,1.0,18.22659849304903,0.0548648723666878
3.0,17.743,20.475063809347617,0.0488398966328721,2.3434117584772864e-05,1.0,18.12777652129744,0.055163963369978
4.0,17.743,21.249027006275785,0.0470609783546632,1.433915141817317e-05,1.0,17.800105627966847,0.056179441903358
5.0,17.743,21.566473968866603,0.0463682659225426,9.480907591359937e-06,1.0,17.605082904145938,0.0568017773869445
6.0,17.743,21.085556658070285,0.0474258287896449,6.652240639814984e-06,1.5,17.47722250629388,0.0572173295636581
7.5,17.743,18.923478949584915,0.0528444057598581,4.307403372987648e-06,1.5,17.329914475357473,0.0577036892722098
9.0,17.743,14.918845129913278,0.0670293170343952,2.638030025383912e-06,nan,17.080008899307263,0.0585479788620343
nan,nan,nan,nan,1.7418345380724657e-06,nan,16.925621027291935,0.0590820270870733
nan,nan,nan,nan,1.226250055193732e-06,nan,16.80102567445048,0.0595201756950298
nan,nan,nan,nan,7.953678618233935e-07,nan,16.679705716074025,0.0599530961170563
Name:	20.6913808111479_10_80_1
Lambda:	20.6913808111479	Maximal Depth:	10	Filter time:	10 to 80 [us]
Chi2:	0.8757395064626617	RelRMS:	2.481642191410888	AbsRMS:	8.859565340653204e-07	Phi model:	0.055324856281813
depth_vector,start_model,resistivity_model,conductivity_model,E/I[V/A],modelled_thickness,rhoa,sigma
0.0,17.743,19.199534564303764,0.0520845959390715,8.033442057221412e-05,1.0,18.485846693373507,0.0540954394238519
1.0,17.743,19.462336798319296,0.0513812914842968,5.272400845381409e-05,1.0,18.27016988743745,0.0547340285372824
2.0,17.743,19.93631594359431,0.0501597187178059,3.6512267208082055e-05,1.0,18.2218688730893,0.0548791129474559
3.0,17.743,20.486922481198075,0.048811626095513,2.3451634421462328e-05,1.0,18.11874855509495,0.0551914497272938
4.0,17.743,20.90714253779323,0.0478305439489078,1.434892573554401e-05,1.0,17.792021229944933,0.0562049689057781
5.0,17.743,20.94452842779527,0.0477451666408927,9.486275463777224e-06,1.0,17.598440975045694,0.0568232152733292
6.0,17.743,20.341785780088653,0.0491598923914949,6.655382374689192e-06,1.5,17.471721883659757,0.0572353432969442
7.5,17.743,18.405303330657684,0.0543321662259323,4.308538472843684e-06,1.5,17.326870589765825,0.0577138263265296
9.0,17.743,14.974955171344485,0.0667781631769798,2.6377477688185297e-06,nan,17.081227327323976,0.0585438025521942
nan,nan,nan,nan,1.7411010140101307e-06,nan,16.930374524684062,0.0590654387793976
nan,nan,nan,nan,1.2254401315060384e-06,nan,16.80842766814185,0.0594939645601335
nan,nan,nan,nan,7.945934302762996e-07,nan,16.690541608128328,0.0599141731573886
Name:	26.366508987303583_10_80_1
Lambda:	26.366508987303583	Maximal Depth:	10	Filter time:	10 to 80 [us]
Chi2:	0.8991197088676595	RelRMS:	2.5134770664564825	AbsRMS:	9.052145026385712e-07	Phi model:	0.0438476039166085
depth_vector,start_model,resistivity_model,conductivity_model,E/I[V/A],modelled_thickness,rhoa,sigma
0.0,17.743,19.78170902701289,0.0505517495295503,8.026660629244508e-05,1.0,18.496257232142867,0.0540649920386161
1.0,17.743,19.944299588136467,0.0501396399297387,5.270868009527159e-05,1.0,18.27371184854828,0.0547234195377466
2.0,17.743,20.22632630579566,0.0494405155380816,3.651699366678368e-05,1.0,18.220296513482864,0.0548838488583327
3.0,17.743,20.523564651040363,0.0487244792511864,2.3461657575688465e-05,1.0,18.11358779598909,0.0552071743744456
4.0,17.743,20.67829473225752,0.0483598871641978,1.4354671421852588e-05,1.0,17.7872732195502,0.0562199718673511
5.0,17.743,20.500292303555547,0.0487797922679649,9.489414355469974e-06,1.0,17.594559973619386,0.056835749316798
6.0,17.743,19.79688041462841,0.0505130090729383,6.65720743797248e-06,1.5,17.46852850710336,0.0572458063421519
7.5,17.743,18.014536137362747,0.055510727135847,4.309105560476551e-06,1.5,17.325350387267537,0.0577188903916715
9.0,17.743,15.017133196156596,0.0665906060056745,2.637388701682006e-06,nan,17.082777640636902,0.0585384895265028
nan,nan,nan,nan,1.7404671397857971e-06,nan,16.934484944799728,0.0590511021303356
nan,nan,nan,nan,1.2247815319919037e-06,nan,16.81445270478883,0.0594726463927782
nan,nan,nan,nan,7.939848057037993e-07,nan,16.699069879135912,0.0598835747881632
Name:	33.59818286283781_10_80_1
Lambda:	33.59818286283781	Maximal Depth:	10	Filter time:	10 to 80 [us]
Chi2:	0.918691543008557	RelRMS:	2.5401430267958967	AbsRMS:	9.192019260876968e-07	Phi model:	0.0363265793872559
depth_vector,start_model,resistivity_model,conductivity_model,E/I[V/A],modelled_thickness,rhoa,sigma
0.0,17.743,20.26621170856896,0.0493432129487318,8.021763050720018e-05,1.0,18.503784892115448,0.0540429974640542
1.0,17.743,20.3471377925658,0.0491469616117392,5.26991770062596e-05,1.0,18.275908612664804,0.0547168417830138
2.0,17.743,20.474250731644027,0.0488418361730057,3.652220968752899e-05,1.0,18.21856168404201,0.0548890750731392
3.0,17.743,20.5670832447677,0.0486213814617783,2.34702148383506e-05,1.0,18.1091847075032,0.0552205975118067
4.0,17.743,20.507973100668305,0.0487615229009351,1.435935042266515e-05,1.0,17.783409015670962,0.0562321880534147
5.0,17.743,20.1559979649561,0.0496130234652054,9.49183368183998e-06,1.0,17.591570119897003,0.0568454090899451
6.0,17.743,19.36777182677605,0.0516321654831504,6.658511495270119e-06,1.5,17.46624764641064,0.0572532818865363
7.5,17.743,17.70220890675277,0.0564901253435403,4.309385947696779e-06,1.5,17.324598871146936,0.0577213941539182
9.0,17.743,15.053649806345836,0.0664290728736397,2.636949778781811e-06,nan,17.084673218214768,0.0585319945677306
nan,nan,nan,nan,1.739834735038085e-06,nan,16.938588323042122,0.0590367969826427
nan,nan,nan,nan,1.2241520186480923e-06,nan,16.820216703151996,0.0594522661418866
nan,nan,nan,nan,7.934203191374702e-07,nan,16.70698941685739,0.0598551884513075
Name:	42.81332398719393_10_80_1
Lambda:	42.81332398719393	Maximal Depth:	10	Filter time:	10 to 80 [us]
Chi2:	0.9350278306682842	RelRMS:	2.5625740582211565	AbsRMS:	9.278952791063784e-07	Phi model:	0.0314058012148069
depth_vector,start_model,resistivity_model,conductivity_model,E/I[V/A],modelled_thickness,rhoa,sigma
0.0,17.743,20.662385464270614,0.0483971224779055,8.018759651639145e-05,1.0,18.50840495675872,0.0540295072609609
1.0,17.743,20.67677510740932,0.0483634413396342,5.2696363460657694e-05,1.0,18.27655912744248,0.054714894254821
2.0,17.743,20.67986827907453,0.0483562074238101,3.6528905529694014e-05,1.0,18.21633527660113,0.0548957836368163
3.0,17.743,20.60944465955964,0.0485214432760638,2.347807975053707e-05,1.0,18.10514022282853,0.0552329331721558
4.0,17.743,20.378997471703872,0.0490701272910257,1.4363365413784476e-05,1.0,17.780094864052455,0.0562426695496313
5.0,17.743,19.887325432377416,0.0502832823548991,9.493748669949092e-06,1.0,17.589204438268112,0.0568530545829771
6.0,17.743,19.02953015514831,0.0525499049029046,6.659417719915263e-06,1.5,17.464663053106932,0.0572584765568724
7.5,17.743,17.453893810816016,0.0572938056595892,4.309428220232179e-06,1.5,17.32448557600599,0.0577217716285311
9.0,17.743,15.085978310922648,0.0662867186595365,2.6364315005254304e-06,nan,17.086912185181664,0.0585243248845881
nan,nan,nan,nan,1.7391880537549308e-06,nan,16.942786906510108,0.0590221671037932
nan,nan,nan,nan,1.223531900953487e-06,nan,16.82589950451264,0.0594321866555665
nan,nan,nan,nan,7.928800299692433e-07,nan,16.714578274544152,0.0598280126231466
Name:	54.5559478116852_10_80_1
Lambda:	54.5559478116852	Maximal Depth:	10	Filter time:	10 to 80 [us]
Chi2:	0.9487378284841802	RelRMS:	2.5817207043752943	AbsRMS:	9.31314566623806e-07	Phi model:	0.0281647613671083
depth_vector,start_model,resistivity_model,conductivity_model,E/I[V/A],modelled_thickness,rhoa,sigma
0.0,17.743,20.98031772733189,0.047663720492529,8.017649410160914e-05,1.0,18.51011354769427,0.054024520023788
1.0,17.743,20.941220496237136,0.0477527085959334,5.2700872320822544e-05,1.0,18.275516670004578,0.0547180152581562
2.0,17.743,20.844161219411305,0.0479750655098916,3.653782884185572e-05,1.0,18.213369279106704,0.0549047232654059
3.0,17.743,20.64502005949447,0.0484378313568219,2.3485832446989385e-05,1.0,18.10115565382826,0.0552450914805822
4.0,17.743,20.279639797767043,0.0493105405210455,1.436700189078211e-05,1.0,17.777094487013795,0.0562521620577818
5.0,17.743,19.67586868843279,0.050823677258422,9.49529875617336e-06,1.0,17.587290120732757,0.0568592428472622
6.0,17.743,18.76220107717965,0.053298650616014,6.659996220296521e-06,1.5,17.463651695124952,0.0572617925195538
7.5,17.743,17.258123177526905,0.0579437282787606,4.309248044810228e-06,1.5,17.324968479243356,0.0577201627349612
9.0,17.743,15.115554345944288,0.0661570179375071,2.6358165657925705e-06,nan,17.089569660768625,0.0585152241893856
nan,nan,nan,nan,1.7385008561307555e-06,nan,16.947251395154915,0.0590066186358628
nan,nan,nan,nan,1.2228947154742982e-06,nan,16.831743718723136,0.0594115509783831
nan,nan,nan,nan,7.92340167683272e-07,nan,16.7221697496962,0.0598008521004379
Name:	69.51927961775606_10_80_1
Lambda:	69.51927961775606	Maximal Depth:	10	Filter time:	10 to 80 [us]
Chi2:	0.9604816451262508	RelRMS:	2.5985721756515283	AbsRMS:	9.2948452782486e-07	Phi model:	0.0259837823928971
depth_vector,start_model,resistivity_model,conductivity_model,E/I[V/A],modelled_thickness,rhoa,sigma
0.0,17.743,21.2276315672786,0.0471084113567079,8.018436654775682e-05,1.0,18.50890198769477,0.0540280563733509
1.0,17.743,21.14861564239433,0.0472844188437284,5.2713237343696944e-05,1.0,18.27265861475307,0.0547265737889184
2.0,17.743,20.97252802461677,0.0476814239478539,3.654958742877708e-05,1.0,18.209462714795738,0.0549165022418519
3.0,17.743,20.67027252221232,0.0483786558172079,2.3493929588075017e-05,1.0,18.09699639413732,0.0552577885424102
4.0,17.743,20.200122940492864,0.0495046492016845,1.437046908318202e-05,1.0,17.774234961443753,0.0562612119266579
5.0,17.743,19.508576061833367,0.0512595074510026,9.496573450389455e-06,1.0,17.58571629562865,0.0568643314374731
6.0,17.743,18.550499854255897,0.0539069032024265,6.660281673141353e-06,1.5,17.463152708754517,0.0572634286991424
7.5,17.743,17.104693134247785,0.0584634867256259,4.30883898638554e-06,1.5,17.326064955921254,0.0577165099255988
9.0,17.743,15.143779956425544,0.0660337117204147,2.6350758976624464e-06,nan,17.092771872570502,0.0585042617695461
nan,nan,nan,nan,1.7377400686562271e-06,nan,16.952197403755655,0.0589894027412904
nan,nan,nan,nan,1.222209637784953e-06,nan,16.838032860818974,0.0593893602813269
nan,nan,nan,nan,7.917745509248617e-07,nan,16.730132633974748,0.0597723892498764
Name:	88.58667904100822_10_80_1
Lambda:	88.58667904100822	Maximal Depth:	10	Filter time:	10 to 80 [us]
Chi2:	0.9709669597200729	RelRMS:	2.614150873198027	AbsRMS:	9.22378983156789e-07	Phi model:	0.0244528595632495
depth_vector,start_model,resistivity_model,conductivity_model,E/I[V/A],modelled_thickness,rhoa,sigma
0.0,17.743,21.416523630276423,0.0466929188538472,8.02115438127738e-05,1.0,18.50472096236713,0.0540402636729129
1.0,17.743,21.303316373928045,0.0469410481658078,5.273403607715048e-05,1.0,18.26785370858597,0.0547409682578088
2.0,17.743,21.06634651347601,0.047469075824814,3.65647418951412e-05,1.0,18.20443102322144,0.0549316811233708
3.0,17.743,20.685637483078843,0.0483427209249903,2.3502759574065293e-05,1.0,18.092463416305502,0.055271633109882
4.0,17.743,20.13212975624577,0.0496718435708353,1.4373932014872503e-05,1.0,17.771380097366492,0.0562702499480154
5.0,17.743,19.37428326398697,0.0516148126036128,9.497633097969353e-06,1.0,17.584408249855645,0.0568685613863753
6.0,17.743,18.384399898149965,0.0543939429918857,6.660287895856597e-06,1.5,17.463141831522666,0.0572634643666984
7.5,17.743,16.984619199668078,0.058876798369406,4.308182090555666e-06,1.5,17.327826121128165,0.0577106437362434
9.0,17.743,15.171973130752669,0.0659110052055827,2.634174716517107e-06,nan,17.09667007149511,0.0584909222566841
nan,nan,nan,nan,1.7368699410465304e-06,nan,16.957858677261214,0.0589697095035294
nan,nan,nan,nan,1.2214445097024631e-06,nan,16.845063829495498,0.0593645717298507
nan,nan,nan,nan,7.911566454125821e-07,nan,16.738842494455366,0.0597412873877774
Name:	112.88378916846884_10_80_1
Lambda:	112.88378916846884	Maximal Depth:	10	Filter time:	10 to 80 [us]
Chi2:	0.9810102078110462	RelRMS:	2.629621691696774	AbsRMS:	9.096916525034692e-07	Phi model:	0.0232995571857359
depth_vector,start_model,resistivity_model,conductivity_model,E/I[V/A],modelled_thickness,rhoa,sigma
0.0,17.743,21.55168303420832,0.0464000884948396,8.025953985673862e-05,1.0,18.49734288247928,0.0540618188435703
1.0,17.743,21.41334582883164,0.0466998482158527,5.276437160456584e-05,1.0,18.26085128031585,0.0547619595959331
2.0,17.743,21.129522348074,0.0473271465169278,3.65840687980892e-05,1.0,18.19801901076533,0.0549510361214829
3.0,17.743,20.68818292495928,0.0483367729117258,2.351275780273641e-05,1.0,18.08733413257989,0.0552873072764628
4.0,17.743,20.0723389570956,0.0498198043654747,1.437755073524132e-05,1.0,17.768398024627537,0.0562796937919766
5.0,17.743,19.264759084933846,0.0519082535935815,9.498517790441325e-06,1.0,17.58331635773455,0.0568720928211088
6.0,17.743,18.252342750740794,0.0547874874834581,6.6600041628593685e-06,1.5,17.46363781063126,0.0572618380456352
7.5,17.743,16.893092080254167,0.0591957940706941,4.307236219297518e-06,1.5,17.330362827892753,0.0577021964243314
9.0,17.743,15.2015650744918,0.0657827003403747,2.633062513392113e-06,nan,17.101484144178958,0.0584744570453192
nan,nan,nan,nan,1.735843244336808e-06,nan,16.964544711811143,0.0589464684721998
nan,nan,nan,nan,1.2205584072787554e-06,nan,16.85321564281115,0.0593358573932777
nan,nan,nan,nan,7.904538091483614e-07,nan,16.748763312634072,0.0597059007482463
Name:	143.8449888287663_10_80_1
Lambda:	143.8449888287663	Maximal Depth:	10	Filter time:	10 to 80 [us]
Chi2:	0.9916167570988528	RelRMS:	2.6463566987583773	AbsRMS:	8.910845199593657e-07	Phi model:	0.0223416322267972
depth_vector,start_model,resistivity_model,conductivity_model,E/I[V/A],modelled_thickness,rhoa,sigma
0.0,17.743,21.640040065225257,0.0462106353308912,8.033025235693606e-05,1.0,18.48648615625753,0.0540935682177495
1.0,17.743,21.48283871345532,0.0465487831165287,5.280549418065145e-05,1.0,18.25136955551748,0.0547904088489455
2.0,17.743,21.16398311006225,0.0472500849579943,3.660838863480918e-05,1.0,18.18995852911216,0.0549753864693835
3.0,17.743,20.67763321138342,0.0483614342984612,2.3524356875654994e-05,1.0,18.08138813788216,0.0553054882940601
4.0,17.743,20.01615416933572,0.0499596471699831,1.438147777090649e-05,1.0,17.76516329405563,0.0562899413558786
5.0,17.743,19.17337506205813,0.0521556583941699,9.49926034484518e-06,1.0,17.582400023996804,0.0568750567974326
6.0,17.743,18.147463054438507,0.055104121000286,6.6594130282479295e-06,1.5,17.464671255869863,0.057258449663855
7.5,17.743,16.824784138439938,0.0594361265958401,4.305955490010945e-06,1.5,17.333799061444438,0.0576907576034096
9.0,17.743,15.233962078854754,0.0656428048608597,2.6316865233067835e-06,nan,17.107444687555226,0.0584540834860888
nan,nan,nan,nan,1.734611631913621e-06,nan,16.972573895179277,0.0589185827780682
nan,nan,nan,nan,1.2195097899032016e-06,nan,16.862875285393567,0.0593018677464921
nan,nan,nan,nan,7.896331906146294e-07,nan,16.760365295462716,0.0596645706923055
Name:	183.29807108324357_10_80_1
Lambda:	183.2980710832436	Maximal Depth:	10	Filter time:	10 to 80 [us]
Chi2:	1.0048835092369983	RelRMS:	2.6648050632724867	AbsRMS:	8.525902322838615e-07	Phi model:	0.0213713692371509
depth_vector,start_model,resistivity_model,conductivity_model,E/I[V/A],modelled_thickness,rhoa,sigma
0.0,17.743,21.676982031264057,0.0461318830526191,8.04822207321903e-05,1.0,18.46320775514593,0.0541617693556682
1.0,17.743,21.50554743375239,0.0464996300643119,5.289437090682149e-05,1.0,18.2309190292754,0.0548518699684963
2.0,17.743,21.1604600914556,0.0472579516550205,3.666228604046736e-05,1.0,18.17212672701041,0.0550293322857822
3.0,17.743,20.64092011738607,0.0484474526480866,2.355249633623549e-05,1.0,18.06698338376368,0.055349583201514
4.0,17.743,19.94690571374799,0.0501330890289801,1.439428246225132e-05,1.0,17.754626185648803,0.0563233486046756
5.0,17.743,19.081223545635343,0.0524075407223422,9.50520047065339e-06,1.0,17.575074030912308,0.0568987645936015
6.0,17.743,18.051159315071068,0.055398103941451,6.662065877271e-06,1.5,17.460034634904034,0.0572736550018588
7.5,17.743,16.766962335965513,0.0596410953852372,4.306487155843725e-06,1.5,17.33237237994191,0.0576955063091802
9.0,17.743,15.2685135679716,0.0654942601680412,2.6312665311518755e-06,nan,17.109265053362055,0.0584478641765792
nan,nan,nan,nan,1.7339287660717195e-06,nan,16.97702976079595,0.0589031187486777
nan,nan,nan,nan,1.2188000470959152e-06,nan,16.869421146185587,0.0592788567748878
nan,nan,nan,nan,7.88997710078253e-07,nan,16.769363595077895,0.0596325551849515
Name:	233.57214690901213_10_80_1
Lambda:	233.57214690901213	Maximal Depth:	10	Filter time:	10 to 80 [us]
Chi2:	1.0213567885750157	RelRMS:	2.690288570149293	AbsRMS:	8.212911860627496e-07	Phi model:	0.0204746622760393
depth_vector,start_model,resistivity_model,conductivity_model,E/I[V/A],modelled_thickness,rhoa,sigma
0.0,17.743,21.682032053824624,0.0461211383470676,8.060744345660534e-05,1.0,18.44408121541785,0.0542179351912675
1.0,17.743,21.50172274109614,0.0465079013454445,5.296211968731941e-05,1.0,18.2153684682906,0.0548986973137987
2.0,17.743,21.14046982629184,0.0473026384094986,3.669940486136933e-05,1.0,18.15987145698269,0.0550664690754453
3.0,17.743,20.601012578351224,0.0485413033071422,2.356846873871933e-05,1.0,18.058819772238607,0.0553746043546697
4.0,17.743,19.88862376558948,0.0502799998524865,1.4399064109148095e-05,1.0,17.750695325884127,0.0563358213095909
5.0,17.743,19.01232107261785,0.0525974706707552,9.505539109902424e-06,1.0,17.574656614979595,0.0569001159970123
6.0,17.743,17.98564273338971,0.0555999034798759,6.660610724529129e-06,1.5,17.46257755409419,0.05726531475106
7.5,17.743,16.73612602377121,0.0597509841034685,4.304243438029824e-06,1.5,17.338395207620923,0.0576754646566401
9.0,17.743,15.311542604821929,0.0653102058890577,2.6290978671773928e-06,nan,17.11867237340477,0.0584157449939622
nan,nan,nan,nan,1.7320658118596513e-06,nan,16.98920087732022,0.0588609203705957
nan,nan,nan,nan,1.2172443944538238e-06,nan,16.883790965463202,0.0592284044528601
nan,nan,nan,nan,7.878034190987534e-07,nan,16.78630728296878,0.0595723635426708
Name:	297.63514416313194_10_80_1
Lambda:	297.63514416313194	Maximal Depth:	10	Filter time:	10 to 80 [us]
Chi2:	1.0439466616698443	RelRMS:	2.724000183833479	AbsRMS:	7.835374315811933e-07	Phi model:	0.019508649147007
depth_vector,start_model,resistivity_model,conductivity_model,E/I[V/A],modelled_thickness,rhoa,sigma
0.0,17.743,21.65136887098626,0.0461864561986213,8.076394356025324e-05,1.0,18.42024686957452,0.0542880889208787
1.0,17.743,21.465944518007035,0.0465854180868274,5.304549328053053e-05,1.0,18.19627694598907,0.0549562969924144
2.0,17.743,21.09564503548625,0.0474031487692289,3.674426608245776e-05,1.0,18.14508747463868,0.0551113353075699
3.0,17.743,20.54582338552628,0.0486716925983341,2.35872411147482e-05,1.0,18.04923685303129,0.0554040045095897
4.0,17.743,19.825643354467456,0.0504397250631799,1.4404452489500336e-05,1.0,17.746268293698286,0.0563498749962605
5.0,17.743,18.94865056479784,0.0527742066159458,9.50568061970814e-06,1.0,17.574482193493242,0.0569006807136678
6.0,17.743,17.932893035489535,0.0557634508844156,6.658659128862485e-06,1.5,17.46598947487149,0.0572541281694181
7.5,17.743,16.71956108013275,0.0598101825285511,4.301421985937731e-06,1.5,17.345976282771716,0.0576502575408923
9.0,17.743,15.36203743092328,0.0650955320540381,2.6264382145886907e-06,nan,17.130227195761268,0.0583763419230914
nan,nan,nan,nan,1.7298052943912637e-06,nan,17.003998699106535,0.058809696336459
nan,nan,nan,nan,1.2153667289828357e-06,nan,16.90117609057081,0.0591674800996778
nan,nan,nan,nan,7.863695095435033e-07,nan,16.80670713904319,0.0595000550510532
Name:	379.26901907322497_10_80_1
Lambda:	379.26901907322497	Maximal Depth:	10	Filter time:	10 to 80 [us]
Chi2:	1.0758664196580363	RelRMS:	2.7695780521124265	AbsRMS:	7.396726306855939e-07	Phi model:	0.0184359299184599
depth_vector,start_model,resistivity_model,conductivity_model,E/I[V/A],modelled_thickness,rhoa,sigma
0.0,17.743,21.58644079588825,0.0463253766313564,8.095583692083561e-05,1.0,18.39112711653572,0.0543740464444338
1.0,17.743,21.399204994940305,0.0467307079976309,5.314672189268284e-05,1.0,18.173163960784017,0.055026191485308
2.0,17.743,21.026132196586783,0.0475598645842401,3.679809132287616e-05,1.0,18.12738905763135,0.05516514247147
3.0,17.743,20.47442204350545,0.0488414275077035,2.360933527223982e-05,1.0,18.03797450274346,0.0554385970469082
4.0,17.743,19.75597600021941,0.050617595404494,1.441059728399796e-05,1.0,17.74122316749246,0.0563658993835507
5.0,17.743,18.88748971236198,0.0529450983285245,9.505628334152976e-06,1.0,17.574546638871183,0.0569004720604406
6.0,17.743,17.890094857891963,0.0558968528643024,6.656156467145942e-06,1.5,17.470367249009875,0.0572397812677163
7.5,17.743,16.715795112622715,0.0598236574008294,4.297943652310989e-06,1.5,17.355333774351003,0.057619174197495
9.0,17.743,15.421605974741656,0.0648440896258051,2.623212377726628e-06,nan,17.144267995341213,0.0583285329109262
nan,nan,nan,nan,1.7270831581646004e-06,nan,17.02186120519083,0.0587479822532596
nan,nan,nan,nan,1.2131138574183731e-06,nan,16.922094381850037,0.0590943400642275
nan,nan,nan,nan,7.846553579627078e-07,nan,16.831175430830054,0.0594135569502933
Name:	483.2930238571752_10_80_1
Lambda:	483.2930238571752	Maximal Depth:	10	Filter time:	10 to 80 [us]
Chi2:	1.1213402862383786	RelRMS:	2.8314471671240944	AbsRMS:	6.910536011264946e-07	Phi model:	0.0172347767718114
depth_vector,start_model,resistivity_model,conductivity_model,E/I[V/A],modelled_thickness,rhoa,sigma
0.0,17.743,21.488267904587488,0.0465370221760178,8.118717001990971e-05,1.0,18.356174964778283,0.0544775805372739
1.0,17.743,21.302170962505897,0.046943572172062,5.326796901046909e-05,1.0,18.14557664402524,0.0551098496133639
2.0,17.743,20.931947031306056,0.0477738644429201,3.686204750148521e-05,1.0,18.10641547060857,0.0552290430772043
3.0,17.743,20.386004519873183,0.04905326097741,2.363523813469499e-05,1.0,18.024793038827504,0.05547913908614
4.0,17.743,19.678028422507133,0.0508180991778744,1.4417633518627626e-05,1.0,17.73545053430502,0.0563842456703164
5.0,17.743,18.826726125868248,0.0531159795555735,9.50538050093446e-06,1.0,17.57485211761418,0.0568994830401879
6.0,17.743,17.85513200827719,0.0560063067322283,6.6530474334977455e-06,1.5,17.475809539994962,0.057221955738955
7.5,17.743,16.7238487543936,0.0597948483441818,4.29373159233129e-06,1.5,17.366682063298867,0.0575815228467449
9.0,17.743,15.491792209603087,0.0645503106722615,2.619348775701478e-06,nan,17.16112265680013,0.0582712460017146
nan,nan,nan,nan,1.7238389881902494e-06,nan,17.043210648746754,0.0586743906772949
nan,nan,nan,nan,1.2104358637456946e-06,nan,16.947044385016397,0.0590073394086429
nan,nan,nan,nan,7.826230506370143e-07,nan,16.860300847645693,0.0593109226837809
Name:	615.8482110660261_10_80_1
Lambda:	615.8482110660261	Maximal Depth:	10	Filter time:	10 to 80 [us]
Chi2:	1.1856344878369167	RelRMS:	2.9146012276097832	AbsRMS:	6.409962538654883e-07	Phi model:	0.0158999164267215
depth_vector,start_model,resistivity_model,conductivity_model,E/I[V/A],modelled_thickness,rhoa,sigma
0.0,17.743,21.35817942425773,0.0468204700473787,8.146022044094293e-05,1.0,18.31513271913456,0.0545996589451552
1.0,17.743,21.17588144061838,0.0472235360215918,5.341032656947264e-05,1.0,18.11331935057365,0.0552079925631261
2.0,17.743,20.813593847970896,0.0480455229070153,3.693662207613742e-05,1.0,18.08203617926643,0.0553035062028378
3.0,17.743,20.280398546997016,0.0493086956690046,2.366505284782828e-05,1.0,18.009650684037908,0.0555257854549232
4.0,17.743,19.59096677787125,0.0510439332238334,1.4425497057813085e-05,1.0,17.729004721342303,0.0564047455408589
5.0,17.743,18.7650675891393,0.0532905088270916,9.504824282851984e-06,1.0,17.575537759271064,0.0568972633268362
6.0,17.743,17.826651720904625,0.0560957837543512,6.649211268588714e-06,1.5,17.48253050182133,0.0571999574029526
7.5,17.743,16.743186194805492,0.0597257886500865,4.288676423291889e-06,1.5,17.38032640898883,0.0575363187358101
9.0,17.743,15.573992329529242,0.064209611693717,2.614762150949955e-06,nan,17.18118531938593,0.0582032020149201
nan,nan,nan,nan,1.7200067774132125e-06,nan,17.06851634218197,0.0585874003312559
nan,nan,nan,nan,1.207280858490439e-06,nan,16.97655685103981,0.0589047595913861
nan,nan,nan,nan,7.802349085677049e-07,nan,16.89468731322645,0.0591902046755919
Name:	784.7599703514607_10_80_1
Lambda:	784.7599703514607	Maximal Depth:	10	Filter time:	10 to 80 [us]
Chi2:	1.2752090314399664	RelRMS:	3.0242685968743355	AbsRMS:	5.952491076978534e-07	Phi model:	0.0144380935062704
depth_vector,start_model,resistivity_model,conductivity_model,E/I[V/A],modelled_thickness,rhoa,sigma
0.0,17.743,21.19739317994689,0.0471756121854652,8.177819893560642e-05,1.0,18.267625363272057,0.0547416525199026
1.0,17.743,21.021294226945304,0.0475708103033061,5.3575544638797374e-05,1.0,18.076061208234623,0.0553217865595877
2.0,17.743,20.67155355738592,0.0483756577474411,3.702279115663031e-05,1.0,18.05396846897457,0.0553894841302333
3.0,17.743,20.157484862553197,0.0496093638079675,2.369922511742987e-05,1.0,17.992334263206956,0.055579225317358
4.0,17.743,19.49408718707976,0.0512976058023777,1.4434353798834216e-05,1.0,17.72175178076919,0.0564278301812777
5.0,17.743,18.70140398063389,0.053471921200972,9.50401093253551e-06,1.0,17.576540484360034,0.0568940173915236
6.0,17.743,17.803479614531195,0.0561687951822519,6.6446497003685374e-06,1.5,17.49053078650341,0.0571737937634031
7.5,17.743,16.77329826808741,0.0596185666061029,4.282753967459626e-06,1.5,17.39634577517189,0.0574833366112556
9.0,17.743,15.669278112609366,0.0638191493451942,2.609423262394165e-06,nan,17.204612509590913,0.058123947833323
nan,nan,nan,nan,1.7155596358542689e-06,nan,17.09800073512496,0.0584863701605573
nan,nan,nan,nan,1.2036257158576518e-06,nan,17.01090882163895,0.0587858068304932
nan,nan,nan,nan,7.774728642466693e-07,nan,16.934676952484764,0.0590504326008577
Name:	1000.0_10_80_1
Lambda:	1000.0	Maximal Depth:	10	Filter time:	10.0 to 80.0 [us]
Chi2:	1.3972427354453518	RelRMS:	3.165073671382543	AbsRMS:	5.634349792176074e-07	Phi model:	0.01287299458665918
depth_vector,start_model,resistivity_model,conductivity_model,E/I[V/A],modelled_thickness,rhoa,sigma
0.0,17.743,21.008221435382985,0.0476004122041362,8.214150732556181e-05,1.0,18.213720958670503,0.05490366313775975
1.0,17.743,20.84045810466946,0.04798359013883397,5.3763782466714116e-05,1.0,18.033844596117405,0.0554512929658546
2.0,17.743,20.507385279280218,0.048762920595750305,3.712059616397278e-05,1.0,18.022242239410062,0.05548699139185102
3.0,17.743,20.018186655646243,0.04995457466762827,2.373772900658486e-05,1.0,17.972872635531637,0.05563940836163501
4.0,17.743,19.38764822525302,0.05157923170369207,1.4444157899584456e-05,1.0,17.713731675463173,0.05645337856083633
5.0,17.743,18.635438857838018,0.05366119937547929,9.502894854187215e-06,1.0,17.57791665534845,0.05688956317219362
6.0,17.743,17.785014810717918,0.056227110893231444,6.639322482120692e-06,1.5,17.499885497936653,0.05714323102959196
7.5,17.743,16.813823590017936,0.05947487165225654,4.2759325754976845e-06,1.5,17.414842444121163,0.057422282355335134
9.0,17.743,15.778259243107584,0.06337834767398881,2.6033100505500555e-06,nan,17.231535751889574,0.058033132646946
nan,nan,nan,nan,1.7104818073560087e-06,nan,17.131822712389383,0.05837090523221563
nan,nan,nan,nan,1.1994587955048954e-06,nan,17.05028331529775,0.05865005182070999
nan,nan,nan,nan,7.74329058019968e-07,nan,16.980482958357307,0.05889114004898363
