Name:	10.0_10_80_1
Lambda:	10	Maximal Depth:	10	Filter time:	10 to 80 [us]
Chi2:	0.9299660687958812	RelRMS:	2.511913440163563	AbsRMS:	8.10822840349208e-07	Phi model:	0.0214006809470315
depth_vector,start_model,resistivity_model,conductivity_model,E/I[V/A],modelled_thickness,rhoa,sigma
0.0,15.3826,12.586114539174265,0.0794526378166591,0.0001279080192559,1.0,13.80055408253206,0.0724608587466601
1.0,15.3826,12.753389434895048,0.0784105280486347,8.066223629754869e-05,1.0,14.007348777001647,0.0713910973389823
2.0,15.3826,13.091019412460756,0.0763882451391176,5.37288943809076e-05,1.0,14.337323907752168,0.0697480231620701
3.0,15.3826,13.603677222238463,0.0735095359632071,3.291747564299497e-05,1.0,14.712297836086922,0.0679703477418163
4.0,15.3826,14.291759323183085,0.0699703918451712,1.9242476552197186e-05,1.0,14.89311298923233,0.0671451294785043
5.0,15.3826,15.150153111994465,0.0660059335775487,1.2230406307264883e-05,1.0,15.122793036635802,0.0661253511555335
6.0,15.3826,16.164760956626466,0.0618629624454834,8.290160081291319e-06,1.5,15.362563344552102,0.0650933036090374
7.5,15.3826,17.3182218394177,0.0577426487125784,5.153501347577888e-06,1.5,15.652838379592565,0.0638861767910255
9.0,15.3826,18.488868878261226,0.0540865969997643,3.0347077760915937e-06,nan,15.836209756484104,0.0631464230000207
nan,nan,nan,nan,1.93925112087938e-06,nan,16.039140510088803,0.0623474804881838
nan,nan,nan,nan,1.3290268348400808e-06,nan,16.208913469117228,0.0616944499028448
nan,nan,nan,nan,8.353906402282866e-07,nan,16.432182691234967,0.0608561880542751
Name:	12.742749857031335_10_80_1
Lambda:	12.742749857031336	Maximal Depth:	10	Filter time:	10 to 80 [us]
Chi2:	0.923750249761816	RelRMS:	2.50411067991309	AbsRMS:	7.990148343387202e-07	Phi model:	0.021341887253085
depth_vector,start_model,resistivity_model,conductivity_model,E/I[V/A],modelled_thickness,rhoa,sigma
0.0,15.3826,12.597378883882062,0.0793815927279497,0.0001278683291376,1.0,13.803409714292714,0.0724458681368091
1.0,15.3826,12.763603377716498,0.078347780826993,8.064168916851631e-05,1.0,14.009728014382302,0.0713789731658891
2.0,15.3826,13.099272974066258,0.0763401145987097,5.37179301784754e-05,1.0,14.339274739614238,0.0697385340722541
3.0,15.3826,13.608395331986529,0.0734840497798811,3.2912491349393524e-05,1.0,14.713783159910106,0.0679634862857466
4.0,15.3826,14.291061376161156,0.0699738090599831,1.924021322750873e-05,1.0,14.894280935036925,0.0671398642446461
5.0,15.3826,15.142347268507162,0.0660399594770743,1.2229292959267074e-05,1.0,15.123710869795048,0.0661213381166385
6.0,15.3826,16.149368475328895,0.0619219260200596,8.289601976749686e-06,1.5,15.36325286862438,0.0650903821313942
7.5,15.3826,17.3009660362394,0.0578002406284917,5.153273898181103e-06,1.5,15.653298954433426,0.0638842970361064
9.0,15.3826,18.48866440286878,0.0540871951705086,3.034612990061944e-06,nan,15.836539517069358,0.0631451081167166
nan,nan,nan,nan,1.939210354440738e-06,nan,16.039365294486252,0.0623466067166487
nan,nan,nan,nan,1.3290114095174682e-06,nan,16.20903888927741,0.0616939725316791
nan,nan,nan,nan,8.353883720576109e-07,nan,16.43221243466872,0.0608560779003926
Name:	16.237767391887218_10_80_1
Lambda:	16.237767391887218	Maximal Depth:	10	Filter time:	10 to 80 [us]
Chi2:	0.9175988583823306	RelRMS:	2.4966018762944406	AbsRMS:	7.862777208026068e-07	Phi model:	0.0212760807786752
depth_vector,start_model,resistivity_model,conductivity_model,E/I[V/A],modelled_thickness,rhoa,sigma
0.0,15.3826,12.608755139845623,0.0793099706441157,0.0001278255055911,1.0,13.806492447813266,0.0724296923190208
1.0,15.3826,12.773870297541327,0.0782848092791795,8.061932002444917e-05,1.0,14.012319379443534,0.0713657727119057
2.0,15.3826,13.107454814939274,0.0762924621231763,5.370588051049368e-05,1.0,14.341419471099202,0.0697281048096527
3.0,15.3826,13.613021405407016,0.0734590779092439,3.290697176959811e-05,1.0,14.71542843699826,0.0679558875422036
4.0,15.3826,14.290501082040764,0.0699765525546704,1.923774290797756e-05,1.0,14.89555595799127,0.0671341172373974
5.0,15.3826,15.135233849044337,0.0660709976452158,1.222811168435382e-05,1.0,15.124684853518184,0.0661170801034831
6.0,15.3826,16.13545893882417,0.0619753056787161,8.289036769822115e-06,1.5,15.363951246374208,0.0650874234084798
7.5,15.3826,17.285355693391026,0.0578524398188893,5.153073575606576e-06,1.5,15.653704626735504,0.0638826414478311
9.0,15.3826,18.48723013811863,0.0540913913295269,3.034554692092015e-06,nan,15.8367423442257,0.0631442993934048
nan,nan,nan,nan,1.939204169504873e-06,nan,16.039399398645916,0.0623464741506731
nan,nan,nan,nan,1.329026036918458e-06,nan,16.208919956796112,0.0616944252094179
nan,nan,nan,nan,8.354098602419886e-07,nan,16.43193065687232,0.0608571214717103
Name:	20.6913808111479_10_80_1
Lambda:	20.6913808111479	Maximal Depth:	10	Filter time:	10 to 80 [us]
Chi2:	0.9114664540049916	RelRMS:	2.4893712580407867	AbsRMS:	7.723386299944543e-07	Phi model:	0.0211997993173283
depth_vector,start_model,resistivity_model,conductivity_model,E/I[V/A],modelled_thickness,rhoa,sigma
0.0,15.3826,12.62019238507978,0.0792380947522044,0.0001277785945641,1.0,13.809871402479052,0.072411970456183
1.0,15.3826,12.784199862555132,0.0782215555725936,8.059460260081221e-05,1.0,14.015184176191465,0.0713511850738834
2.0,15.3826,13.115677890389334,0.0762446293937091,5.369244656128123e-05,1.0,14.343811537767548,0.069716476500474
3.0,15.3826,13.617775693158364,0.0734334316067788,3.290077498030044e-05,1.0,14.717276124926997,0.0679473559856824
4.0,15.3826,14.29035017223985,0.0699772915251986,1.923500772041317e-05,1.0,14.89696800746884,0.0671277537481877
5.0,15.3826,15.129030061609626,0.066098090619671,1.222683985821893e-05,1.0,15.125733673776567,0.0661124955369071
6.0,15.3826,16.123053260360834,0.0620229917901803,8.28845764326838e-06,1.5,15.364666905741135,0.0650843917499013
7.5,15.3826,17.27112962497537,0.0579000923340835,5.152902559678079e-06,1.5,15.654050971084494,0.0638812280506277
9.0,15.3826,18.484374552507763,0.0540997477171512,3.0345378829567782e-06,nan,15.83680082686969,0.0631440662121189
nan,nan,nan,nan,1.9392377661050964e-06,nan,16.039214146875075,0.0623471942479694
nan,nan,nan,nan,1.3290754166650997e-06,nan,16.208518476033838,0.0616959533641902
nan,nan,nan,nan,8.354589014187895e-07,nan,16.431287617779965,0.0608595031175718
Name:	26.366508987303583_10_80_1
Lambda:	26.366508987303583	Maximal Depth:	10	Filter time:	10 to 80 [us]
Chi2:	0.9052383962501892	RelRMS:	2.482329729426478	AbsRMS:	7.567271696967159e-07	Phi model:	0.0211085558209499
depth_vector,start_model,resistivity_model,conductivity_model,E/I[V/A],modelled_thickness,rhoa,sigma
0.0,15.3826,12.631823137312102,0.0791651362696951,0.0001277259450997,1.0,13.813666154281812,0.0723920781660146
1.0,15.3826,12.794749482544375,0.0781570597661392,8.056663659285673e-05,1.0,14.018427256263053,0.0713346784000485
2.0,15.3826,13.124150497591671,0.0761954078615224,5.36771220878429e-05,1.0,14.346541451898196,0.06970321058583
3.0,15.3826,13.62290368784897,0.0734057894641034,3.289366128846862e-05,1.0,14.719397919615982,0.0679375614044198
4.0,15.3826,14.290838703781672,0.0699748993553036,1.923190693368944e-05,1.0,14.898569203494956,0.0671205393176558
5.0,15.3826,15.123862653431685,0.06612067452048,1.2225435414300984e-05,1.0,15.12689206948902,0.0661074327367617
6.0,15.3826,16.11207258161174,0.0620652616188728,8.287849364598867e-06,1.5,15.365418679766949,0.0650812074074357
7.5,15.3826,17.25796320852176,0.0579442653757781,5.152761164460594e-06,1.5,15.654337341536914,0.0638800594482284
9.0,15.3826,18.47983144334938,0.0541130476793328,3.034568173346185e-06,nan,15.836695440395204,0.0631444864090311
nan,nan,nan,nan,1.939317654817101e-06,nan,16.038773661719855,0.0623489065368336
nan,nan,nan,nan,1.329165684838695e-06,nan,16.20778461722424,0.0616987468439879
nan,nan,nan,nan,8.35540580930086e-07,nan,16.4302167570377,0.0608634697148265
Name:	33.59818286283781_10_80_1
Lambda:	33.59818286283781	Maximal Depth:	10	Filter time:	10 to 80 [us]
Chi2:	0.898757938735944	RelRMS:	2.4753503388576856	AbsRMS:	7.388058401271761e-07	Phi model:	0.0209969120984876
depth_vector,start_model,resistivity_model,conductivity_model,E/I[V/A],modelled_thickness,rhoa,sigma
0.0,15.3826,12.643932619547298,0.0790893173895926,0.0001276652734233,1.0,13.818042347798782,0.0723691514926714
1.0,15.3826,12.805807357128472,0.0780895707792559,8.053418218345528e-05,1.0,14.02219318697852,0.0713155200948617
2.0,15.3826,13.13316797529249,0.0761430906755556,5.3659212894106514e-05,1.0,14.349733456727922,0.0696877055602134
3.0,15.3826,13.628682307528305,0.0733746650949236,3.2885302985244256e-05,1.0,14.721891920864516,0.0679260522611741
4.0,15.3826,14.292172625748924,0.0699683684339489,1.9228301914554e-05,1.0,14.900431317967524,0.067112151229754
5.0,15.3826,15.119792058075433,0.0661384757249953,1.2223839621133766e-05,1.0,15.12820856068224,0.0661016799172752
6.0,15.3826,16.102356493235547,0.062102711514311,8.287189936242888e-06,1.5,15.366233773784408,0.0650777552080492
7.5,15.3826,17.24546860623247,0.0579862468705896,5.1526487275727966e-06,1.5,15.654565071475824,0.0638791301728401
9.0,15.3826,18.47325903118552,0.0541323000079117,3.034652269445952e-06,nan,15.836402862014394,0.0631456530067586
nan,nan,nan,nan,1.939451946788112e-06,nan,16.03803327957615,0.0623517848209894
nan,nan,nan,nan,1.32930459871384e-06,nan,16.20665544267362,0.0617030456121691
nan,nan,nan,nan,8.356613812584207e-07,nan,16.428633321892665,0.060869335897065
Name:	42.81332398719393_10_80_1
Lambda:	42.81332398719393	Maximal Depth:	10	Filter time:	10 to 80 [us]
Chi2:	0.8990716890829694	RelRMS:	2.4687073299821933	AbsRMS:	7.767804824816401e-07	Phi model:	0.0213522302324073
depth_vector,start_model,resistivity_model,conductivity_model,E/I[V/A],modelled_thickness,rhoa,sigma
0.0,15.3826,12.627927249497988,0.0791895597941264,0.0001277943640474,1.0,13.808735311603762,0.0724179280313729
1.0,15.3826,12.790297362752652,0.0781842651221039,8.060300836400593e-05,1.0,14.014209767837784,0.071356146123556
2.0,15.3826,13.118797907588991,0.0762264962875537,5.369660428321322e-05,1.0,14.343071101753477,0.069720075491904
3.0,15.3826,13.616096483834822,0.0734424878075159,3.290170187231526e-05,1.0,14.716999717953207,0.0679486321373033
4.0,15.3826,14.282217383438418,0.0700171390164943,1.923410950328035e-05,1.0,14.897431787981498,0.067125663955498
5.0,15.3826,15.113735011669604,0.0661649816691824,1.2225399250893214e-05,1.0,15.126921900263746,0.0661073023707859
6.0,15.3826,16.102237674313912,0.0621031697721856,8.286952152197088e-06,1.5,15.366527716011884,0.0650765103529538
7.5,15.3826,17.25624067539429,0.0579500494233313,5.151533328107149e-06,1.5,15.656824652893308,0.06386991118376
9.0,15.3826,18.503947826138184,0.0540425215957119,3.0334446883926484e-06,nan,15.840605448713072,0.063128900169737
nan,nan,nan,nan,1.9383819193032764e-06,nan,16.04393495723959,0.0623288490426573
nan,nan,nan,nan,1.3284006743187065e-06,nan,16.21400660340489,0.0616750704782618
nan,nan,nan,nan,8.34966992685816e-07,nan,16.437740487987615,0.0608356118488901
Name:	54.5559478116852_10_80_1
Lambda:	54.5559478116852	Maximal Depth:	10	Filter time:	10 to 80 [us]
Chi2:	0.890493284042583	RelRMS:	2.4600276780498747	AbsRMS:	7.50641224275475e-07	Phi model:	0.0211755818272728
depth_vector,start_model,resistivity_model,conductivity_model,E/I[V/A],modelled_thickness,rhoa,sigma
0.0,15.3826,12.642498732337335,0.0790982875435986,0.0001277069440969,1.0,13.81503630687158,0.0723848984387106
1.0,15.3826,12.803813779275458,0.0781017294720907,8.055576279545972e-05,1.0,14.019688743572042,0.0713282597274846
2.0,15.3826,13.130224114831124,0.0761601623288713,5.367026455944469e-05,1.0,14.347763478300642,0.069697273830335
3.0,15.3826,13.624247561856093,0.0733985488343376,3.288930630960263e-05,1.0,14.720697252833215,0.0679315648453768
4.0,15.3826,14.285888213024723,0.0699991477665547,1.9228831381479e-05,1.0,14.90015779391744,0.0671133832158624
5.0,15.3826,15.111868131394502,0.0661731555162612,1.222313129640131e-05,1.0,15.128793003436956,0.0660991263330009
6.0,15.3826,16.09423630507405,0.0621340448247754,8.286074850250792e-06,1.5,15.3676123346473,0.0650719173690654
7.5,15.3826,17.243510113478894,0.0579928328640188,5.151465551915671e-06,1.5,15.656961980495588,0.0638693509791832
9.0,15.3826,18.491790960106734,0.0540780502092712,3.033660196109945e-06,nan,15.839855240950865,0.0631318900828521
nan,nan,nan,nan,1.9386572442730352e-06,nan,16.042415898800982,0.0623347509694434
nan,nan,nan,nan,1.328668755336244e-06,nan,16.211825566406773,0.061683367854151
nan,nan,nan,nan,8.351931971920582e-07,nan,16.434772345328916,0.0608465988446879
Name:	69.51927961775606_10_80_1
Lambda:	69.51927961775606	Maximal Depth:	10	Filter time:	10 to 80 [us]
Chi2:	0.8810081108299164	RelRMS:	2.4508998683094	AbsRMS:	7.191848013334269e-07	Phi model:	0.0209548376367831
depth_vector,start_model,resistivity_model,conductivity_model,E/I[V/A],modelled_thickness,rhoa,sigma
0.0,15.3826,12.659186995722408,0.0789940144132402,0.0001276005516156,1.0,13.822714496320677,0.0723446903476288
1.0,15.3826,12.819398489208776,0.0780067801809725,8.049809543041104e-05,1.0,14.026383576993636,0.0712942145429575
2.0,15.3826,13.143600839471974,0.0760826513383507,5.363802516842499e-05,1.0,14.353512097000706,0.0696693598919917
3.0,15.3826,13.634172630810506,0.0733451179677892,3.287410595421506e-05,1.0,14.725234615054658,0.0679106327431706
4.0,15.3826,14.291077381295796,0.0699737306935866,1.922239073121932e-05,1.0,14.90348590393965,0.0670983960695836
5.0,15.3826,15.111129310070757,0.0661763908891676,1.2220394448800035e-05,1.0,15.131051722426143,0.0660892592494329
6.0,15.3826,16.086721756266385,0.0621630693407413,8.28504380252787e-06,1.5,15.3688872756504,0.065066519264823
7.5,15.3826,17.229907191219517,0.0580386179044311,5.151425374214034e-06,1.5,15.657043389669893,0.063869018888954
9.0,15.3826,18.47596052429208,0.054124384964192,3.033962666697697e-06,nan,15.83880245499349,0.06313608638289
nan,nan,nan,nan,1.9390264850916365e-06,nan,16.040379240082913,0.0623426656584979
nan,nan,nan,nan,1.3290231078090511e-06,nan,16.208943772626057,0.0616943345616891
nan,nan,nan,nan,8.35489877405586e-07,nan,16.43088148599455,0.0608610074177934
Name:	88.58667904100822_10_80_1
Lambda:	88.58667904100822	Maximal Depth:	10	Filter time:	10 to 80 [us]
Chi2:	0.8760899951356463	RelRMS:	2.439766049883332	AbsRMS:	7.378352853263338e-07	Phi model:	0.0211629988702443
depth_vector,start_model,resistivity_model,conductivity_model,E/I[V/A],modelled_thickness,rhoa,sigma
0.0,15.3826,12.65033050392642,0.0790493180940702,0.0001276661817764,1.0,13.817976803550124,0.0723694947688057
1.0,15.3826,12.81084317254458,0.0780588745433352,8.053206906258632e-05,1.0,14.022438476089777,0.0713142725999575
2.0,15.3826,13.1357316232387,0.0761282301345803,5.365568038617065e-05,1.0,14.350363274990707,0.0696846470599642
3.0,15.3826,13.62739697180472,0.0733815857914034,3.288110115068952e-05,1.0,14.72314608885392,0.0679202660874936
4.0,15.3826,14.28593637547896,0.0699989117770709,1.922427032907379e-05,1.0,14.902514457736697,0.0671027699946868
5.0,15.3826,15.108416578546947,0.0661882729272861,1.2220343649817158e-05,1.0,15.13109365477147,0.066089076098254
6.0,15.3826,16.087665443337663,0.0621594229145364,8.284252777546642e-06,1.5,15.3698655960559,0.0650623776603884
7.5,15.3826,17.237327508283226,0.0580136334660613,5.150368990531858e-06,1.5,15.659184243373105,0.0638602870020636
9.0,15.3826,18.494766852796232,0.0540693488033243,3.0330199031729733e-06,nan,15.842084436261946,0.0631230065729884
nan,nan,nan,nan,1.938250342747463e-06,nan,16.044661035384586,0.062326028439904
nan,nan,nan,nan,1.3283918423422366e-06,nan,16.214078470536037,0.061674797110251
nan,nan,nan,nan,8.350196265379339e-07,nan,16.437049733212575,0.0608381684201762
Name:	112.88378916846884_10_80_1
Lambda:	112.88378916846884	Maximal Depth:	10	Filter time:	10 to 80 [us]
Chi2:	0.8628140241824984	RelRMS:	2.427636143841604	AbsRMS:	6.898736297724729e-07	Phi model:	0.0208121534773831
depth_vector,start_model,resistivity_model,conductivity_model,E/I[V/A],modelled_thickness,rhoa,sigma
0.0,15.3826,12.67403600900985,0.078901464323528,0.0001275026100734,1.0,13.829792232275066,0.072307666174931
1.0,15.3826,12.833191573980516,0.0779229386731446,8.0443097996712e-05,1.0,14.032775898575698,0.0712617380358435
2.0,15.3826,13.155319720268473,0.0760148762070217,5.360577260701692e-05,1.0,14.359268829260854,0.0696414289536966
3.0,15.3826,13.642669572191505,0.0732994370865909,3.285751204165248e-05,1.0,14.73019195312764,0.0678877779177664
4.0,15.3826,14.29523243664009,0.0699533921139261,1.921432540561267e-05,1.0,14.907656162546497,0.067079626005352
5.0,15.3826,15.110046661178384,0.0661811324891046,1.2216167412890128e-05,1.0,15.134541950244666,0.0660740181822175
6.0,15.3826,16.080078153190225,0.0621887524720521,8.28272474465678e-06,1.5,15.371755870798737,0.0650543768978058
7.5,15.3826,17.21974463300362,0.0580728704932932,5.150376459046471e-06,1.5,15.659169105207893,0.0638603487376237
9.0,15.3826,18.46860571310305,0.0541459390889764,3.033552270690272e-06,nan,15.840230930952854,0.0631303927549398
nan,nan,nan,nan,1.938875791205192e-06,nan,16.041210359431634,0.0623394355907836
nan,nan,nan,nan,1.3289843356673395e-06,nan,16.20925902711142,0.0616931346662677
nan,nan,nan,nan,8.355122018409076e-07,nan,16.430588801831295,0.0608620915574579
Name:	143.8449888287663_10_80_1
Lambda:	143.8449888287663	Maximal Depth:	10	Filter time:	10 to 80 [us]
Chi2:	0.8521082580282128	RelRMS:	2.4114226493820285	AbsRMS:	6.860508307736135e-07	Phi model:	0.0208490463411597
depth_vector,start_model,resistivity_model,conductivity_model,E/I[V/A],modelled_thickness,rhoa,sigma
0.0,15.3826,12.674863837177131,0.0788963110646491,0.0001274921452801,1.0,13.830549005367272,0.0723037096800659
1.0,15.3826,12.833920578397022,0.0779185124211592,8.043546799295896e-05,1.0,14.033663305112134,0.0712572318615997
2.0,15.3826,13.155883791015412,0.0760116169985427,5.359997320851846e-05,1.0,14.3603045713266,0.0696364060409075
3.0,15.3826,13.642989049758436,0.0732977206353255,3.285337599825369e-05,1.0,14.73142822252296,0.0678820807388583
4.0,15.3826,14.29527714487773,0.0699531733358747,1.9211539031527007e-05,1.0,14.909097563734637,0.0670731407937414
5.0,15.3826,15.109908277946344,0.0661817386052269,1.221418505364112e-05,1.0,15.13617946092512,0.0660668699510041
6.0,15.3826,16.08008840319791,0.0621887128307781,8.281252623629175e-06,1.5,15.37357752875999,0.0650466684237457
7.5,15.3826,17.221158786130058,0.0580681017124934,5.149363094791855e-06,1.5,15.661223459181686,0.0638519718849762
9.0,15.3826,18.4740848019144,0.05412988035523,3.0328972076452527e-06,nan,15.842511693253426,0.0631213042074542
nan,nan,nan,nan,1.9384254832755963e-06,nan,16.043694576524274,0.062329782908186
nan,nan,nan,nan,1.3286576995307937e-06,nan,16.21191549904628,0.0616830256769367
nan,nan,nan,nan,8.352933974151536e-07,nan,16.433457996154335,0.0608514653601216
Name:	183.29807108324357_10_80_1
Lambda:	183.2980710832436	Maximal Depth:	10	Filter time:	10 to 80 [us]
Chi2:	0.8352686326121281	RelRMS:	2.397726158606946	AbsRMS:	6.149643047673374e-07	Phi model:	0.020302838068676
depth_vector,start_model,resistivity_model,conductivity_model,E/I[V/A],modelled_thickness,rhoa,sigma
0.0,15.3826,12.71027842245256,0.0786764826672491,0.0001272400949157,1.0,13.848807636961707,0.0722083825708615
1.0,15.3826,12.867464456191168,0.0777153885603974,8.029821795337122e-05,1.0,14.049650148529649,0.0711761495431011
2.0,15.3826,13.185586673258893,0.0758403872941092,5.3522915023378194e-05,1.0,14.374084509006082,0.0695696480268673
3.0,15.3826,13.666681247113337,0.0731706536443307,3.281695520053636e-05,1.0,14.742325661998256,0.0678319027083854
4.0,15.3826,14.310592099195864,0.0698783106295225,1.9196247782224714e-05,1.0,14.917013988305154,0.0670375452341865
5.0,15.3826,15.11431894306954,0.0661624254302596,1.2207820615859284e-05,1.0,15.141439744857804,0.0660439176756365
6.0,15.3826,16.071019537709052,0.0622238058794962,8.278976592150832e-06,1.5,15.376395038302627,0.0650347495306278
7.5,15.3826,17.196182741493004,0.0581524408662557,5.149451140769884e-06,1.5,15.661044940264054,0.0638526997281663
9.0,15.3826,18.432407511023897,0.054252272764799,3.033783544980018e-06,nan,15.83942588896463,0.0631336013697758
nan,nan,nan,nan,1.939443068316932e-06,nan,16.038082225966978,0.0623515945304805
nan,nan,nan,nan,1.329614049650132e-06,nan,16.204140748399034,0.0617126212075638
nan,nan,nan,nan,8.360848153635097e-07,nan,16.423086013108342,0.0608898960403565
Name:	233.57214690901213_10_80_1
Lambda:	233.57214690901213	Maximal Depth:	10	Filter time:	10 to 80 [us]
Chi2:	0.8186060956863774	RelRMS:	2.377434219125896	AbsRMS:	5.803231634526551e-07	Phi model:	0.0200865931461171
depth_vector,start_model,resistivity_model,conductivity_model,E/I[V/A],modelled_thickness,rhoa,sigma
0.0,15.3826,12.726471584611469,0.0785763747124674,0.0001271146878252,1.0,13.857914652882409,0.0721609293352086
1.0,15.3826,12.882853611187564,0.0776225539915778,8.022786982115438e-05,1.0,14.057861943778184,0.0711345725259868
2.0,15.3826,13.199335811790409,0.0757613878651941,5.348183508881723e-05,1.0,14.38144415280193,0.0695340460509433
3.0,15.3826,13.677869811787424,0.0731107996903298,3.279612237501757e-05,1.0,14.748568103072229,0.0678031923513777
4.0,15.3826,14.318234042820906,0.0698410151006991,1.918647440219713e-05,1.0,14.922079267419836,0.0670147894324186
5.0,15.3826,15.117399319171154,0.0661489439345462,1.2202952903740094e-05,1.0,15.145466052869484,0.0660263603978392
6.0,15.3826,16.068576889635633,0.0622332647669009,8.276493829585548e-06,1.5,15.3794699337335,0.065021746803288
7.5,15.3826,17.187578846228053,0.0581815512787862,5.148509688022794e-06,1.5,15.66295406029567,0.0638449168752221
9.0,15.3826,18.41810365981281,0.0542944061164092,3.03356298588262e-06,nan,15.84019363021178,0.0631305414153974
nan,nan,nan,nan,1.939482631353831e-06,nan,16.037864120586406,0.0623524424749544
nan,nan,nan,nan,1.329744803045905e-06,nan,16.20307849888684,0.0617166669944048
nan,nan,nan,nan,8.362431358890398e-07,nan,16.4210130963154,0.0608975825142227
Name:	297.63514416313194_10_80_1
Lambda:	297.63514416313194	Maximal Depth:	10	Filter time:	10 to 80 [us]
Chi2:	0.7997552797100167	RelRMS:	2.3569193262954404	AbsRMS:	5.277187495304161e-07	Phi model:	0.0197024351918636
depth_vector,start_model,resistivity_model,conductivity_model,E/I[V/A],modelled_thickness,rhoa,sigma
0.0,15.3826,12.753265307681191,0.0784112912163528,0.0001269120473213,1.0,13.872662021081789,0.0720842184780639
1.0,15.3826,12.90833658565314,0.0774693155360886,8.011544498929318e-05,1.0,14.07101033115184,0.0710681021807011
2.0,15.3826,13.222125740245882,0.0756308039755038,5.341713206957806e-05,1.0,14.393055098192304,0.0694779526082405
3.0,15.3826,13.696448933135096,0.0730116254864246,3.276414568665785e-05,1.0,14.758162609033006,0.0677591124648492
4.0,15.3826,14.33094717675116,0.0697790584018258,1.917205870816821e-05,1.0,14.92955838703243,0.0669812176674015
5.0,15.3826,15.12247506278718,0.0661267415451563,1.219618415156262e-05,1.0,15.151069249456734,0.0660019424065306
6.0,15.3826,16.064198433439348,0.0622502270588486,8.273360354658138e-06,1.5,15.383352930071185,0.0650053343081801
7.5,15.3826,17.17196152078048,0.0582344654563696,5.14763596070212e-06,1.5,15.66472636430474,0.0638376934740911
9.0,15.3826,18.39050381708576,0.0543758893147313,3.033646473851907e-06,nan,15.83990300710048,0.0631316997049625
nan,nan,nan,nan,1.9398594671153416e-06,nan,16.035787050389487,0.0623605188106879
nan,nan,nan,nan,1.3301887167868956e-06,nan,16.199473411766363,0.0617304016359974
nan,nan,nan,nan,8.366587089708501e-07,nan,16.4155750397529,0.0609177563124254
Name:	379.26901907322497_10_80_1
Lambda:	379.26901907322497	Maximal Depth:	10	Filter time:	10 to 80 [us]
Chi2:	0.7810355065439452	RelRMS:	2.3400318680946426	AbsRMS:	4.603944712366046e-07	Phi model:	0.0191248529781204
depth_vector,start_model,resistivity_model,conductivity_model,E/I[V/A],modelled_thickness,rhoa,sigma
0.0,15.3826,12.79275577486761,0.0781692402792977,0.0001266188401897,1.0,13.894070079013757,0.0719731507263984
1.0,15.3826,12.94589855464869,0.0772445416421801,7.995372868486291e-05,1.0,14.08997751323345,0.0709724340624951
2.0,15.3826,13.255714165767326,0.0754391643856114,5.3324791731797005e-05,1.0,14.409666212105686,0.0693978601086464
3.0,15.3826,13.723824469819217,0.0728659858772715,3.271916231483453e-05,1.0,14.771686180404124,0.067697078572288
4.0,15.3826,14.349653118549702,0.069688095714823,1.915224566837484e-05,1.0,14.93985305297848,0.0669350626444505
5.0,15.3826,15.129845358544252,0.0660945288138898,1.2187221838721833e-05,1.0,15.158496262595415,0.0659696042850612
6.0,15.3826,16.05742324896282,0.0622764925913372,8.26949200243696e-06,1.5,15.388149967092252,0.0649850698192123
7.5,15.3826,17.14796397544497,0.0583159610920544,5.146862170255827e-06,1.5,15.666296370974456,0.063831295943867
9.0,15.3826,18.34727433881251,0.0545040086899754,3.0341003117967788e-06,nan,15.838323422266916,0.0631379959443252
nan,nan,nan,nan,1.9406416349375928e-06,nan,16.03147798782436,0.0623772805451551
nan,nan,nan,nan,1.3310072148373335e-06,nan,16.192831526041186,0.0617557218693844
nan,nan,nan,nan,8.373810557027348e-07,nan,16.406133346628057,0.0609528143452234
Name:	483.2930238571752_10_80_1
Lambda:	483.2930238571752	Maximal Depth:	10	Filter time:	10 to 80 [us]
Chi2:	0.766981159951019	RelRMS:	2.3339847375548404	AbsRMS:	3.9357417689743634e-07	Phi model:	0.0183322783717433
depth_vector,start_model,resistivity_model,conductivity_model,E/I[V/A],modelled_thickness,rhoa,sigma
0.0,15.3826,12.847125192654705,0.0778384257181323,0.0001262224137763,1.0,13.923146252693254,0.0718228467798047
1.0,15.3826,12.997603319168029,0.0769372610814537,7.973592478132591e-05,1.0,14.115624310680262,0.0708434836455213
2.0,15.3826,13.301923718557736,0.0751770962725401,5.320107250213515e-05,1.0,14.431997372823403,0.0692904782454491
3.0,15.3826,13.761449105214512,0.0726667658583337,3.265947288271172e-05,1.0,14.78967882032084,0.0676147205188805
4.0,15.3826,14.375301125969491,0.0695637601770626,1.9126375034814008e-05,1.0,14.953321936780798,0.0668747723233519
5.0,15.3826,15.139820629831869,0.0660509806853045,1.2175833711525516e-05,1.0,15.167946675546917,0.0659285018197061
6.0,15.3826,16.047791019823254,0.0623138722809099,8.264845687576024e-06,1.5,15.393916680320084,0.0649607257702272
7.5,15.3826,17.11422056842939,0.0584309402815983,5.146246484475728e-06,1.5,15.667545867232056,0.0638262053594145
9.0,15.3826,18.286078478629022,0.0546864108216915,3.035006585263572e-06,nan,15.835170311759644,0.063150568027511
nan,nan,nan,nan,1.9419076217714217e-06,nan,16.024509635093242,0.0624044056742945
nan,nan,nan,nan,1.3322690930919068e-06,nan,16.182605058992376,0.0617947479008837
nan,nan,nan,nan,8.384645328637879e-07,nan,16.391996790562647,0.0610053804168464
Name:	615.8482110660261_10_80_1
Lambda:	615.8482110660261	Maximal Depth:	10	Filter time:	10 to 80 [us]
Chi2:	0.7519422902042917	RelRMS:	2.3225246584148747	AbsRMS:	3.675320620516375e-07	Phi model:	0.01768585384377
depth_vector,start_model,resistivity_model,conductivity_model,E/I[V/A],modelled_thickness,rhoa,sigma
0.0,15.3826,12.894259302858073,0.0775538925123326,0.0001258677695886,1.0,13.949287162523929,0.0716882510445834
1.0,15.3826,13.04252809549308,0.0766722519344662,7.953885285076441e-05,1.0,14.138930705518126,0.0707267063420659
2.0,15.3826,13.34229453947675,0.0749496270706086,5.3087446777483806e-05,1.0,14.452583052248206,0.0691917836683486
3.0,15.3826,13.794712826218827,0.0724915416941015,3.2603178703720874e-05,1.0,14.80669829409156,0.0675370011691964
4.0,15.3826,14.39866242256149,0.069450895552151,1.910094164142307e-05,1.0,14.9665928137455,0.0668154744666794
5.0,15.3826,15.15024129671269,0.0660055493780802,1.2163858931856992e-05,1.0,15.17789982347126,0.0658852681616457
6.0,15.3826,16.04204386518897,0.0623361965846501,8.259276787658907e-06,1.5,15.400835571055913,0.0649315418885053
7.5,15.3826,17.088605414845123,0.0585185259840621,5.144670634164267e-06,1.5,15.670745093320845,0.0638131750625066
9.0,15.3826,18.237835519707023,0.0548310680244617,3.035133261479328e-06,nan,15.834729704328405,0.0631523252163029
nan,nan,nan,nan,1.942559726322026e-06,nan,16.02092321927749,0.0624183754152651
nan,nan,nan,nan,1.33304388682312e-06,nan,16.17633399971774,0.0618187037939157
nan,nan,nan,nan,8.391931301835225e-07,nan,16.382507601194433,0.0610407163752569
Name:	784.7599703514607_10_80_1
Lambda:	784.7599703514607	Maximal Depth:	10	Filter time:	10 to 80 [us]
Chi2:	0.6968785182672143	RelRMS:	2.2240857284032267	AbsRMS:	3.665095890488834e-07	Phi model:	0.0181791206248268
depth_vector,start_model,resistivity_model,conductivity_model,E/I[V/A],modelled_thickness,rhoa,sigma
0.0,15.3826,12.870212858182397,0.0776987926321853,0.000125959351056,1.0,13.942524922528602,0.0717230204397326
1.0,15.3826,13.020219263840554,0.0768036221000652,7.957591594130023e-05,1.0,14.134540154686013,0.0707486758717418
2.0,15.3826,13.323576251736526,0.0750549237761644,5.309843874767292e-05,1.0,14.45058841929396,0.0692013342975592
3.0,15.3826,13.781591371879353,0.0725605608972306,3.2599624901575395e-05,1.0,14.807774362099904,0.067532093314406
4.0,15.3826,14.393342939209328,0.0694765631739288,1.909314207405325e-05,1.0,14.970668448244696,0.0667972845338946
5.0,15.3826,15.155151037192308,0.0659841658816792,1.2155699434139151e-05,1.0,15.18469116107924,0.0658558010427737
6.0,15.3826,16.059828915396956,0.0622671639447712,8.251799081022201e-06,1.5,15.41013823285217,0.064892344564966
7.5,15.3826,17.122597606190155,0.0584023536030818,5.138585215032876e-06,1.5,15.683114806704143,0.0637628438180229
9.0,15.3826,18.291093974878443,0.0546714155737995,3.030750658121921e-06,nan,15.849991187449715,0.0630915177285282
nan,nan,nan,nan,1.939326566155795e-06,nan,16.038724528838266,0.0623490975359019
nan,nan,nan,nan,1.3305795765375225e-06,nan,16.19630084331961,0.0617424935282345
nan,nan,nan,nan,8.374612832694414e-07,nan,16.405085540836872,0.0609567074496941
Name:	1000.0_10_80_1
Lambda:	1000.0	Maximal Depth:	10	Filter time:	10.0 to 80.0 [us]
Chi2:	0.7367141798490145	RelRMS:	2.321885563395596	AbsRMS:	4.626427032292593e-07	Phi model:	0.0161834035191029
depth_vector,start_model,resistivity_model,conductivity_model,E/I[V/A],modelled_thickness,rhoa,sigma
0.0,15.3826,13.009387231917838,0.07686757125243787,0.0001250005036170795,1.0,14.013733813934001,0.07135856962016002
1.0,15.3826,13.152368437919373,0.07603193331452887,7.90550185692393e-05,1.0,14.196560952112343,0.07043959472813079
2.0,15.3826,13.441239572111266,0.07439790018138381,5.280707076662627e-05,1.0,14.50369464491572,0.06894794909037544
3.0,15.3826,13.876682939307784,0.07206333129997156,3.246306876759294e-05,1.0,14.849271309916972,0.06734337188196957
4.0,15.3826,14.457022986502098,0.06917053399815834,1.903683816626842e-05,1.0,15.000172373653033,0.06666590057034573
5.0,15.3826,15.177794713476917,0.06588572443347541,1.2133101730247909e-05,1.0,15.203539472915743,0.06577415750993011
6.0,15.3826,16.03113824489995,0.06237860248745182,8.24450300009407e-06,1.5,15.419228494885884,0.06485408788978458
7.5,15.3826,17.03030510737678,0.058718854048413024,5.139986958789536e-06,1.5,15.6802633458254,0.06377443911146
9.0,15.3826,18.125159293802966,0.055171928907786334,3.0348960445573964e-06,nan,15.835554821422596,0.06314903464242275
nan,nan,nan,nan,1.9437741543204334e-06,nan,16.014249506966447,0.06244438739167792
nan,nan,nan,nan,1.3346606000354072e-06,nan,16.163268118335967,0.061868676104282275
nan,nan,nan,nan,8.40787780767041e-07,nan,16.36178684315309,0.06111801905171925
