Name:	10.0_10_80_1
Lambda:	10	Maximal Depth:	10	Filter time:	10 to 80 [us]
Chi2:	0.8298225186908796	RelRMS:	3.399178511541411	AbsRMS:	5.935020010325813e-07	Phi model:	0.0242946522337125
depth_vector,start_model,resistivity_model,conductivity_model,E/I[V/A],modelled_thickness,rhoa,sigma
0.0,15.3346,12.981951439708384,0.0770300216145673,0.0001283625227296,1.0,13.76795834246539,0.0726324103491536
1.0,15.3346,13.064806650091173,0.0765415077913167,8.104271084154954e-05,1.0,13.96347381802686,0.0716154169823413
2.0,15.3346,13.241665948873242,0.0755191985556086,5.403269271957497e-05,1.0,14.283532436907407,0.0700106926922423
3.0,15.3346,13.53409985365768,0.0738874406730303,3.312648768155803e-05,1.0,14.650347609237578,0.0682577660730359
4.0,15.3346,13.974492870216796,0.0715589473827171,1.9362431928030623e-05,1.0,14.8315381237309,0.0674238903381147
5.0,15.3346,14.604546147735352,0.0684718299277697,1.230366727803759e-05,1.0,15.06270185222005,0.0663891518142618
6.0,15.3346,15.47501393827672,0.0646202972086859,8.338021700690468e-06,1.5,15.303717859600305,0.065343598802214
7.5,15.3346,16.775025741961564,0.0596124271510695,5.180744192246157e-06,1.5,15.597916740023814,0.0641111256501343
9.0,15.3346,18.60924544071989,0.0537367301208165,3.0480854039115605e-06,nan,15.789840498572596,0.0633318620343505
nan,nan,nan,nan,1.94630480454706e-06,nan,16.000364990544107,0.0624985742882102
nan,nan,nan,nan,1.3330625433809069e-06,nan,16.17618307135833,0.061819280579892
nan,nan,nan,nan,8.372601226447045e-07,nan,16.407713099493566,0.0609469457404679
Name:	12.742749857031335_10_80_1
Lambda:	12.742749857031336	Maximal Depth:	10	Filter time:	10 to 80 [us]
Chi2:	0.8449762269941777	RelRMS:	3.426454161085201	AbsRMS:	6.171730793912469e-07	Phi model:	0.0236405602695343
depth_vector,start_model,resistivity_model,conductivity_model,E/I[V/A],modelled_thickness,rhoa,sigma
0.0,15.3346,12.908871978968737,0.0774661025091278,0.0001284533999082,1.0,13.761463946899449,0.0726666874875116
1.0,15.3346,13.00519242501235,0.0768923647816806,8.108387455412173e-05,1.0,13.958747542750912,0.0716396651588789
2.0,15.3346,13.20753194643963,0.0757143729846946,5.405106822288828e-05,1.0,14.280294980428712,0.0700265646732445
3.0,15.3346,13.533906056735509,0.073888498694161,3.313304179697165e-05,1.0,14.648415535194951,0.0682667690302308
4.0,15.3346,14.011117591226345,0.0713718940326496,1.936573803473991e-05,1.0,14.829850055077152,0.067431565139638
5.0,15.3346,14.673653817153578,0.0681493520605614,1.2305717526030111e-05,1.0,15.061028747460483,0.0663965268752717
6.0,15.3346,15.56333507014084,0.0642535803215184,8.339378176994041e-06,1.5,15.302058287946371,0.0653506855863771
7.5,15.3346,16.84190391662498,0.0593757098336655,5.181728426313508e-06,1.5,15.5959415320347,0.0641192452501799
9.0,15.3346,18.58668472985579,0.053801956321651,3.0489208612793467e-06,nan,15.786955906129275,0.0633434340316204
nan,nan,nan,nan,1.946984567758892e-06,nan,15.996640567087969,0.0625131255407109
nan,nan,nan,nan,1.3336037809196592e-06,nan,16.17180608425445,0.0618360123037613
nan,nan,nan,nan,8.376669659103533e-07,nan,16.402400003061686,0.060966687790405
Name:	16.237767391887218_10_80_1
Lambda:	16.237767391887218	Maximal Depth:	10	Filter time:	10 to 80 [us]
Chi2:	0.8546581291475945	RelRMS:	3.4781693776220965	AbsRMS:	5.77855654613038e-07	Phi model:	0.0225735211003494
depth_vector,start_model,resistivity_model,conductivity_model,E/I[V/A],modelled_thickness,rhoa,sigma
0.0,15.3346,12.873838623426206,0.0776769096810274,0.0001283194278356,1.0,13.771040731002968,0.0726161529497682
1.0,15.3346,12.980714616755254,0.0770373611564666,8.100505829431283e-05,1.0,13.967800458416905,0.0715932335214172
2.0,15.3346,13.202872095004716,0.075741095786147,5.400390009105408e-05,1.0,14.288608908630104,0.069985819221073
3.0,15.3346,13.555082077936897,0.0737730685989473,3.311015369264722e-05,1.0,14.655165445415255,0.0682353265628155
4.0,15.3346,14.058955105675857,0.0711290414176144,1.935770506573226e-05,1.0,14.833952452126743,0.0674129166334647
5.0,15.3346,14.742066204199324,0.0678330965380651,1.2303832883967207e-05,1.0,15.06256669226016,0.0663897475397633
6.0,15.3346,15.637485414561253,0.0639489005737983,8.340054393607597e-06,1.5,15.30123114339128,0.0653542182736
7.5,15.3346,16.880234896192217,0.0592408817856898,5.183747409843741e-06,1.5,15.591891695631109,0.0641358995765858
9.0,15.3346,18.522111126347284,0.0539895259875383,3.0511667525527464e-06,nan,15.779208020266584,0.0633745368408613
nan,nan,nan,nan,1.948998029955811e-06,nan,15.985621510536728,0.0625562164937323
nan,nan,nan,nan,1.3353073399836725e-06,nan,16.158048708098608,0.0618886610670252
nan,nan,nan,nan,8.389862045994313e-07,nan,16.385201185906013,0.0610306818118391
Name:	20.6913808111479_10_80_1
Lambda:	20.6913808111479	Maximal Depth:	10	Filter time:	10 to 80 [us]
Chi2:	0.8667555967872893	RelRMS:	3.5019091850229342	AbsRMS:	5.917892422795789e-07	Phi model:	0.0221871288624442
depth_vector,start_model,resistivity_model,conductivity_model,E/I[V/A],modelled_thickness,rhoa,sigma
0.0,15.3346,12.821971620984169,0.0779911256677109,0.0001283744115288,1.0,13.767108292385524,0.0726368950372164
1.0,15.3346,12.938623424415754,0.0772879747093462,8.102909646212693e-05,1.0,13.96503785461633,0.071607396299999
2.0,15.3346,13.179390178333463,0.0758760448297502,5.401410942124852e-05,1.0,14.286808370169013,0.0699946393967185
3.0,15.3346,13.556544736141843,0.0737651089907882,3.3113623112889614e-05,1.0,14.6541417818235,0.0682400931346498
4.0,15.3346,14.087623027486035,0.0709842957927624,1.935975772811879e-05,1.0,14.832903897877683,0.0674176821264972
5.0,15.3346,14.794705880562567,0.0675917458632151,1.2305333161866256e-05,1.0,15.061342372428824,0.0663951442887715
6.0,15.3346,15.703878856397152,0.0636785350386626,8.341188053915491e-06,1.5,15.299844706890951,0.0653601405215313
7.5,15.3346,16.929056761141354,0.0590700364532642,5.1846625850233e-06,1.5,15.590056830857757,0.0641434480226317
9.0,15.3346,18.501992858211207,0.0540482318668823,3.051956014217875e-06,nan,15.77648747847156,0.0633854653239252
nan,nan,nan,nan,1.9496433642346566e-06,nan,15.982093809382894,0.0625700244240158
nan,nan,nan,nan,1.335824214932595e-06,nan,16.15388038056407,0.0619046307414269
nan,nan,nan,nan,8.393743821343646e-07,nan,16.380149123736558,0.061049505254558
Name:	26.366508987303583_10_80_1
Lambda:	26.366508987303583	Maximal Depth:	10	Filter time:	10 to 80 [us]
Chi2:	0.8770817770336409	RelRMS:	3.523981769711524	AbsRMS:	6.002282604302941e-07	Phi model:	0.0218733218657684
depth_vector,start_model,resistivity_model,conductivity_model,E/I[V/A],modelled_thickness,rhoa,sigma
0.0,15.3346,12.78015749496432,0.0782462970737272,0.0001284084691424,1.0,13.764673896445164,0.0726497414703197
1.0,15.3346,12.904929906232235,0.0774897661022603,8.104277896384331e-05,1.0,13.963465993155344,0.0716154571143141
2.0,15.3346,13.16118010364592,0.0759810284583051,5.401911744502355e-05,1.0,14.285925352144488,0.0699989657897721
3.0,15.3346,13.559117904329437,0.0737511102901981,3.311494656169626e-05,1.0,14.653751341098076,0.0682419113524459
4.0,15.3346,14.112857439561626,0.0708573727384765,1.936090061062672e-05,1.0,14.832320163558872,0.0674203353873706
5.0,15.3346,14.839788334101788,0.0673864058897661,1.2306420634231057e-05,1.0,15.060455083030591,0.0663990559705432
6.0,15.3346,15.759971438100594,0.0634518916438163,8.342142561066705e-06,1.5,15.298677613458468,0.0653651266642997
7.5,15.3346,16.969191956178523,0.0589303251788543,5.185522035344108e-06,1.5,15.588334182118544,0.0641505364407125
9.0,15.3346,18.48232311391441,0.0541057524985671,3.052723418464388e-06,nan,15.773843402099825,0.0633960902557761
nan,nan,nan,nan,1.950279786791315e-06,nan,15.978616729377928,0.062583640182158
nan,nan,nan,nan,1.336338808388795e-06,nan,16.14973312156106,0.0619205278794934
nan,nan,nan,nan,8.397626689936568e-07,nan,16.37509953283962,0.0610683310959142
Name:	33.59818286283781_10_80_1
Lambda:	33.59818286283781	Maximal Depth:	10	Filter time:	10 to 80 [us]
Chi2:	0.882306627909006	RelRMS:	3.5715211347064764	AbsRMS:	5.441422903050039e-07	Phi model:	0.0210709924546916
depth_vector,start_model,resistivity_model,conductivity_model,E/I[V/A],modelled_thickness,rhoa,sigma
0.0,15.3346,12.77703358844172,0.0782654278145291,0.0001282079248197,1.0,13.779024065301872,0.0725740803746895
1.0,15.3346,12.907080469148536,0.0774768548464755,8.093113033784595e-05,1.0,13.97630525168403,0.0715496679553065
2.0,15.3346,13.173157463164593,0.0759119446340975,5.395552411567724e-05,1.0,14.297148314054027,0.069944018068065
3.0,15.3346,13.583587658502502,0.0736182535233289,3.3085306927618106e-05,1.0,14.66250179145486,0.0682011851881094
4.0,15.3346,14.149352029788052,0.0706746144908078,1.934998386732668e-05,1.0,14.837898304656427,0.0673949894700504
5.0,15.3346,14.883502072733712,0.0671884879723288,1.2303207303474888e-05,1.0,15.063077278256287,0.0663874971579353
6.0,15.3346,15.800498006007416,0.0632891444067013,8.342225495693643e-06,1.5,15.298576218275334,0.0653655598882085
7.5,15.3346,16.979330950471347,0.0588951356750744,5.187337524388685e-06,1.5,15.584696850399109,0.0641655086139446
9.0,15.3346,18.42023455554207,0.0542881252127775,3.054875509369732e-06,nan,15.766434320702263,0.0634258818233201
nan,nan,nan,nan,1.952244757424748e-06,nan,15.967893080134589,0.0626256698351822
nan,nan,nan,nan,1.3380189201102265e-06,nan,16.136211121681225,0.0619724167252845
nan,nan,nan,nan,8.410702648256912e-07,nan,16.358123096369823,0.0611317077215245
Name:	42.81332398719393_10_80_1
Lambda:	42.81332398719393	Maximal Depth:	10	Filter time:	10 to 80 [us]
Chi2:	0.888718166719014	RelRMS:	3.590965874176979	AbsRMS:	5.395277231876028e-07	Phi model:	0.0208196340017994
depth_vector,start_model,resistivity_model,conductivity_model,E/I[V/A],modelled_thickness,rhoa,sigma
0.0,15.3346,12.754089625733029,0.0784062233640236,0.0001281934708423,1.0,13.780059780869069,0.0725686256737656
1.0,15.3346,12.889340152721504,0.0775834905550891,8.092019008162571e-05,1.0,13.977564936608331,0.0715432197621863
2.0,15.3346,13.165332687148211,0.0759570626708266,5.394775316664954e-05,1.0,14.298521244184046,0.0699373021113461
3.0,15.3346,13.58901381930342,0.073588857388568,3.3081103304334824e-05,1.0,14.663743876764334,0.0681954082398128
4.0,15.3346,14.16903273179932,0.0705764478725295,1.9348756917710108e-05,1.0,14.83852556842368,0.0673921405053879
5.0,15.3346,14.915176854790197,0.067045802388782,1.23032215290953e-05,1.0,15.063065667115234,0.0663875483317542
6.0,15.3346,15.837670824734513,0.0631405975705877,8.342716101543065e-06,1.5,15.297976442019117,0.0653681226265514
7.5,15.3346,17.00287833742476,0.0588135714527178,5.188069861977863e-06,1.5,15.58323021275388,0.0641715476411022
9.0,15.3346,18.39979736602428,0.0543484246107257,3.055622077909559e-06,nan,15.763866114094451,0.063436214997151
nan,nan,nan,nan,1.952895588945373e-06,nan,15.964345191035504,0.062639587658223
nan,nan,nan,nan,1.338560989965998e-06,nan,16.131854431088318,0.061989153464766
nan,nan,nan,nan,8.41486512836465e-07,nan,16.35272820088763,0.0611518755595607
Name:	54.5559478116852_10_80_1
Lambda:	54.5559478116852	Maximal Depth:	10	Filter time:	10 to 80 [us]
Chi2:	0.8934096781227093	RelRMS:	3.610183312058124	AbsRMS:	5.278310679578976e-07	Phi model:	0.020559737612718
depth_vector,start_model,resistivity_model,conductivity_model,E/I[V/A],modelled_thickness,rhoa,sigma
0.0,15.3346,12.739652916109597,0.0784950741268214,0.000128151646098,1.0,13.783057875434691,0.0725528405262146
1.0,15.3346,12.878918713590002,0.0776462700199192,8.0895056775674e-05,1.0,13.98045991553935,0.0715284050768955
2.0,15.3346,13.162539146395195,0.0759731833560296,5.393243155573228e-05,1.0,14.30122915111278,0.0699240596338665
3.0,15.3346,13.596333704156184,0.073549239211032,3.3073541613514495e-05,1.0,14.665978865161922,0.0681850157561207
4.0,15.3346,14.187032007614471,0.0704869065963394,1.9346110167738763e-05,1.0,14.839878914439128,0.067385994573514
5.0,15.3346,14.94171745946523,0.0669267105814883,1.2302618438572903e-05,1.0,15.063557937275316,0.0663853788171428
6.0,15.3346,15.867096352853611,0.0630235033406194,8.342961724630472e-06,1.5,15.297676184567267,0.0653694056492598
7.5,15.3346,17.01907796335166,0.0587575896974776,5.18876505088148e-06,1.5,15.58183829122839,0.0641772800686128
9.0,15.3346,18.37757432378961,0.0544141453263235,3.0563969912412696e-06,nan,15.761201506869584,0.0634469395981103
nan,nan,nan,nan,1.9535911144326043e-06,nan,15.960555838579827,0.062654459538483
nan,nan,nan,nan,1.339149597409988e-06,nan,16.1271270402371,0.0620073245225268
nan,nan,nan,nan,8.419428332370595e-07,nan,16.346819044582716,0.0611739811441417
Name:	69.51927961775606_10_80_1
Lambda:	69.51927961775606	Maximal Depth:	10	Filter time:	10 to 80 [us]
Chi2:	0.896631386134272	RelRMS:	3.630105748745852	AbsRMS:	5.085220303216852e-07	Phi model:	0.0202710812817115
depth_vector,start_model,resistivity_model,conductivity_model,E/I[V/A],modelled_thickness,rhoa,sigma
0.0,15.3346,12.733426008446592,0.0785334598352917,0.0001280792337412,1.0,13.78825241870247,0.0725255071950665
1.0,15.3346,12.875655167581971,0.0776659507407263,8.085389398762589e-05,1.0,13.985204489254327,0.071504138589347
2.0,15.3346,13.164866084963602,0.0759597548160524,5.390848343418525e-05,1.0,14.305464257223305,0.0699033587459468
3.0,15.3346,13.605949675968365,0.0734972584652624,3.306209909932931e-05,1.0,14.669362517890828,0.0681692881187164
4.0,15.3346,14.204053634996246,0.0704024376207774,1.9341839560593603e-05,1.0,14.842063227907474,0.0673760773448063
5.0,15.3346,14.964027530413311,0.0668269286438809,1.2301328155131957e-05,1.0,15.064611260914385,0.0663807371249288
6.0,15.3346,15.889672096321362,0.0629339607474663,8.342951360718329e-06,1.5,15.297688853444448,0.0653693515131757
7.5,15.3346,17.028291795554615,0.058725796574678,5.189445130759115e-06,1.5,15.580476922028692,0.0641828876615538
9.0,15.3346,18.35253875800773,0.0544883742345277,3.0572314793403134e-06,nan,15.758333305450892,0.0634584876849948
nan,nan,nan,nan,1.9543612654984533e-06,nan,15.956362534518318,0.0626709250204553
nan,nan,nan,nan,1.3398108846557995e-06,nan,16.12182005200134,0.0620277361225019
nan,nan,nan,nan,8.424599381852091e-07,nan,16.340129202437982,0.0611990264955064
Name:	88.58667904100822_10_80_1
Lambda:	88.58667904100822	Maximal Depth:	10	Filter time:	10 to 80 [us]
Chi2:	0.8989807406054471	RelRMS:	3.62260558134504	AbsRMS:	5.343591359864454e-07	Phi model:	0.020436393298027
depth_vector,start_model,resistivity_model,conductivity_model,E/I[V/A],modelled_thickness,rhoa,sigma
0.0,15.3346,12.70580085299264,0.0787042085398707,0.0001281806369574,1.0,13.78097957008162,0.0725637821981095
1.0,15.3346,12.85152860819419,0.0778117553551097,8.090627864084228e-05,1.0,13.979167140196688,0.0715350199315186
2.0,15.3346,13.147556027546775,0.0760597633434532,5.393607592648541e-05,1.0,14.300584937046324,0.0699272095793406
3.0,15.3346,13.59816917137011,0.0735393116086114,3.307396837756308e-05,1.0,14.665852704996608,0.0681856023045494
4.0,15.3346,14.207434162756275,0.070385686010879,1.934642652070675e-05,1.0,14.83971713942851,0.067386729181181
5.0,15.3346,14.978630960259256,0.0667617756691624,1.230298015810276e-05,1.0,15.063262680368709,0.0663866800453036
6.0,15.3346,15.913473483242344,0.0628398319859613,8.343302719913943e-06,1.5,15.297259365542006,0.0653711868318425
7.5,15.3346,17.05307960617874,0.0586404346366667,5.189132238728355e-06,1.5,15.581103225599252,0.0641803077433587
9.0,15.3346,18.364343923127187,0.0544533474316306,3.0567902204887768e-06,nan,15.759849784343611,0.0634523814429649
nan,nan,nan,nan,1.9539419227150583e-06,nan,15.958645422624802,0.0626619599293988
nan,nan,nan,nan,1.339442856294446e-06,nan,16.124773028712927,0.062016376802286
nan,nan,nan,nan,8.421717719978279e-07,nan,16.343856394762206,0.0611850701478553
Name:	112.88378916846884_10_80_1
Lambda:	112.88378916846884	Maximal Depth:	10	Filter time:	10 to 80 [us]
Chi2:	0.8991364674925153	RelRMS:	3.64659395410727	AbsRMS:	4.953699938049336e-07	Phi model:	0.0200244149795708
depth_vector,start_model,resistivity_model,conductivity_model,E/I[V/A],modelled_thickness,rhoa,sigma
0.0,15.3346,12.716133721524828,0.0786402551199412,0.0001280312933325,1.0,13.79169414608146,0.0725074084016083
1.0,15.3346,12.863043572977956,0.0777420984642196,8.08242636796729e-05,1.0,13.988622279754102,0.0714866682366076
2.0,15.3346,13.16117586228165,0.0759810529442038,5.38898337248585e-05,1.0,14.308764537887296,0.0698872357115222
3.0,15.3346,13.614152813438851,0.0734529730717343,3.3052364401363815e-05,1.0,14.672242691159584,0.0681559064315727
4.0,15.3346,14.22492860883906,0.0702991225824938,1.9337963869784028e-05,1.0,14.844046246979858,0.0673670765613154
5.0,15.3346,14.995224267351116,0.0666878989050724,1.2299980426698905e-05,1.0,15.065711676441932,0.0663758886056267
6.0,15.3346,15.92474649697344,0.0627953481199875,8.342714247790062e-06,1.5,15.297978708161592,0.0653681129433454
7.5,15.3346,17.048710161721896,0.0586554636986685,5.189865672441807e-06,1.5,15.579635239553896,0.0641863551119078
9.0,15.3346,18.329476098040576,0.0545569330324122,3.0578687012760945e-06,nan,15.75614400184919,0.063467305191082
nan,nan,nan,nan,1.954982255736045e-06,nan,15.952983383639053,0.0626841999362685
nan,nan,nan,nan,1.3403556924283311e-06,nan,16.117451118169924,0.0620445498899422
nan,nan,nan,nan,8.428947247387565e-07,nan,16.334509616211623,0.0612200808898188
Name:	143.8449888287663_10_80_1
Lambda:	143.8449888287663	Maximal Depth:	10	Filter time:	10 to 80 [us]
Chi2:	0.8996566694433201	RelRMS:	3.67597225607804	AbsRMS:	4.48134465685688e-07	Phi model:	0.0195264695824275
depth_vector,start_model,resistivity_model,conductivity_model,E/I[V/A],modelled_thickness,rhoa,sigma
0.0,15.3346,12.735346669204093,0.0785216159382723,0.0001278350897918,1.0,13.805802361609793,0.072433312733835
1.0,15.3346,12.882630991638557,0.0776238953556185,8.071724303642603e-05,1.0,14.000984287114198,0.0714235499085839
2.0,15.3346,13.181270195337952,0.0758652227881412,5.382988754082542e-05,1.0,14.319385610398896,0.069835398473646
3.0,15.3346,13.634305975812415,0.073344400644523,3.302451045569582e-05,1.0,14.680491562834083,0.0681176100759223
4.0,15.3346,14.243740951232898,0.0702062754036145,1.932696940720587e-05,1.0,14.849675232330489,0.0673415400912482
5.0,15.3346,15.009980383158297,0.066622338902057,1.2295990954360727e-05,1.0,15.068970244784085,0.0663615352446618
6.0,15.3346,15.931060822318123,0.0627704589890888,8.34183167156017e-06,1.5,15.299057719329593,0.0653635026643863
7.5,15.3346,17.037312023322347,0.0586947048120678,5.190688714878375e-06,1.5,15.577988311045216,0.0641931409905458
9.0,15.3346,18.28764851146393,0.0546817158790607,3.059145392629352e-06,nan,15.751759959977964,0.0634849694599713
nan,nan,nan,nan,1.956227733761263e-06,nan,15.946211438891115,0.0627108202993663
nan,nan,nan,nan,1.3414545030772342e-06,nan,16.10864851098435,0.0620784542736846
nan,nan,nan,nan,8.437675794484442e-07,nan,16.323242601202658,0.061262337663616
Name:	183.29807108324357_10_80_1
Lambda:	183.2980710832436	Maximal Depth:	10	Filter time:	10 to 80 [us]
Chi2:	0.8978225912112058	RelRMS:	3.680698653075954	AbsRMS:	4.363069573100759e-07	Phi model:	0.0193944181961073
depth_vector,start_model,resistivity_model,conductivity_model,E/I[V/A],modelled_thickness,rhoa,sigma
0.0,15.3346,12.735331911435534,0.0785217069295274,0.0001277841627601,1.0,13.809470222719453,0.0724140741007422
1.0,15.3346,12.8836965588536,0.0776174753442796,8.068807489489123e-05,1.0,14.004358251947243,0.0714063423692374
2.0,15.3346,13.18436194318211,0.075847432307266,5.381260780091487e-05,1.0,14.322450840261377,0.0698204525994205
3.0,15.3346,13.639998710096547,0.0733137899243189,3.30157896382563e-05,1.0,14.683076593668575,0.0681056176218004
4.0,15.3346,14.251973354270868,0.0701657219770433,1.9323160417070504e-05,1.0,14.85162661803041,0.067332691948097
5.0,15.3346,15.019787548916886,0.0665788378659265,1.2294319900866813e-05,1.0,15.07033567126703,0.0663555226514689
6.0,15.3346,15.940305396776743,0.0627340552836715,8.341154325146331e-06,1.5,15.29988595174847,0.065359964326121
7.5,15.3346,17.04040983222182,0.0586840345887159,5.190623428726542e-06,1.5,15.57811893437555,0.0641926027277493
9.0,15.3346,18.276264774091395,0.0547157754804258,3.059325955328372e-06,nan,15.751140170235084,0.0634874675224907
nan,nan,nan,nan,1.956462485395359e-06,nan,15.94493584613626,0.0627158371566805
nan,nan,nan,nan,1.341682920289623e-06,nan,16.106820161953877,0.0620855010452101
nan,nan,nan,nan,8.439621605704902e-07,nan,16.32073354959623,0.0612717557676652
Name:	233.57214690901213_10_80_1
Lambda:	233.57214690901213	Maximal Depth:	10	Filter time:	10 to 80 [us]
Chi2:	0.8959622686324265	RelRMS:	3.693974678329568	AbsRMS:	4.102684690439334e-07	Phi model:	0.0191096138452787
depth_vector,start_model,resistivity_model,conductivity_model,E/I[V/A],modelled_thickness,rhoa,sigma
0.0,15.3346,12.746853552822843,0.0784507326342151,0.0001276612115788,1.0,13.818335448796706,0.072367616469108
1.0,15.3346,12.895495015532864,0.0775464608993669,8.062018734442242e-05,1.0,14.012218881982037,0.0713662845565362
2.0,15.3346,13.196568981740626,0.0757772722124701,5.377394636834383e-05,1.0,14.329314884711666,0.0697870071280886
3.0,15.3346,13.652394965865604,0.0732472216413493,3.299724779596725e-05,1.0,14.68857656346982,0.0680801162508135
4.0,15.3346,14.263762163348604,0.0701077309441927,1.9315400250542705e-05,1.0,14.855604217197325,0.0673146635693463
5.0,15.3346,15.02937349347817,0.0665363729522018,1.229113500112489e-05,1.0,15.072938926136406,0.0663440623557496
6.0,15.3346,15.945081334146815,0.0627152649173681,8.340057216962491e-06,1.5,15.301227690112947,0.0653542330231554
7.5,15.3346,17.03481721500411,0.0587033008560379,5.190741964033086e-06,1.5,15.577881773144508,0.0641935800105987
9.0,15.3346,18.25268591422689,0.0547864574396998,3.059859117656624e-06,nan,15.749310421839729,0.0634948434703077
nan,nan,nan,nan,1.957054644787852e-06,nan,15.941719305141726,0.0627284912536044
nan,nan,nan,nan,1.3422322694199434e-06,nan,16.10242506008774,0.0621024470704508
nan,nan,nan,nan,8.444141643340246e-07,nan,16.31490884761595,0.061293630834237
Name:	297.63514416313194_10_80_1
Lambda:	297.63514416313194	Maximal Depth:	10	Filter time:	10 to 80 [us]
Chi2:	0.8957613297927595	RelRMS:	3.719132140816316	AbsRMS:	3.7358136737245073e-07	Phi model:	0.0186454021951211
depth_vector,start_model,resistivity_model,conductivity_model,E/I[V/A],modelled_thickness,rhoa,sigma
0.0,15.3346,12.771525069471489,0.0782991846753178,0.0001274540092172,1.0,13.833307733216092,0.0722892904058537
1.0,15.3346,12.91959493125405,0.07740180751185,8.050697457555073e-05,1.0,14.025352241214868,0.0712994570689927
2.0,15.3346,13.219359086194071,0.0756466325999398,5.371024347107719e-05,1.0,14.34064281111812,0.0697318811416676
3.0,15.3346,13.672784124999271,0.073137993758828,3.296721034816669e-05,1.0,14.69749735425215,0.0680387943536992
4.0,15.3346,14.28010832888322,0.0700274799720798,1.9303037297652537e-05,1.0,14.861946553664724,0.067285937033155
5.0,15.3346,15.039299800300764,0.0664924573137375,1.228620678944124e-05,1.0,15.076969335731544,0.0663263271107183
6.0,15.3346,15.945314881931854,0.0627143463396343,8.33849723032926e-06,1.5,15.303136024896686,0.0653460832062852
7.5,15.3346,17.019482456332717,0.0587561932371165,5.191101514226254e-06,1.5,15.577162453099817,0.0641965443328224
9.0,15.3346,18.21449277841661,0.0549013366534673,3.060826363653112e-06,nan,15.745992307040702,0.0635082235847948
nan,nan,nan,nan,1.958082246181915e-06,nan,15.936141341906414,0.0627504474606003
nan,nan,nan,nan,1.3431709227262824e-06,nan,16.094922239587547,0.0621313967917391
nan,nan,nan,nan,8.451776061263568e-07,nan,16.30508262168763,0.0613305693201385
Name:	379.26901907322497_10_80_1
Lambda:	379.26901907322497	Maximal Depth:	10	Filter time:	10 to 80 [us]
Chi2:	0.9005660716838211	RelRMS:	3.761140831533697	AbsRMS:	3.4041715478295906e-07	Phi model:	0.0179778943498153
depth_vector,start_model,resistivity_model,conductivity_model,E/I[V/A],modelled_thickness,rhoa,sigma
0.0,15.3346,12.811141603295903,0.0780570561910526,0.000127150486503,1.0,13.855313439592738,0.0721744769152904
1.0,15.3346,12.957726661259167,0.0771740310736594,8.034197134821579e-05,1.0,14.044548824040763,0.0712020024657716
2.0,15.3346,13.25432385653812,0.0754470775592764,5.3617959665526616e-05,1.0,14.357092893182047,0.0696519836877898
3.0,15.3346,13.702527561307503,0.0729792365332472,3.2924095967018524e-05,1.0,14.710325553266587,0.067979460847346
4.0,15.3346,14.30202596494858,0.0699201639299775,1.928548496747872e-05,1.0,14.870962738275782,0.0672451419319436
5.0,15.3346,15.05008451112175,0.0664448096129305,1.2279353224305667e-05,1.0,15.082578826706015,0.066301659118754
6.0,15.3346,15.94084272818087,0.0627319406540633,8.336467287693714e-06,1.5,15.305620148897132,0.0653354774436928
7.5,15.3346,16.993258610727423,0.0588468652721335,5.19178465168922e-06,1.5,15.575795989564122,0.0642021762913437
9.0,15.3346,18.15920432896996,0.0550684920927217,3.06232588182203e-06,nan,15.740851698271518,0.0635289639448041
nan,nan,nan,nan,1.9596350070838155e-06,nan,15.927721989614335,0.062783617183427
nan,nan,nan,nan,1.344575868965496e-06,nan,16.083708571998244,0.0621747152109558
nan,nan,nan,nan,8.463123889987632e-07,nan,16.290504186180026,0.0613854542849782
Name:	483.2930238571752_10_80_1
Lambda:	483.2930238571752	Maximal Depth:	10	Filter time:	10 to 80 [us]
Chi2:	0.9033908591625456	RelRMS:	3.7891773420025663	AbsRMS:	3.351214982280133e-07	Phi model:	0.0174897504514704
depth_vector,start_model,resistivity_model,conductivity_model,E/I[V/A],modelled_thickness,rhoa,sigma
0.0,15.3346,12.841327600565052,0.0778735681469568,0.0001269146354069,1.0,13.872473423137484,0.072085198471682
1.0,15.3346,12.986825308367616,0.0770011127627692,8.021276443678016e-05,1.0,14.05962677298273,0.0711256433863252
2.0,15.3346,13.281100614442984,0.0752949645538048,5.3544934694139566e-05,1.0,14.37014346636857,0.0695887276519102
3.0,15.3346,13.725469214338093,0.0728572542318164,3.2889296592638365e-05,1.0,14.720700152266508,0.0679315514653718
4.0,15.3346,14.319207302973352,0.0698362680867363,1.9270816027041777e-05,1.0,14.878508296659811,0.0672110389066689
5.0,15.3346,15.059054766857102,0.0664052303070749,1.2273221861149895e-05,1.0,15.087601635498482,0.0662795866539301
6.0,15.3346,15.938541658300158,0.0627409973533707,8.33425218346067e-06,1.5,15.308332013267618,0.0653239032922272
7.5,15.3346,16.974849004184424,0.0589106860245703,5.191851894199853e-06,1.5,15.575661502177653,0.0642027306423029
9.0,15.3346,18.119238048557392,0.0551899587234363,3.0631811909540724e-06,nan,15.737921428510647,0.0635407925082413
nan,nan,nan,nan,1.9606237100586767e-06,nan,15.922366853600463,0.0628047330647876
nan,nan,nan,nan,1.345506926354306e-06,nan,16.07628803134228,0.0622034140001972
nan,nan,nan,nan,8.470849065087318e-07,nan,16.280598360349845,0.0614228038715962
Name:	615.8482110660261_10_80_1
Lambda:	615.8482110660261	Maximal Depth:	10	Filter time:	10 to 80 [us]
Chi2:	0.9175144834548729	RelRMS:	3.845044280033214	AbsRMS:	3.651785294141552e-07	Phi model:	0.0167191713063123
depth_vector,start_model,resistivity_model,conductivity_model,E/I[V/A],modelled_thickness,rhoa,sigma
0.0,15.3346,12.892052104026437,0.0775671702170425,0.0001265445201298,1.0,13.899509572134043,0.0719449844478553
1.0,15.3346,13.035305812384522,0.076714732618695,8.001137625263833e-05,1.0,14.083208888237714,0.0710065445976022
2.0,15.3346,13.324892472298538,0.0750475099201682,5.343210588591556e-05,1.0,14.390365965539058,0.0694909359772172
3.0,15.3346,13.761790349548807,0.0726649639763467,3.2836339484800625e-05,1.0,14.736523197216826,0.0678586113303077
4.0,15.3346,14.344808520764172,0.0697116311139668,1.924900919643436e-05,1.0,14.889743225741816,0.0671603253890349
5.0,15.3346,15.070124490298086,0.0663564525060018,1.2264501792960866e-05,1.0,15.09475231756504,0.0662481887057098
6.0,15.3346,15.930660521276844,0.0627720362670718,8.331467670775047e-06,1.5,15.311742686498768,0.0653093524672248
7.5,15.3346,16.941802061434892,0.0590255981254986,5.192441584247262e-06,1.5,15.574482225687904,0.0642075919769994
9.0,15.3346,18.054741870611945,0.0553871114395559,3.0648332140709626e-06,nan,15.7322654934827,0.0635636361726963
nan,nan,nan,nan,1.962386563409092e-06,nan,15.912829826111464,0.0628423737906813
nan,nan,nan,nan,1.347120872972418e-06,nan,16.063445108387487,0.0622531463987045
nan,nan,nan,nan,8.483989168816629e-07,nan,16.26378362790994,0.0614863074225803
Name:	784.7599703514607_10_80_1
Lambda:	784.7599703514607	Maximal Depth:	10	Filter time:	10 to 80 [us]
Chi2:	0.9518624381480146	RelRMS:	3.937821280084676	AbsRMS:	4.642126064634764e-07	Phi model:	0.01566319420572
depth_vector,start_model,resistivity_model,conductivity_model,E/I[V/A],modelled_thickness,rhoa,sigma
0.0,15.3346,12.96504598669428,0.0771304630177383,0.000126033168205,1.0,13.937080334958464,0.0717510393831693
1.0,15.3346,13.104809235772832,0.0763078639306134,7.97342424317071e-05,1.0,14.115822864701263,0.0708424871567813
2.0,15.3346,13.38715824271958,0.0746984521934545,5.327765704457058e-05,1.0,14.418163770491608,0.0693569594518417
3.0,15.3346,13.812672626749375,0.0723972852338089,3.276454015624342e-05,1.0,14.75804415459126,0.0677596563287756
4.0,15.3346,14.379637207299703,0.0695427837005761,1.92199124595643e-05,1.0,14.904767009080002,0.0670926287804968
5.0,15.3346,15.083629629565593,0.0662970402057531,1.2253237819946312e-05,1.0,15.10400161944702,0.0662076200198799
6.0,15.3346,15.91696746422985,0.0628260378270733,8.328231105067467e-06,1.5,15.315709455379748,0.0652924373443727
7.5,15.3346,16.893184166364687,0.0591954713896423,5.19369238335263e-06,1.5,15.571981585937696,0.0642179028071194
9.0,15.3346,17.96396120861596,0.055667009541324,3.067401738644281e-06,nan,15.72348187018455,0.0635991447858783
nan,nan,nan,nan,1.965021111236255e-06,nan,15.898603521038597,0.0628986060742191
nan,nan,nan,nan,1.3494967414418171e-06,nan,16.044585811260415,0.0623263206519285
nan,nan,nan,nan,8.503132525536278e-07,nan,16.239364364342432,0.0615787648804622
Name:	1000.0_10_80_1
Lambda:	1000	Maximal Depth:	10	Filter time:	10 to 80 [us]
Chi2:	0.7136185306288912	RelRMS:	3.30825993873101	AbsRMS:	1.0664712122846954e-06	Phi model:	0.0153574303981651
depth_vector,start_model,resistivity_model,conductivity_model,E/I[V/A],modelled_thickness,rhoa,sigma
0.0,15.3346,13.043259283843028,0.0766679537865755,0.0001241460352408,1.0,14.077962462919658,0.0710330065614202
1.0,15.3346,13.195999954073296,0.0757805398211844,7.853855723137198e-05,1.0,14.258729673647682,0.0701324748338663
2.0,15.3346,13.50283526787244,0.0740585203153088,5.247924888828959e-05,1.0,14.564032042978647,0.0686623043020632
3.0,15.3346,13.95985112897064,0.0716340017354996,3.227613147258549e-05,1.0,14.90655223329425,0.0670845936974258
4.0,15.3346,14.558476025212142,0.0686885082111764,1.8937035969829683e-05,1.0,15.052828916133464,0.066432695513347
5.0,15.3346,15.286131923683104,0.0654187733687343,1.207516881784424e-05,1.0,15.252128581261696,0.0655646190413428
6.0,15.3346,16.127018129264663,0.0620077432780561,8.208575146235442e-06,1.5,15.464187694756609,0.0646655368997536
7.5,15.3346,17.077134828760045,0.0585578324483258,5.120256976426055e-06,1.5,15.720518223110767,0.06361113455725
9.0,15.3346,18.086757681373776,0.0552890693631521,3.0248750441968345e-06,nan,15.87050956794458,0.0630099490957625
nan,nan,nan,nan,1.938241822143941e-06,nan,16.04470805741372,0.0623258457817768
nan,nan,nan,nan,1.3313630413644109e-06,nan,16.189946214515533,0.0617667277426421
nan,nan,nan,nan,8.390880630982162e-07,nan,16.383875138548238,0.0610356213986997
Name:	200_10_80_1
Lambda:	200	Maximal Depth:	10	Filter time:	10 to 80 [us]
Chi2:	0.8985476055258089	RelRMS:	3.695969749727057	AbsRMS:	4.138859538124237e-07	Phi model:	0.0191425836273807
depth_vector,start_model,resistivity_model,conductivity_model,E/I[V/A],modelled_thickness,rhoa,sigma
0.0,15.3346,12.74839604410366,0.0784412404933494,0.0001276774465317,1.0,13.817164034495194,0.07237375177015
1.0,15.3346,12.896421862520596,0.0775408877485766,8.063020196376732e-05,1.0,14.01105860589116,0.071372194502101
2.0,15.3346,13.196322544783136,0.0757786873279576,5.3780375102403575e-05,1.0,14.328172941641046,0.0697925690925857
3.0,15.3346,13.65058649937046,0.0732569256307132,3.300088520842109e-05,1.0,14.687497210748894,0.0680851193127825
4.0,15.3346,14.260296762017893,0.0701247678564086,1.931723963381839e-05,1.0,14.854661170670566,0.0673189370333418
5.0,15.3346,15.02457737518122,0.0665576125723096,1.2292129837970111e-05,1.0,15.072125651437847,0.0663476422056368
6.0,15.3346,15.939831285660416,0.0627359212327176,8.340625822186106e-06,1.5,15.300532262133029,0.0653572034532994
7.5,15.3346,17.031604264792104,0.0587143750202797,5.191007985284838e-06,1.5,15.577349560131008,0.0641957732372791
9.0,15.3346,18.255334877067725,0.0547785075833473,3.059957031392085e-06,nan,15.748974451536304,0.0634961979954479
nan,nan,nan,nan,1.957085008162436e-06,nan,15.941554418539322,0.0627291400666075
nan,nan,nan,nan,1.3422350604106604e-06,nan,16.10240273824771,0.0621025331595216
nan,nan,nan,nan,8.444020256995396e-07,nan,16.31506520302854,0.0612930434267815
Name:	200_10_80_2
Lambda:	200	Maximal Depth:	10	Filter time:	10 to 80 [us]
Chi2:	0.8985476055258089	RelRMS:	3.695969749727057	AbsRMS:	4.138859538124237e-07	Phi model:	0.0191425836273807
depth_vector,start_model,resistivity_model,conductivity_model,E/I[V/A],modelled_thickness,rhoa,sigma
0.0,15.3346,12.74839604410366,0.0784412404933494,0.0001276774465317,1.0,13.817164034495194,0.07237375177015
1.0,15.3346,12.896421862520596,0.0775408877485766,8.063020196376732e-05,1.0,14.01105860589116,0.071372194502101
2.0,15.3346,13.196322544783136,0.0757786873279576,5.3780375102403575e-05,1.0,14.328172941641046,0.0697925690925857
3.0,15.3346,13.65058649937046,0.0732569256307132,3.300088520842109e-05,1.0,14.687497210748894,0.0680851193127825
4.0,15.3346,14.260296762017893,0.0701247678564086,1.931723963381839e-05,1.0,14.854661170670566,0.0673189370333418
5.0,15.3346,15.02457737518122,0.0665576125723096,1.2292129837970111e-05,1.0,15.072125651437847,0.0663476422056368
6.0,15.3346,15.939831285660416,0.0627359212327176,8.340625822186106e-06,1.5,15.300532262133029,0.0653572034532994
7.5,15.3346,17.031604264792104,0.0587143750202797,5.191007985284838e-06,1.5,15.577349560131008,0.0641957732372791
9.0,15.3346,18.255334877067725,0.0547785075833473,3.059957031392085e-06,nan,15.748974451536304,0.0634961979954479
nan,nan,nan,nan,1.957085008162436e-06,nan,15.941554418539322,0.0627291400666075
nan,nan,nan,nan,1.3422350604106604e-06,nan,16.10240273824771,0.0621025331595216
nan,nan,nan,nan,8.444020256995396e-07,nan,16.31506520302854,0.0612930434267815
Name:	200_10_80_3
Lambda:	200	Maximal Depth:	10	Filter time:	10 to 80 [us]
Chi2:	0.8985476055258089	RelRMS:	3.695969749727057	AbsRMS:	4.138859538124237e-07	Phi model:	0.0191425836273807
depth_vector,start_model,resistivity_model,conductivity_model,E/I[V/A],modelled_thickness,rhoa,sigma
0.0,15.3346,12.74839604410366,0.0784412404933494,0.0001276774465317,1.0,13.817164034495194,0.07237375177015
1.0,15.3346,12.896421862520596,0.0775408877485766,8.063020196376732e-05,1.0,14.01105860589116,0.071372194502101
2.0,15.3346,13.196322544783136,0.0757786873279576,5.3780375102403575e-05,1.0,14.328172941641046,0.0697925690925857
3.0,15.3346,13.65058649937046,0.0732569256307132,3.300088520842109e-05,1.0,14.687497210748894,0.0680851193127825
4.0,15.3346,14.260296762017893,0.0701247678564086,1.931723963381839e-05,1.0,14.854661170670566,0.0673189370333418
5.0,15.3346,15.02457737518122,0.0665576125723096,1.2292129837970111e-05,1.0,15.072125651437847,0.0663476422056368
6.0,15.3346,15.939831285660416,0.0627359212327176,8.340625822186106e-06,1.5,15.300532262133029,0.0653572034532994
7.5,15.3346,17.031604264792104,0.0587143750202797,5.191007985284838e-06,1.5,15.577349560131008,0.0641957732372791
9.0,15.3346,18.255334877067725,0.0547785075833473,3.059957031392085e-06,nan,15.748974451536304,0.0634961979954479
nan,nan,nan,nan,1.957085008162436e-06,nan,15.941554418539322,0.0627291400666075
nan,nan,nan,nan,1.3422350604106604e-06,nan,16.10240273824771,0.0621025331595216
nan,nan,nan,nan,8.444020256995396e-07,nan,16.31506520302854,0.0612930434267815
Name:	200_10_80_4
Lambda:	200	Maximal Depth:	10	Filter time:	10 to 80 [us]
Chi2:	0.8985476055258089	RelRMS:	3.695969749727057	AbsRMS:	4.138859538124237e-07	Phi model:	0.0191425836273807
depth_vector,start_model,resistivity_model,conductivity_model,E/I[V/A],modelled_thickness,rhoa,sigma
0.0,15.3346,12.74839604410366,0.0784412404933494,0.0001276774465317,1.0,13.817164034495194,0.07237375177015
1.0,15.3346,12.896421862520596,0.0775408877485766,8.063020196376732e-05,1.0,14.01105860589116,0.071372194502101
2.0,15.3346,13.196322544783136,0.0757786873279576,5.3780375102403575e-05,1.0,14.328172941641046,0.0697925690925857
3.0,15.3346,13.65058649937046,0.0732569256307132,3.300088520842109e-05,1.0,14.687497210748894,0.0680851193127825
4.0,15.3346,14.260296762017893,0.0701247678564086,1.931723963381839e-05,1.0,14.854661170670566,0.0673189370333418
5.0,15.3346,15.02457737518122,0.0665576125723096,1.2292129837970111e-05,1.0,15.072125651437847,0.0663476422056368
6.0,15.3346,15.939831285660416,0.0627359212327176,8.340625822186106e-06,1.5,15.300532262133029,0.0653572034532994
7.5,15.3346,17.031604264792104,0.0587143750202797,5.191007985284838e-06,1.5,15.577349560131008,0.0641957732372791
9.0,15.3346,18.255334877067725,0.0547785075833473,3.059957031392085e-06,nan,15.748974451536304,0.0634961979954479
nan,nan,nan,nan,1.957085008162436e-06,nan,15.941554418539322,0.0627291400666075
nan,nan,nan,nan,1.3422350604106604e-06,nan,16.10240273824771,0.0621025331595216
nan,nan,nan,nan,8.444020256995396e-07,nan,16.31506520302854,0.0612930434267815
Name:	200_10_80_5
Lambda:	200	Maximal Depth:	10	Filter time:	10 to 80 [us]
Chi2:	0.8985476055258089	RelRMS:	3.695969749727057	AbsRMS:	4.138859538124237e-07	Phi model:	0.0191425836273807
depth_vector,start_model,resistivity_model,conductivity_model,E/I[V/A],modelled_thickness,rhoa,sigma
0.0,15.3346,12.74839604410366,0.0784412404933494,0.0001276774465317,1.0,13.817164034495194,0.07237375177015
1.0,15.3346,12.896421862520596,0.0775408877485766,8.063020196376732e-05,1.0,14.01105860589116,0.071372194502101
2.0,15.3346,13.196322544783136,0.0757786873279576,5.3780375102403575e-05,1.0,14.328172941641046,0.0697925690925857
3.0,15.3346,13.65058649937046,0.0732569256307132,3.300088520842109e-05,1.0,14.687497210748894,0.0680851193127825
4.0,15.3346,14.260296762017893,0.0701247678564086,1.931723963381839e-05,1.0,14.854661170670566,0.0673189370333418
5.0,15.3346,15.02457737518122,0.0665576125723096,1.2292129837970111e-05,1.0,15.072125651437847,0.0663476422056368
6.0,15.3346,15.939831285660416,0.0627359212327176,8.340625822186106e-06,1.5,15.300532262133029,0.0653572034532994
7.5,15.3346,17.031604264792104,0.0587143750202797,5.191007985284838e-06,1.5,15.577349560131008,0.0641957732372791
9.0,15.3346,18.255334877067725,0.0547785075833473,3.059957031392085e-06,nan,15.748974451536304,0.0634961979954479
nan,nan,nan,nan,1.957085008162436e-06,nan,15.941554418539322,0.0627291400666075
nan,nan,nan,nan,1.3422350604106604e-06,nan,16.10240273824771,0.0621025331595216
nan,nan,nan,nan,8.444020256995396e-07,nan,16.31506520302854,0.0612930434267815
Name:	200_10_80_6
Lambda:	200	Maximal Depth:	10	Filter time:	10 to 80 [us]
Chi2:	0.8985476055258089	RelRMS:	3.695969749727057	AbsRMS:	4.138859538124237e-07	Phi model:	0.0191425836273807
depth_vector,start_model,resistivity_model,conductivity_model,E/I[V/A],modelled_thickness,rhoa,sigma
0.0,15.3346,12.74839604410366,0.0784412404933494,0.0001276774465317,1.0,13.817164034495194,0.07237375177015
1.0,15.3346,12.896421862520596,0.0775408877485766,8.063020196376732e-05,1.0,14.01105860589116,0.071372194502101
2.0,15.3346,13.196322544783136,0.0757786873279576,5.3780375102403575e-05,1.0,14.328172941641046,0.0697925690925857
3.0,15.3346,13.65058649937046,0.0732569256307132,3.300088520842109e-05,1.0,14.687497210748894,0.0680851193127825
4.0,15.3346,14.260296762017893,0.0701247678564086,1.931723963381839e-05,1.0,14.854661170670566,0.0673189370333418
5.0,15.3346,15.02457737518122,0.0665576125723096,1.2292129837970111e-05,1.0,15.072125651437847,0.0663476422056368
6.0,15.3346,15.939831285660416,0.0627359212327176,8.340625822186106e-06,1.5,15.300532262133029,0.0653572034532994
7.5,15.3346,17.031604264792104,0.0587143750202797,5.191007985284838e-06,1.5,15.577349560131008,0.0641957732372791
9.0,15.3346,18.255334877067725,0.0547785075833473,3.059957031392085e-06,nan,15.748974451536304,0.0634961979954479
nan,nan,nan,nan,1.957085008162436e-06,nan,15.941554418539322,0.0627291400666075
nan,nan,nan,nan,1.3422350604106604e-06,nan,16.10240273824771,0.0621025331595216
nan,nan,nan,nan,8.444020256995396e-07,nan,16.31506520302854,0.0612930434267815
Name:	200_10_80_7
Lambda:	200	Maximal Depth:	10	Filter time:	10 to 80 [us]
Chi2:	0.8985476055258089	RelRMS:	3.695969749727057	AbsRMS:	4.138859538124237e-07	Phi model:	0.0191425836273807
depth_vector,start_model,resistivity_model,conductivity_model,E/I[V/A],modelled_thickness,rhoa,sigma
0.0,15.3346,12.74839604410366,0.0784412404933494,0.0001276774465317,1.0,13.817164034495194,0.07237375177015
1.0,15.3346,12.896421862520596,0.0775408877485766,8.063020196376732e-05,1.0,14.01105860589116,0.071372194502101
2.0,15.3346,13.196322544783136,0.0757786873279576,5.3780375102403575e-05,1.0,14.328172941641046,0.0697925690925857
3.0,15.3346,13.65058649937046,0.0732569256307132,3.300088520842109e-05,1.0,14.687497210748894,0.0680851193127825
4.0,15.3346,14.260296762017893,0.0701247678564086,1.931723963381839e-05,1.0,14.854661170670566,0.0673189370333418
5.0,15.3346,15.02457737518122,0.0665576125723096,1.2292129837970111e-05,1.0,15.072125651437847,0.0663476422056368
6.0,15.3346,15.939831285660416,0.0627359212327176,8.340625822186106e-06,1.5,15.300532262133029,0.0653572034532994
7.5,15.3346,17.031604264792104,0.0587143750202797,5.191007985284838e-06,1.5,15.577349560131008,0.0641957732372791
9.0,15.3346,18.255334877067725,0.0547785075833473,3.059957031392085e-06,nan,15.748974451536304,0.0634961979954479
nan,nan,nan,nan,1.957085008162436e-06,nan,15.941554418539322,0.0627291400666075
nan,nan,nan,nan,1.3422350604106604e-06,nan,16.10240273824771,0.0621025331595216
nan,nan,nan,nan,8.444020256995396e-07,nan,16.31506520302854,0.0612930434267815
Name:	200_10_80_8
Lambda:	200	Maximal Depth:	10	Filter time:	10 to 80 [us]
Chi2:	0.8985476055258089	RelRMS:	3.695969749727057	AbsRMS:	4.138859538124237e-07	Phi model:	0.0191425836273807
depth_vector,start_model,resistivity_model,conductivity_model,E/I[V/A],modelled_thickness,rhoa,sigma
0.0,15.3346,12.74839604410366,0.0784412404933494,0.0001276774465317,1.0,13.817164034495194,0.07237375177015
1.0,15.3346,12.896421862520596,0.0775408877485766,8.063020196376732e-05,1.0,14.01105860589116,0.071372194502101
2.0,15.3346,13.196322544783136,0.0757786873279576,5.3780375102403575e-05,1.0,14.328172941641046,0.0697925690925857
3.0,15.3346,13.65058649937046,0.0732569256307132,3.300088520842109e-05,1.0,14.687497210748894,0.0680851193127825
4.0,15.3346,14.260296762017893,0.0701247678564086,1.931723963381839e-05,1.0,14.854661170670566,0.0673189370333418
5.0,15.3346,15.02457737518122,0.0665576125723096,1.2292129837970111e-05,1.0,15.072125651437847,0.0663476422056368
6.0,15.3346,15.939831285660416,0.0627359212327176,8.340625822186106e-06,1.5,15.300532262133029,0.0653572034532994
7.5,15.3346,17.031604264792104,0.0587143750202797,5.191007985284838e-06,1.5,15.577349560131008,0.0641957732372791
9.0,15.3346,18.255334877067725,0.0547785075833473,3.059957031392085e-06,nan,15.748974451536304,0.0634961979954479
nan,nan,nan,nan,1.957085008162436e-06,nan,15.941554418539322,0.0627291400666075
nan,nan,nan,nan,1.3422350604106604e-06,nan,16.10240273824771,0.0621025331595216
nan,nan,nan,nan,8.444020256995396e-07,nan,16.31506520302854,0.0612930434267815
Name:	200_10_80_9
Lambda:	200	Maximal Depth:	10	Filter time:	10 to 80 [us]
Chi2:	0.8985476055258089	RelRMS:	3.695969749727057	AbsRMS:	4.138859538124237e-07	Phi model:	0.0191425836273807
depth_vector,start_model,resistivity_model,conductivity_model,E/I[V/A],modelled_thickness,rhoa,sigma
0.0,15.3346,12.74839604410366,0.0784412404933494,0.0001276774465317,1.0,13.817164034495194,0.07237375177015
1.0,15.3346,12.896421862520596,0.0775408877485766,8.063020196376732e-05,1.0,14.01105860589116,0.071372194502101
2.0,15.3346,13.196322544783136,0.0757786873279576,5.3780375102403575e-05,1.0,14.328172941641046,0.0697925690925857
3.0,15.3346,13.65058649937046,0.0732569256307132,3.300088520842109e-05,1.0,14.687497210748894,0.0680851193127825
4.0,15.3346,14.260296762017893,0.0701247678564086,1.931723963381839e-05,1.0,14.854661170670566,0.0673189370333418
5.0,15.3346,15.02457737518122,0.0665576125723096,1.2292129837970111e-05,1.0,15.072125651437847,0.0663476422056368
6.0,15.3346,15.939831285660416,0.0627359212327176,8.340625822186106e-06,1.5,15.300532262133029,0.0653572034532994
7.5,15.3346,17.031604264792104,0.0587143750202797,5.191007985284838e-06,1.5,15.577349560131008,0.0641957732372791
9.0,15.3346,18.255334877067725,0.0547785075833473,3.059957031392085e-06,nan,15.748974451536304,0.0634961979954479
nan,nan,nan,nan,1.957085008162436e-06,nan,15.941554418539322,0.0627291400666075
nan,nan,nan,nan,1.3422350604106604e-06,nan,16.10240273824771,0.0621025331595216
nan,nan,nan,nan,8.444020256995396e-07,nan,16.31506520302854,0.0612930434267815
Name:	200_10_80_10
Lambda:	200	Maximal Depth:	10	Filter time:	10 to 80 [us]
Chi2:	0.8985476055258089	RelRMS:	3.695969749727057	AbsRMS:	4.138859538124237e-07	Phi model:	0.0191425836273807
depth_vector,start_model,resistivity_model,conductivity_model,E/I[V/A],modelled_thickness,rhoa,sigma
0.0,15.3346,12.74839604410366,0.0784412404933494,0.0001276774465317,1.0,13.817164034495194,0.07237375177015
1.0,15.3346,12.896421862520596,0.0775408877485766,8.063020196376732e-05,1.0,14.01105860589116,0.071372194502101
2.0,15.3346,13.196322544783136,0.0757786873279576,5.3780375102403575e-05,1.0,14.328172941641046,0.0697925690925857
3.0,15.3346,13.65058649937046,0.0732569256307132,3.300088520842109e-05,1.0,14.687497210748894,0.0680851193127825
4.0,15.3346,14.260296762017893,0.0701247678564086,1.931723963381839e-05,1.0,14.854661170670566,0.0673189370333418
5.0,15.3346,15.02457737518122,0.0665576125723096,1.2292129837970111e-05,1.0,15.072125651437847,0.0663476422056368
6.0,15.3346,15.939831285660416,0.0627359212327176,8.340625822186106e-06,1.5,15.300532262133029,0.0653572034532994
7.5,15.3346,17.031604264792104,0.0587143750202797,5.191007985284838e-06,1.5,15.577349560131008,0.0641957732372791
9.0,15.3346,18.255334877067725,0.0547785075833473,3.059957031392085e-06,nan,15.748974451536304,0.0634961979954479
nan,nan,nan,nan,1.957085008162436e-06,nan,15.941554418539322,0.0627291400666075
nan,nan,nan,nan,1.3422350604106604e-06,nan,16.10240273824771,0.0621025331595216
nan,nan,nan,nan,8.444020256995396e-07,nan,16.31506520302854,0.0612930434267815
Name:	200_10_80_11
Lambda:	200	Maximal Depth:	10	Filter time:	10 to 80 [us]
Chi2:	0.8985476055258089	RelRMS:	3.695969749727057	AbsRMS:	4.138859538124237e-07	Phi model:	0.0191425836273807
depth_vector,start_model,resistivity_model,conductivity_model,E/I[V/A],modelled_thickness,rhoa,sigma
0.0,15.3346,12.74839604410366,0.0784412404933494,0.0001276774465317,1.0,13.817164034495194,0.07237375177015
1.0,15.3346,12.896421862520596,0.0775408877485766,8.063020196376732e-05,1.0,14.01105860589116,0.071372194502101
2.0,15.3346,13.196322544783136,0.0757786873279576,5.3780375102403575e-05,1.0,14.328172941641046,0.0697925690925857
3.0,15.3346,13.65058649937046,0.0732569256307132,3.300088520842109e-05,1.0,14.687497210748894,0.0680851193127825
4.0,15.3346,14.260296762017893,0.0701247678564086,1.931723963381839e-05,1.0,14.854661170670566,0.0673189370333418
5.0,15.3346,15.02457737518122,0.0665576125723096,1.2292129837970111e-05,1.0,15.072125651437847,0.0663476422056368
6.0,15.3346,15.939831285660416,0.0627359212327176,8.340625822186106e-06,1.5,15.300532262133029,0.0653572034532994
7.5,15.3346,17.031604264792104,0.0587143750202797,5.191007985284838e-06,1.5,15.577349560131008,0.0641957732372791
9.0,15.3346,18.255334877067725,0.0547785075833473,3.059957031392085e-06,nan,15.748974451536304,0.0634961979954479
nan,nan,nan,nan,1.957085008162436e-06,nan,15.941554418539322,0.0627291400666075
nan,nan,nan,nan,1.3422350604106604e-06,nan,16.10240273824771,0.0621025331595216
nan,nan,nan,nan,8.444020256995396e-07,nan,16.31506520302854,0.0612930434267815
Name:	200_10_80_12
Lambda:	200	Maximal Depth:	10	Filter time:	10 to 80 [us]
Chi2:	0.8985476055258089	RelRMS:	3.695969749727057	AbsRMS:	4.138859538124237e-07	Phi model:	0.0191425836273807
depth_vector,start_model,resistivity_model,conductivity_model,E/I[V/A],modelled_thickness,rhoa,sigma
0.0,15.3346,12.74839604410366,0.0784412404933494,0.0001276774465317,1.0,13.817164034495194,0.07237375177015
1.0,15.3346,12.896421862520596,0.0775408877485766,8.063020196376732e-05,1.0,14.01105860589116,0.071372194502101
2.0,15.3346,13.196322544783136,0.0757786873279576,5.3780375102403575e-05,1.0,14.328172941641046,0.0697925690925857
3.0,15.3346,13.65058649937046,0.0732569256307132,3.300088520842109e-05,1.0,14.687497210748894,0.0680851193127825
4.0,15.3346,14.260296762017893,0.0701247678564086,1.931723963381839e-05,1.0,14.854661170670566,0.0673189370333418
5.0,15.3346,15.02457737518122,0.0665576125723096,1.2292129837970111e-05,1.0,15.072125651437847,0.0663476422056368
6.0,15.3346,15.939831285660416,0.0627359212327176,8.340625822186106e-06,1.5,15.300532262133029,0.0653572034532994
7.5,15.3346,17.031604264792104,0.0587143750202797,5.191007985284838e-06,1.5,15.577349560131008,0.0641957732372791
9.0,15.3346,18.255334877067725,0.0547785075833473,3.059957031392085e-06,nan,15.748974451536304,0.0634961979954479
nan,nan,nan,nan,1.957085008162436e-06,nan,15.941554418539322,0.0627291400666075
nan,nan,nan,nan,1.3422350604106604e-06,nan,16.10240273824771,0.0621025331595216
nan,nan,nan,nan,8.444020256995396e-07,nan,16.31506520302854,0.0612930434267815
Name:	200_10_80_13
Lambda:	200	Maximal Depth:	10	Filter time:	10 to 80 [us]
Chi2:	0.8985476055258089	RelRMS:	3.695969749727057	AbsRMS:	4.138859538124237e-07	Phi model:	0.0191425836273807
depth_vector,start_model,resistivity_model,conductivity_model,E/I[V/A],modelled_thickness,rhoa,sigma
0.0,15.3346,12.74839604410366,0.0784412404933494,0.0001276774465317,1.0,13.817164034495194,0.07237375177015
1.0,15.3346,12.896421862520596,0.0775408877485766,8.063020196376732e-05,1.0,14.01105860589116,0.071372194502101
2.0,15.3346,13.196322544783136,0.0757786873279576,5.3780375102403575e-05,1.0,14.328172941641046,0.0697925690925857
3.0,15.3346,13.65058649937046,0.0732569256307132,3.300088520842109e-05,1.0,14.687497210748894,0.0680851193127825
4.0,15.3346,14.260296762017893,0.0701247678564086,1.931723963381839e-05,1.0,14.854661170670566,0.0673189370333418
5.0,15.3346,15.02457737518122,0.0665576125723096,1.2292129837970111e-05,1.0,15.072125651437847,0.0663476422056368
6.0,15.3346,15.939831285660416,0.0627359212327176,8.340625822186106e-06,1.5,15.300532262133029,0.0653572034532994
7.5,15.3346,17.031604264792104,0.0587143750202797,5.191007985284838e-06,1.5,15.577349560131008,0.0641957732372791
9.0,15.3346,18.255334877067725,0.0547785075833473,3.059957031392085e-06,nan,15.748974451536304,0.0634961979954479
nan,nan,nan,nan,1.957085008162436e-06,nan,15.941554418539322,0.0627291400666075
nan,nan,nan,nan,1.3422350604106604e-06,nan,16.10240273824771,0.0621025331595216
nan,nan,nan,nan,8.444020256995396e-07,nan,16.31506520302854,0.0612930434267815
Name:	200_10_80_14
Lambda:	200	Maximal Depth:	10	Filter time:	10 to 80 [us]
Chi2:	0.8985476055258089	RelRMS:	3.695969749727057	AbsRMS:	4.138859538124237e-07	Phi model:	0.0191425836273807
depth_vector,start_model,resistivity_model,conductivity_model,E/I[V/A],modelled_thickness,rhoa,sigma
0.0,15.3346,12.74839604410366,0.0784412404933494,0.0001276774465317,1.0,13.817164034495194,0.07237375177015
1.0,15.3346,12.896421862520596,0.0775408877485766,8.063020196376732e-05,1.0,14.01105860589116,0.071372194502101
2.0,15.3346,13.196322544783136,0.0757786873279576,5.3780375102403575e-05,1.0,14.328172941641046,0.0697925690925857
3.0,15.3346,13.65058649937046,0.0732569256307132,3.300088520842109e-05,1.0,14.687497210748894,0.0680851193127825
4.0,15.3346,14.260296762017893,0.0701247678564086,1.931723963381839e-05,1.0,14.854661170670566,0.0673189370333418
5.0,15.3346,15.02457737518122,0.0665576125723096,1.2292129837970111e-05,1.0,15.072125651437847,0.0663476422056368
6.0,15.3346,15.939831285660416,0.0627359212327176,8.340625822186106e-06,1.5,15.300532262133029,0.0653572034532994
7.5,15.3346,17.031604264792104,0.0587143750202797,5.191007985284838e-06,1.5,15.577349560131008,0.0641957732372791
9.0,15.3346,18.255334877067725,0.0547785075833473,3.059957031392085e-06,nan,15.748974451536304,0.0634961979954479
nan,nan,nan,nan,1.957085008162436e-06,nan,15.941554418539322,0.0627291400666075
nan,nan,nan,nan,1.3422350604106604e-06,nan,16.10240273824771,0.0621025331595216
nan,nan,nan,nan,8.444020256995396e-07,nan,16.31506520302854,0.0612930434267815
Name:	200_10_80_15
Lambda:	200	Maximal Depth:	10	Filter time:	10 to 80 [us]
Chi2:	0.8985476055258089	RelRMS:	3.695969749727057	AbsRMS:	4.138859538124237e-07	Phi model:	0.0191425836273807
depth_vector,start_model,resistivity_model,conductivity_model,E/I[V/A],modelled_thickness,rhoa,sigma
0.0,15.3346,12.74839604410366,0.0784412404933494,0.0001276774465317,1.0,13.817164034495194,0.07237375177015
1.0,15.3346,12.896421862520596,0.0775408877485766,8.063020196376732e-05,1.0,14.01105860589116,0.071372194502101
2.0,15.3346,13.196322544783136,0.0757786873279576,5.3780375102403575e-05,1.0,14.328172941641046,0.0697925690925857
3.0,15.3346,13.65058649937046,0.0732569256307132,3.300088520842109e-05,1.0,14.687497210748894,0.0680851193127825
4.0,15.3346,14.260296762017893,0.0701247678564086,1.931723963381839e-05,1.0,14.854661170670566,0.0673189370333418
5.0,15.3346,15.02457737518122,0.0665576125723096,1.2292129837970111e-05,1.0,15.072125651437847,0.0663476422056368
6.0,15.3346,15.939831285660416,0.0627359212327176,8.340625822186106e-06,1.5,15.300532262133029,0.0653572034532994
7.5,15.3346,17.031604264792104,0.0587143750202797,5.191007985284838e-06,1.5,15.577349560131008,0.0641957732372791
9.0,15.3346,18.255334877067725,0.0547785075833473,3.059957031392085e-06,nan,15.748974451536304,0.0634961979954479
nan,nan,nan,nan,1.957085008162436e-06,nan,15.941554418539322,0.0627291400666075
nan,nan,nan,nan,1.3422350604106604e-06,nan,16.10240273824771,0.0621025331595216
nan,nan,nan,nan,8.444020256995396e-07,nan,16.31506520302854,0.0612930434267815
Name:	200_10_80_16
Lambda:	200	Maximal Depth:	10	Filter time:	10 to 80 [us]
Chi2:	0.8985476055258089	RelRMS:	3.695969749727057	AbsRMS:	4.138859538124237e-07	Phi model:	0.0191425836273807
depth_vector,start_model,resistivity_model,conductivity_model,E/I[V/A],modelled_thickness,rhoa,sigma
0.0,15.3346,12.74839604410366,0.0784412404933494,0.0001276774465317,1.0,13.817164034495194,0.07237375177015
1.0,15.3346,12.896421862520596,0.0775408877485766,8.063020196376732e-05,1.0,14.01105860589116,0.071372194502101
2.0,15.3346,13.196322544783136,0.0757786873279576,5.3780375102403575e-05,1.0,14.328172941641046,0.0697925690925857
3.0,15.3346,13.65058649937046,0.0732569256307132,3.300088520842109e-05,1.0,14.687497210748894,0.0680851193127825
4.0,15.3346,14.260296762017893,0.0701247678564086,1.931723963381839e-05,1.0,14.854661170670566,0.0673189370333418
5.0,15.3346,15.02457737518122,0.0665576125723096,1.2292129837970111e-05,1.0,15.072125651437847,0.0663476422056368
6.0,15.3346,15.939831285660416,0.0627359212327176,8.340625822186106e-06,1.5,15.300532262133029,0.0653572034532994
7.5,15.3346,17.031604264792104,0.0587143750202797,5.191007985284838e-06,1.5,15.577349560131008,0.0641957732372791
9.0,15.3346,18.255334877067725,0.0547785075833473,3.059957031392085e-06,nan,15.748974451536304,0.0634961979954479
nan,nan,nan,nan,1.957085008162436e-06,nan,15.941554418539322,0.0627291400666075
nan,nan,nan,nan,1.3422350604106604e-06,nan,16.10240273824771,0.0621025331595216
nan,nan,nan,nan,8.444020256995396e-07,nan,16.31506520302854,0.0612930434267815
Name:	200_10_80_17
Lambda:	200	Maximal Depth:	10	Filter time:	10 to 80 [us]
Chi2:	0.8985476055258089	RelRMS:	3.695969749727057	AbsRMS:	4.138859538124237e-07	Phi model:	0.0191425836273807
depth_vector,start_model,resistivity_model,conductivity_model,E/I[V/A],modelled_thickness,rhoa,sigma
0.0,15.3346,12.74839604410366,0.0784412404933494,0.0001276774465317,1.0,13.817164034495194,0.07237375177015
1.0,15.3346,12.896421862520596,0.0775408877485766,8.063020196376732e-05,1.0,14.01105860589116,0.071372194502101
2.0,15.3346,13.196322544783136,0.0757786873279576,5.3780375102403575e-05,1.0,14.328172941641046,0.0697925690925857
3.0,15.3346,13.65058649937046,0.0732569256307132,3.300088520842109e-05,1.0,14.687497210748894,0.0680851193127825
4.0,15.3346,14.260296762017893,0.0701247678564086,1.931723963381839e-05,1.0,14.854661170670566,0.0673189370333418
5.0,15.3346,15.02457737518122,0.0665576125723096,1.2292129837970111e-05,1.0,15.072125651437847,0.0663476422056368
6.0,15.3346,15.939831285660416,0.0627359212327176,8.340625822186106e-06,1.5,15.300532262133029,0.0653572034532994
7.5,15.3346,17.031604264792104,0.0587143750202797,5.191007985284838e-06,1.5,15.577349560131008,0.0641957732372791
9.0,15.3346,18.255334877067725,0.0547785075833473,3.059957031392085e-06,nan,15.748974451536304,0.0634961979954479
nan,nan,nan,nan,1.957085008162436e-06,nan,15.941554418539322,0.0627291400666075
nan,nan,nan,nan,1.3422350604106604e-06,nan,16.10240273824771,0.0621025331595216
nan,nan,nan,nan,8.444020256995396e-07,nan,16.31506520302854,0.0612930434267815
Name:	200_10_80_18
Lambda:	200	Maximal Depth:	10	Filter time:	10 to 80 [us]
Chi2:	0.8985476055258089	RelRMS:	3.695969749727057	AbsRMS:	4.138859538124237e-07	Phi model:	0.0191425836273807
depth_vector,start_model,resistivity_model,conductivity_model,E/I[V/A],modelled_thickness,rhoa,sigma
0.0,15.3346,12.74839604410366,0.0784412404933494,0.0001276774465317,1.0,13.817164034495194,0.07237375177015
1.0,15.3346,12.896421862520596,0.0775408877485766,8.063020196376732e-05,1.0,14.01105860589116,0.071372194502101
2.0,15.3346,13.196322544783136,0.0757786873279576,5.3780375102403575e-05,1.0,14.328172941641046,0.0697925690925857
3.0,15.3346,13.65058649937046,0.0732569256307132,3.300088520842109e-05,1.0,14.687497210748894,0.0680851193127825
4.0,15.3346,14.260296762017893,0.0701247678564086,1.931723963381839e-05,1.0,14.854661170670566,0.0673189370333418
5.0,15.3346,15.02457737518122,0.0665576125723096,1.2292129837970111e-05,1.0,15.072125651437847,0.0663476422056368
6.0,15.3346,15.939831285660416,0.0627359212327176,8.340625822186106e-06,1.5,15.300532262133029,0.0653572034532994
7.5,15.3346,17.031604264792104,0.0587143750202797,5.191007985284838e-06,1.5,15.577349560131008,0.0641957732372791
9.0,15.3346,18.255334877067725,0.0547785075833473,3.059957031392085e-06,nan,15.748974451536304,0.0634961979954479
nan,nan,nan,nan,1.957085008162436e-06,nan,15.941554418539322,0.0627291400666075
nan,nan,nan,nan,1.3422350604106604e-06,nan,16.10240273824771,0.0621025331595216
nan,nan,nan,nan,8.444020256995396e-07,nan,16.31506520302854,0.0612930434267815
Name:	200_10_80_19
Lambda:	200	Maximal Depth:	10	Filter time:	10 to 80 [us]
Chi2:	0.8985476055258089	RelRMS:	3.695969749727057	AbsRMS:	4.138859538124237e-07	Phi model:	0.0191425836273807
depth_vector,start_model,resistivity_model,conductivity_model,E/I[V/A],modelled_thickness,rhoa,sigma
0.0,15.3346,12.74839604410366,0.0784412404933494,0.0001276774465317,1.0,13.817164034495194,0.07237375177015
1.0,15.3346,12.896421862520596,0.0775408877485766,8.063020196376732e-05,1.0,14.01105860589116,0.071372194502101
2.0,15.3346,13.196322544783136,0.0757786873279576,5.3780375102403575e-05,1.0,14.328172941641046,0.0697925690925857
3.0,15.3346,13.65058649937046,0.0732569256307132,3.300088520842109e-05,1.0,14.687497210748894,0.0680851193127825
4.0,15.3346,14.260296762017893,0.0701247678564086,1.931723963381839e-05,1.0,14.854661170670566,0.0673189370333418
5.0,15.3346,15.02457737518122,0.0665576125723096,1.2292129837970111e-05,1.0,15.072125651437847,0.0663476422056368
6.0,15.3346,15.939831285660416,0.0627359212327176,8.340625822186106e-06,1.5,15.300532262133029,0.0653572034532994
7.5,15.3346,17.031604264792104,0.0587143750202797,5.191007985284838e-06,1.5,15.577349560131008,0.0641957732372791
9.0,15.3346,18.255334877067725,0.0547785075833473,3.059957031392085e-06,nan,15.748974451536304,0.0634961979954479
nan,nan,nan,nan,1.957085008162436e-06,nan,15.941554418539322,0.0627291400666075
nan,nan,nan,nan,1.3422350604106604e-06,nan,16.10240273824771,0.0621025331595216
nan,nan,nan,nan,8.444020256995396e-07,nan,16.31506520302854,0.0612930434267815
Name:	200_10_80_20
Lambda:	200	Maximal Depth:	10	Filter time:	10 to 80 [us]
Chi2:	0.8985476055258089	RelRMS:	3.695969749727057	AbsRMS:	4.138859538124237e-07	Phi model:	0.0191425836273807
depth_vector,start_model,resistivity_model,conductivity_model,E/I[V/A],modelled_thickness,rhoa,sigma
0.0,15.3346,12.74839604410366,0.0784412404933494,0.0001276774465317,1.0,13.817164034495194,0.07237375177015
1.0,15.3346,12.896421862520596,0.0775408877485766,8.063020196376732e-05,1.0,14.01105860589116,0.071372194502101
2.0,15.3346,13.196322544783136,0.0757786873279576,5.3780375102403575e-05,1.0,14.328172941641046,0.0697925690925857
3.0,15.3346,13.65058649937046,0.0732569256307132,3.300088520842109e-05,1.0,14.687497210748894,0.0680851193127825
4.0,15.3346,14.260296762017893,0.0701247678564086,1.931723963381839e-05,1.0,14.854661170670566,0.0673189370333418
5.0,15.3346,15.02457737518122,0.0665576125723096,1.2292129837970111e-05,1.0,15.072125651437847,0.0663476422056368
6.0,15.3346,15.939831285660416,0.0627359212327176,8.340625822186106e-06,1.5,15.300532262133029,0.0653572034532994
7.5,15.3346,17.031604264792104,0.0587143750202797,5.191007985284838e-06,1.5,15.577349560131008,0.0641957732372791
9.0,15.3346,18.255334877067725,0.0547785075833473,3.059957031392085e-06,nan,15.748974451536304,0.0634961979954479
nan,nan,nan,nan,1.957085008162436e-06,nan,15.941554418539322,0.0627291400666075
nan,nan,nan,nan,1.3422350604106604e-06,nan,16.10240273824771,0.0621025331595216
nan,nan,nan,nan,8.444020256995396e-07,nan,16.31506520302854,0.0612930434267815
Name:	200_10_80_21
Lambda:	200	Maximal Depth:	10	Filter time:	10 to 80 [us]
Chi2:	0.8985476055258089	RelRMS:	3.695969749727057	AbsRMS:	4.138859538124237e-07	Phi model:	0.0191425836273807
depth_vector,start_model,resistivity_model,conductivity_model,E/I[V/A],modelled_thickness,rhoa,sigma
0.0,15.3346,12.74839604410366,0.0784412404933494,0.0001276774465317,1.0,13.817164034495194,0.07237375177015
1.0,15.3346,12.896421862520596,0.0775408877485766,8.063020196376732e-05,1.0,14.01105860589116,0.071372194502101
2.0,15.3346,13.196322544783136,0.0757786873279576,5.3780375102403575e-05,1.0,14.328172941641046,0.0697925690925857
3.0,15.3346,13.65058649937046,0.0732569256307132,3.300088520842109e-05,1.0,14.687497210748894,0.0680851193127825
4.0,15.3346,14.260296762017893,0.0701247678564086,1.931723963381839e-05,1.0,14.854661170670566,0.0673189370333418
5.0,15.3346,15.02457737518122,0.0665576125723096,1.2292129837970111e-05,1.0,15.072125651437847,0.0663476422056368
6.0,15.3346,15.939831285660416,0.0627359212327176,8.340625822186106e-06,1.5,15.300532262133029,0.0653572034532994
7.5,15.3346,17.031604264792104,0.0587143750202797,5.191007985284838e-06,1.5,15.577349560131008,0.0641957732372791
9.0,15.3346,18.255334877067725,0.0547785075833473,3.059957031392085e-06,nan,15.748974451536304,0.0634961979954479
nan,nan,nan,nan,1.957085008162436e-06,nan,15.941554418539322,0.0627291400666075
nan,nan,nan,nan,1.3422350604106604e-06,nan,16.10240273824771,0.0621025331595216
nan,nan,nan,nan,8.444020256995396e-07,nan,16.31506520302854,0.0612930434267815
Name:	200_10_80_22
Lambda:	200	Maximal Depth:	10	Filter time:	10 to 80 [us]
Chi2:	0.8985476055258089	RelRMS:	3.695969749727057	AbsRMS:	4.138859538124237e-07	Phi model:	0.0191425836273807
depth_vector,start_model,resistivity_model,conductivity_model,E/I[V/A],modelled_thickness,rhoa,sigma
0.0,15.3346,12.74839604410366,0.0784412404933494,0.0001276774465317,1.0,13.817164034495194,0.07237375177015
1.0,15.3346,12.896421862520596,0.0775408877485766,8.063020196376732e-05,1.0,14.01105860589116,0.071372194502101
2.0,15.3346,13.196322544783136,0.0757786873279576,5.3780375102403575e-05,1.0,14.328172941641046,0.0697925690925857
3.0,15.3346,13.65058649937046,0.0732569256307132,3.300088520842109e-05,1.0,14.687497210748894,0.0680851193127825
4.0,15.3346,14.260296762017893,0.0701247678564086,1.931723963381839e-05,1.0,14.854661170670566,0.0673189370333418
5.0,15.3346,15.02457737518122,0.0665576125723096,1.2292129837970111e-05,1.0,15.072125651437847,0.0663476422056368
6.0,15.3346,15.939831285660416,0.0627359212327176,8.340625822186106e-06,1.5,15.300532262133029,0.0653572034532994
7.5,15.3346,17.031604264792104,0.0587143750202797,5.191007985284838e-06,1.5,15.577349560131008,0.0641957732372791
9.0,15.3346,18.255334877067725,0.0547785075833473,3.059957031392085e-06,nan,15.748974451536304,0.0634961979954479
nan,nan,nan,nan,1.957085008162436e-06,nan,15.941554418539322,0.0627291400666075
nan,nan,nan,nan,1.3422350604106604e-06,nan,16.10240273824771,0.0621025331595216
nan,nan,nan,nan,8.444020256995396e-07,nan,16.31506520302854,0.0612930434267815
Name:	200_10_80_23
Lambda:	200	Maximal Depth:	10	Filter time:	10 to 80 [us]
Chi2:	0.8985476055258089	RelRMS:	3.695969749727057	AbsRMS:	4.138859538124237e-07	Phi model:	0.0191425836273807
depth_vector,start_model,resistivity_model,conductivity_model,E/I[V/A],modelled_thickness,rhoa,sigma
0.0,15.3346,12.74839604410366,0.0784412404933494,0.0001276774465317,1.0,13.817164034495194,0.07237375177015
1.0,15.3346,12.896421862520596,0.0775408877485766,8.063020196376732e-05,1.0,14.01105860589116,0.071372194502101
2.0,15.3346,13.196322544783136,0.0757786873279576,5.3780375102403575e-05,1.0,14.328172941641046,0.0697925690925857
3.0,15.3346,13.65058649937046,0.0732569256307132,3.300088520842109e-05,1.0,14.687497210748894,0.0680851193127825
4.0,15.3346,14.260296762017893,0.0701247678564086,1.931723963381839e-05,1.0,14.854661170670566,0.0673189370333418
5.0,15.3346,15.02457737518122,0.0665576125723096,1.2292129837970111e-05,1.0,15.072125651437847,0.0663476422056368
6.0,15.3346,15.939831285660416,0.0627359212327176,8.340625822186106e-06,1.5,15.300532262133029,0.0653572034532994
7.5,15.3346,17.031604264792104,0.0587143750202797,5.191007985284838e-06,1.5,15.577349560131008,0.0641957732372791
9.0,15.3346,18.255334877067725,0.0547785075833473,3.059957031392085e-06,nan,15.748974451536304,0.0634961979954479
nan,nan,nan,nan,1.957085008162436e-06,nan,15.941554418539322,0.0627291400666075
nan,nan,nan,nan,1.3422350604106604e-06,nan,16.10240273824771,0.0621025331595216
nan,nan,nan,nan,8.444020256995396e-07,nan,16.31506520302854,0.0612930434267815
Name:	200_10_80_24
Lambda:	200	Maximal Depth:	10	Filter time:	10 to 80 [us]
Chi2:	0.8985476055258089	RelRMS:	3.695969749727057	AbsRMS:	4.138859538124237e-07	Phi model:	0.0191425836273807
depth_vector,start_model,resistivity_model,conductivity_model,E/I[V/A],modelled_thickness,rhoa,sigma
0.0,15.3346,12.74839604410366,0.0784412404933494,0.0001276774465317,1.0,13.817164034495194,0.07237375177015
1.0,15.3346,12.896421862520596,0.0775408877485766,8.063020196376732e-05,1.0,14.01105860589116,0.071372194502101
2.0,15.3346,13.196322544783136,0.0757786873279576,5.3780375102403575e-05,1.0,14.328172941641046,0.0697925690925857
3.0,15.3346,13.65058649937046,0.0732569256307132,3.300088520842109e-05,1.0,14.687497210748894,0.0680851193127825
4.0,15.3346,14.260296762017893,0.0701247678564086,1.931723963381839e-05,1.0,14.854661170670566,0.0673189370333418
5.0,15.3346,15.02457737518122,0.0665576125723096,1.2292129837970111e-05,1.0,15.072125651437847,0.0663476422056368
6.0,15.3346,15.939831285660416,0.0627359212327176,8.340625822186106e-06,1.5,15.300532262133029,0.0653572034532994
7.5,15.3346,17.031604264792104,0.0587143750202797,5.191007985284838e-06,1.5,15.577349560131008,0.0641957732372791
9.0,15.3346,18.255334877067725,0.0547785075833473,3.059957031392085e-06,nan,15.748974451536304,0.0634961979954479
nan,nan,nan,nan,1.957085008162436e-06,nan,15.941554418539322,0.0627291400666075
nan,nan,nan,nan,1.3422350604106604e-06,nan,16.10240273824771,0.0621025331595216
nan,nan,nan,nan,8.444020256995396e-07,nan,16.31506520302854,0.0612930434267815
Name:	200_10_80_25
Lambda:	200	Maximal Depth:	10	Filter time:	10 to 80 [us]
Chi2:	0.8985476055258089	RelRMS:	3.695969749727057	AbsRMS:	4.138859538124237e-07	Phi model:	0.0191425836273807
depth_vector,start_model,resistivity_model,conductivity_model,E/I[V/A],modelled_thickness,rhoa,sigma
0.0,15.3346,12.74839604410366,0.0784412404933494,0.0001276774465317,1.0,13.817164034495194,0.07237375177015
1.0,15.3346,12.896421862520596,0.0775408877485766,8.063020196376732e-05,1.0,14.01105860589116,0.071372194502101
2.0,15.3346,13.196322544783136,0.0757786873279576,5.3780375102403575e-05,1.0,14.328172941641046,0.0697925690925857
3.0,15.3346,13.65058649937046,0.0732569256307132,3.300088520842109e-05,1.0,14.687497210748894,0.0680851193127825
4.0,15.3346,14.260296762017893,0.0701247678564086,1.931723963381839e-05,1.0,14.854661170670566,0.0673189370333418
5.0,15.3346,15.02457737518122,0.0665576125723096,1.2292129837970111e-05,1.0,15.072125651437847,0.0663476422056368
6.0,15.3346,15.939831285660416,0.0627359212327176,8.340625822186106e-06,1.5,15.300532262133029,0.0653572034532994
7.5,15.3346,17.031604264792104,0.0587143750202797,5.191007985284838e-06,1.5,15.577349560131008,0.0641957732372791
9.0,15.3346,18.255334877067725,0.0547785075833473,3.059957031392085e-06,nan,15.748974451536304,0.0634961979954479
nan,nan,nan,nan,1.957085008162436e-06,nan,15.941554418539322,0.0627291400666075
nan,nan,nan,nan,1.3422350604106604e-06,nan,16.10240273824771,0.0621025331595216
nan,nan,nan,nan,8.444020256995396e-07,nan,16.31506520302854,0.0612930434267815
Name:	200_10_80_26
Lambda:	200	Maximal Depth:	10	Filter time:	10 to 80 [us]
Chi2:	0.8985476055258089	RelRMS:	3.695969749727057	AbsRMS:	4.138859538124237e-07	Phi model:	0.0191425836273807
depth_vector,start_model,resistivity_model,conductivity_model,E/I[V/A],modelled_thickness,rhoa,sigma
0.0,15.3346,12.74839604410366,0.0784412404933494,0.0001276774465317,1.0,13.817164034495194,0.07237375177015
1.0,15.3346,12.896421862520596,0.0775408877485766,8.063020196376732e-05,1.0,14.01105860589116,0.071372194502101
2.0,15.3346,13.196322544783136,0.0757786873279576,5.3780375102403575e-05,1.0,14.328172941641046,0.0697925690925857
3.0,15.3346,13.65058649937046,0.0732569256307132,3.300088520842109e-05,1.0,14.687497210748894,0.0680851193127825
4.0,15.3346,14.260296762017893,0.0701247678564086,1.931723963381839e-05,1.0,14.854661170670566,0.0673189370333418
5.0,15.3346,15.02457737518122,0.0665576125723096,1.2292129837970111e-05,1.0,15.072125651437847,0.0663476422056368
6.0,15.3346,15.939831285660416,0.0627359212327176,8.340625822186106e-06,1.5,15.300532262133029,0.0653572034532994
7.5,15.3346,17.031604264792104,0.0587143750202797,5.191007985284838e-06,1.5,15.577349560131008,0.0641957732372791
9.0,15.3346,18.255334877067725,0.0547785075833473,3.059957031392085e-06,nan,15.748974451536304,0.0634961979954479
nan,nan,nan,nan,1.957085008162436e-06,nan,15.941554418539322,0.0627291400666075
nan,nan,nan,nan,1.3422350604106604e-06,nan,16.10240273824771,0.0621025331595216
nan,nan,nan,nan,8.444020256995396e-07,nan,16.31506520302854,0.0612930434267815
Name:	200_10_80_27
Lambda:	200	Maximal Depth:	10	Filter time:	10 to 80 [us]
Chi2:	0.8985476055258089	RelRMS:	3.695969749727057	AbsRMS:	4.138859538124237e-07	Phi model:	0.0191425836273807
depth_vector,start_model,resistivity_model,conductivity_model,E/I[V/A],modelled_thickness,rhoa,sigma
0.0,15.3346,12.74839604410366,0.0784412404933494,0.0001276774465317,1.0,13.817164034495194,0.07237375177015
1.0,15.3346,12.896421862520596,0.0775408877485766,8.063020196376732e-05,1.0,14.01105860589116,0.071372194502101
2.0,15.3346,13.196322544783136,0.0757786873279576,5.3780375102403575e-05,1.0,14.328172941641046,0.0697925690925857
3.0,15.3346,13.65058649937046,0.0732569256307132,3.300088520842109e-05,1.0,14.687497210748894,0.0680851193127825
4.0,15.3346,14.260296762017893,0.0701247678564086,1.931723963381839e-05,1.0,14.854661170670566,0.0673189370333418
5.0,15.3346,15.02457737518122,0.0665576125723096,1.2292129837970111e-05,1.0,15.072125651437847,0.0663476422056368
6.0,15.3346,15.939831285660416,0.0627359212327176,8.340625822186106e-06,1.5,15.300532262133029,0.0653572034532994
7.5,15.3346,17.031604264792104,0.0587143750202797,5.191007985284838e-06,1.5,15.577349560131008,0.0641957732372791
9.0,15.3346,18.255334877067725,0.0547785075833473,3.059957031392085e-06,nan,15.748974451536304,0.0634961979954479
nan,nan,nan,nan,1.957085008162436e-06,nan,15.941554418539322,0.0627291400666075
nan,nan,nan,nan,1.3422350604106604e-06,nan,16.10240273824771,0.0621025331595216
nan,nan,nan,nan,8.444020256995396e-07,nan,16.31506520302854,0.0612930434267815
Name:	200_10_80_28
Lambda:	200	Maximal Depth:	10	Filter time:	10 to 80 [us]
Chi2:	0.8985476055258089	RelRMS:	3.695969749727057	AbsRMS:	4.138859538124237e-07	Phi model:	0.0191425836273807
depth_vector,start_model,resistivity_model,conductivity_model,E/I[V/A],modelled_thickness,rhoa,sigma
0.0,15.3346,12.74839604410366,0.0784412404933494,0.0001276774465317,1.0,13.817164034495194,0.07237375177015
1.0,15.3346,12.896421862520596,0.0775408877485766,8.063020196376732e-05,1.0,14.01105860589116,0.071372194502101
2.0,15.3346,13.196322544783136,0.0757786873279576,5.3780375102403575e-05,1.0,14.328172941641046,0.0697925690925857
3.0,15.3346,13.65058649937046,0.0732569256307132,3.300088520842109e-05,1.0,14.687497210748894,0.0680851193127825
4.0,15.3346,14.260296762017893,0.0701247678564086,1.931723963381839e-05,1.0,14.854661170670566,0.0673189370333418
5.0,15.3346,15.02457737518122,0.0665576125723096,1.2292129837970111e-05,1.0,15.072125651437847,0.0663476422056368
6.0,15.3346,15.939831285660416,0.0627359212327176,8.340625822186106e-06,1.5,15.300532262133029,0.0653572034532994
7.5,15.3346,17.031604264792104,0.0587143750202797,5.191007985284838e-06,1.5,15.577349560131008,0.0641957732372791
9.0,15.3346,18.255334877067725,0.0547785075833473,3.059957031392085e-06,nan,15.748974451536304,0.0634961979954479
nan,nan,nan,nan,1.957085008162436e-06,nan,15.941554418539322,0.0627291400666075
nan,nan,nan,nan,1.3422350604106604e-06,nan,16.10240273824771,0.0621025331595216
nan,nan,nan,nan,8.444020256995396e-07,nan,16.31506520302854,0.0612930434267815
Name:	200_10_80_29
Lambda:	200	Maximal Depth:	10	Filter time:	10 to 80 [us]
Chi2:	0.8985476055258089	RelRMS:	3.695969749727057	AbsRMS:	4.138859538124237e-07	Phi model:	0.0191425836273807
depth_vector,start_model,resistivity_model,conductivity_model,E/I[V/A],modelled_thickness,rhoa,sigma
0.0,15.3346,12.74839604410366,0.0784412404933494,0.0001276774465317,1.0,13.817164034495194,0.07237375177015
1.0,15.3346,12.896421862520596,0.0775408877485766,8.063020196376732e-05,1.0,14.01105860589116,0.071372194502101
2.0,15.3346,13.196322544783136,0.0757786873279576,5.3780375102403575e-05,1.0,14.328172941641046,0.0697925690925857
3.0,15.3346,13.65058649937046,0.0732569256307132,3.300088520842109e-05,1.0,14.687497210748894,0.0680851193127825
4.0,15.3346,14.260296762017893,0.0701247678564086,1.931723963381839e-05,1.0,14.854661170670566,0.0673189370333418
5.0,15.3346,15.02457737518122,0.0665576125723096,1.2292129837970111e-05,1.0,15.072125651437847,0.0663476422056368
6.0,15.3346,15.939831285660416,0.0627359212327176,8.340625822186106e-06,1.5,15.300532262133029,0.0653572034532994
7.5,15.3346,17.031604264792104,0.0587143750202797,5.191007985284838e-06,1.5,15.577349560131008,0.0641957732372791
9.0,15.3346,18.255334877067725,0.0547785075833473,3.059957031392085e-06,nan,15.748974451536304,0.0634961979954479
nan,nan,nan,nan,1.957085008162436e-06,nan,15.941554418539322,0.0627291400666075
nan,nan,nan,nan,1.3422350604106604e-06,nan,16.10240273824771,0.0621025331595216
nan,nan,nan,nan,8.444020256995396e-07,nan,16.31506520302854,0.0612930434267815
Name:	200_10_80_30
Lambda:	200	Maximal Depth:	10	Filter time:	10 to 80 [us]
Chi2:	0.8985476055258089	RelRMS:	3.695969749727057	AbsRMS:	4.138859538124237e-07	Phi model:	0.0191425836273807
depth_vector,start_model,resistivity_model,conductivity_model,E/I[V/A],modelled_thickness,rhoa,sigma
0.0,15.3346,12.74839604410366,0.0784412404933494,0.0001276774465317,1.0,13.817164034495194,0.07237375177015
1.0,15.3346,12.896421862520596,0.0775408877485766,8.063020196376732e-05,1.0,14.01105860589116,0.071372194502101
2.0,15.3346,13.196322544783136,0.0757786873279576,5.3780375102403575e-05,1.0,14.328172941641046,0.0697925690925857
3.0,15.3346,13.65058649937046,0.0732569256307132,3.300088520842109e-05,1.0,14.687497210748894,0.0680851193127825
4.0,15.3346,14.260296762017893,0.0701247678564086,1.931723963381839e-05,1.0,14.854661170670566,0.0673189370333418
5.0,15.3346,15.02457737518122,0.0665576125723096,1.2292129837970111e-05,1.0,15.072125651437847,0.0663476422056368
6.0,15.3346,15.939831285660416,0.0627359212327176,8.340625822186106e-06,1.5,15.300532262133029,0.0653572034532994
7.5,15.3346,17.031604264792104,0.0587143750202797,5.191007985284838e-06,1.5,15.577349560131008,0.0641957732372791
9.0,15.3346,18.255334877067725,0.0547785075833473,3.059957031392085e-06,nan,15.748974451536304,0.0634961979954479
nan,nan,nan,nan,1.957085008162436e-06,nan,15.941554418539322,0.0627291400666075
nan,nan,nan,nan,1.3422350604106604e-06,nan,16.10240273824771,0.0621025331595216
nan,nan,nan,nan,8.444020256995396e-07,nan,16.31506520302854,0.0612930434267815
Name:	183_10_80_1
Lambda:	183	Maximal Depth:	10	Filter time:	10 to 80 [us]
Chi2:	0.8978319889680316	RelRMS:	3.6804571181903167	AbsRMS:	4.367336717596124e-07	Phi model:	0.0193989131260903
depth_vector,start_model,resistivity_model,conductivity_model,E/I[V/A],modelled_thickness,rhoa,sigma
0.0,15.3346,12.735100093455465,0.0785231362660351,0.0001277861020118,1.0,13.809330509525235,0.0724148067359407
1.0,15.3346,12.883470065822468,0.0776188398693004,8.068913093422192e-05,1.0,14.0042360613027,0.0714069654083636
2.0,15.3346,13.18414775931076,0.0758486644913237,5.381319930019739e-05,1.0,14.322345887882578,0.0698209642350594
3.0,15.3346,13.639807242859687,0.0733148190582745,3.301606611049962e-05,1.0,14.682994624105095,0.0681059978295094
4.0,15.3346,14.251820400731754,0.0701664750103541,1.932327241854543e-05,1.0,14.851569229348788,0.067332952131675
5.0,15.3346,15.019696141251844,0.0665792430549565,1.2294363122972065e-05,1.0,15.07030035036374,0.0663556781717269
6.0,15.3346,15.94030662086473,0.0627340504661981,8.341166629459178e-06,1.5,15.299870905521493,0.0653600286025364
7.5,15.3346,17.040562363400895,0.0586835093041156,5.190618396131119e-06,1.5,15.57812900361347,0.0641925612355657
9.0,15.3346,18.276633704238844,0.0547146709937111,3.059315789598174e-06,nan,15.75117506295045,0.0634873268821814
nan,nan,nan,nan,1.9564520865326277e-06,nan,15.94499234604695,0.0627156149277122
nan,nan,nan,nan,1.3416735600213817e-06,nan,16.10689507534882,0.0620852122846738
nan,nan,nan,nan,8.439546250801339e-07,nan,16.320830699011303,0.0612713910487766
Name:	183_10_80_2
Lambda:	183.0	Maximal Depth:	10	Filter time:	10.0 to 80.0 [us]
Chi2:	0.8978319889680316	RelRMS:	3.6804571181903167	AbsRMS:	4.3673367175961237e-07	Phi model:	0.019398913126090316
depth_vector,start_model,resistivity_model,conductivity_model,E/I[V/A],modelled_thickness,rhoa,sigma
0.0,15.3346,12.735100093455465,0.07852313626603512,0.00012778610201186967,1.0,13.809330509525235,0.07241480673594074
1.0,15.3346,12.883470065822468,0.07761883986930046,8.068913093422192e-05,1.0,14.0042360613027,0.0714069654083636
2.0,15.3346,13.18414775931076,0.07584866449132378,5.381319930019739e-05,1.0,14.322345887882578,0.06982096423505943
3.0,15.3346,13.639807242859689,0.0733148190582745,3.301606611049962e-05,1.0,14.682994624105097,0.06810599782950941
4.0,15.3346,14.251820400731754,0.07016647501035414,1.932327241854543e-05,1.0,14.851569229348788,0.06733295213167505
5.0,15.3346,15.019696141251844,0.06657924305495658,1.2294363122972065e-05,1.0,15.070300350363741,0.06635567817172693
6.0,15.3346,15.94030662086473,0.06273405046619812,8.341166629459178e-06,1.5,15.299870905521491,0.06536002860253645
7.5,15.3346,17.040562363400895,0.058683509304115686,5.190618396131119e-06,1.5,15.57812900361347,0.06419256123556571
9.0,15.3346,18.276633704238844,0.05471467099371111,3.059315789598174e-06,nan,15.75117506295045,0.06348732688218144
nan,nan,nan,nan,1.9564520865326273e-06,nan,15.94499234604695,0.06271561492771227
nan,nan,nan,nan,1.3416735600213817e-06,nan,16.10689507534882,0.06208521228467389
nan,nan,nan,nan,8.439546250801339e-07,nan,16.320830699011303,0.06127139104877663
