Name:	10.0_10_80_1
Lambda:	10	Maximal Depth:	10	Filter time:	10 to 80 [us]
Chi2:	1.2754523440911638	RelRMS:	2.823398156578306	AbsRMS:	1.4336807208283496e-06	Phi model:	0.7350449588026671
depth_vector,start_model,resistivity_model,conductivity_model,E/I[V/A],modelled_thickness,rhoa,sigma
0.0,11.5148,22.931665401155083,0.0436078227423303,0.0001026890962031,1.0,15.694864468607877,0.0637151089772168
1.0,11.5148,22.834958258889472,0.0437925039609261,7.292046885537586e-05,1.0,14.717992076886272,0.0679440507085501
2.0,11.5148,22.609838720605328,0.0442285330893871,5.427030779994536e-05,1.0,13.990844444011325,0.0714753140170922
3.0,11.5148,22.088867676678017,0.045271673253574,3.792271387610052e-05,1.0,13.151561964676482,0.0760365957052006
4.0,11.5148,20.999388512293184,0.0476204342528637,2.5209101924818915e-05,1.0,12.219871261363854,0.0818339226831093
5.0,11.5148,19.04311039347344,0.0525124299202049,1.785228418426679e-05,1.0,11.545395707788314,0.0866146146316508
6.0,11.5148,16.004866537940444,0.0624809958664412,1.3268527088026695e-05,1.5,11.029840675757644,0.0906631409643013
7.5,11.5148,11.076361734889042,0.0902823529905253,9.186922469841214e-06,1.5,10.459078303888612,0.0956107193143593
9.0,11.5148,5.252878484674997,0.1903718128864866,6.014515077988529e-06,nan,9.859937684271674,0.1014205192792622
nan,nan,nan,nan,4.192626237833619e-06,nan,9.42377942787341,0.1061145379784915
nan,nan,nan,nan,3.0827740502424285e-06,nan,9.087142930180484,0.1100455894315
nan,nan,nan,nan,2.103617377911062e-06,nan,8.721461001952179,0.1146596882994906
Name:	12.742749857031335_10_80_1
Lambda:	12.742749857031336	Maximal Depth:	10	Filter time:	10 to 80 [us]
Chi2:	1.3342055681159355	RelRMS:	2.887695413426527	AbsRMS:	1.478016394410306e-06	Phi model:	0.6729959702403995
depth_vector,start_model,resistivity_model,conductivity_model,E/I[V/A],modelled_thickness,rhoa,sigma
0.0,11.5148,24.67950060953849,0.0405194584696541,0.0001025411939706,1.0,15.709952699538444,0.0636539153952627
1.0,11.5148,24.34300846129888,0.0410795568505768,7.288895673770722e-05,1.0,14.72223379567383,0.0679244749050142
2.0,11.5148,23.66103643340248,0.0422635755121991,5.428347503323876e-05,1.0,13.988581899581147,0.0714868745937672
3.0,11.5148,22.545764797816663,0.0443542283425595,3.794777200331839e-05,1.0,13.145771729392672,0.0760700870656453
4.0,11.5148,20.85058396539386,0.0479602874269478,2.522418879723492e-05,1.0,12.21499821343461,0.0818665694850576
5.0,11.5148,18.42464143815219,0.0542751403524892,1.786051078930932e-05,1.0,11.54185020622674,0.0866412214794217
6.0,11.5148,15.186655709663285,0.0658472819242026,1.3272813361563605e-05,1.5,11.027465923806457,0.0906826651661799
7.5,11.5148,10.534060331348565,0.0949301568953498,9.187439695597728e-06,1.5,10.458685756699037,0.0956143078837105
9.0,11.5148,5.279833666810321,0.1893999059641068,6.012291070181491e-06,nan,9.862369062085206,0.101395515996698
nan,nan,nan,nan,4.189533163294373e-06,nan,9.428417154894886,0.106062341490781
nan,nan,nan,nan,3.079580697974996e-06,nan,9.093423749671247,0.1099695810432404
nan,nan,nan,nan,2.100632443668293e-06,nan,8.729720998828999,0.1145511981578952
Name:	16.237767391887218_10_80_1
Lambda:	16.237767391887218	Maximal Depth:	10	Filter time:	10 to 80 [us]
Chi2:	1.3858527508293983	RelRMS:	2.9430561823865578	AbsRMS:	1.50083473184219e-06	Phi model:	0.6308046837230636
depth_vector,start_model,resistivity_model,conductivity_model,E/I[V/A],modelled_thickness,rhoa,sigma
0.0,11.5148,26.22179823212384,0.0381362098490605,0.0001024686540982,1.0,15.717366111688971,0.0636238917445781
1.0,11.5148,25.68219103116232,0.0389374878018241,7.289145486350834e-05,1.0,14.721897421520028,0.0679260268814419
2.0,11.5148,24.61700616715904,0.0406223239824376,5.431145812141147e-05,1.0,13.98377656192181,0.0715114401014548
3.0,11.5148,23.004541567083816,0.0434696773714828,3.79774180374571e-05,1.0,13.13892958057098,0.0761097008601626
4.0,11.5148,20.80147024683753,0.048073525002495,2.524083466494849e-05,1.0,12.209627244730232,0.0819025822783908
5.0,11.5148,17.975866032013677,0.0556301431162801,1.786922289396672e-05,1.0,11.538098430334138,0.0866693940979874
6.0,11.5148,14.553628661872816,0.0687113862276678,1.3277107491358017e-05,1.5,11.02508810052876,0.0907022230463664
7.5,11.5148,10.097922957751448,0.0990302663412946,9.187852810604118e-06,1.5,10.458372250558469,0.09561717407282
9.0,11.5148,5.304928965009738,0.1885039378652951,6.010093453690016e-06,nan,9.86477306067305,0.1013708063885022
nan,nan,nan,nan,4.186526416058591e-06,nan,9.432930916765336,0.10601158948622
nan,nan,nan,nan,3.0764913150191405e-06,nan,9.099510416974043,0.1098960223326542
nan,nan,nan,nan,2.0977636974542286e-06,nan,8.737677932413753,0.1144468825396215
Name:	20.6913808111479_10_80_1
Lambda:	20.6913808111479	Maximal Depth:	10	Filter time:	10 to 80 [us]
Chi2:	1.4290626804784488	RelRMS:	2.988585242717749	AbsRMS:	1.5001931539142282e-06	Phi model:	0.6035318312393785
depth_vector,start_model,resistivity_model,conductivity_model,E/I[V/A],modelled_thickness,rhoa,sigma
0.0,11.5148,27.42350076899092,0.0364650745513405,0.0001024783446031,1.0,15.716375257704833,0.0636279029739861
1.0,11.5148,26.72884750954293,0.0374127616105772,7.293018558170447e-05,1.0,14.7166847638188,0.0679500863168935
2.0,11.5148,25.372990081489267,0.0394119887639708,5.435433107633406e-05,1.0,13.97642229161908,0.0715490687913492
3.0,11.5148,23.38456034768528,0.0427632585403293,3.801063232334584e-05,1.0,13.131274463797457,0.0761540704032172
4.0,11.5148,20.797179843428417,0.0480834424440477,2.525785538748184e-05,1.0,12.204141425977992,0.0819393978728711
5.0,11.5148,17.6665737459612,0.056604071303221,1.7877359479727105e-05,1.0,11.534597247723232,0.0866957015076868
6.0,11.5148,14.096856346585088,0.0709378016923784,1.328051658742253e-05,1.5,11.02320126666347,0.0907177484842098
7.5,11.5148,9.772955196111049,0.1023231949736073,9.187487417874173e-06,1.5,10.458649539853068,0.0956146389827351
9.0,11.5148,5.328122776963493,0.1876833627640055,6.007467457461625e-06,nan,9.867647590873716,0.1013412762049659
nan,nan,nan,nan,4.183287598029119e-06,nan,9.437799114333885,0.1059569066776623
nan,nan,nan,nan,3.073273373459224e-06,nan,9.105861210097634,0.1098193764353759
nan,nan,nan,nan,2.0948559544005896e-06,nan,8.74576155848099,0.1143411003505205
Name:	26.366508987303583_10_80_1
Lambda:	26.366508987303583	Maximal Depth:	10	Filter time:	10 to 80 [us]
Chi2:	1.467502423133252	RelRMS:	3.028512860230715	AbsRMS:	1.4803977321156463e-06	Phi model:	0.5846595030819799
depth_vector,start_model,resistivity_model,conductivity_model,E/I[V/A],modelled_thickness,rhoa,sigma
0.0,11.5148,28.32868638360522,0.0352999071844974,0.0001025565187893,1.0,15.708387655684083,0.0636602573045203
1.0,11.5148,27.51688615997318,0.0363413212594754,7.299959677355703e-05,1.0,14.70735444214853,0.0679931937408258
2.0,11.5148,25.94238937270845,0.0385469505384884,5.441005525033713e-05,1.0,13.966878006911344,0.0715979619429024
3.0,11.5148,23.67249059596696,0.0422431258741472,3.80468973160198e-05,1.0,13.12292895183979,0.0762025004989304
4.0,11.5148,20.79821558527428,0.0480810479100922,2.5274833525795364e-05,1.0,12.1986754669718,0.0819761131204386
5.0,11.5148,17.4398954405599,0.0573397933151768,1.7884518973272058e-05,1.0,11.531518704935218,0.0867188464579278
6.0,11.5148,13.758645768961136,0.0726815717761956,1.3282673457405073e-05,1.5,11.02200791978179,0.0907275704461476
7.5,11.5148,9.52900625075137,0.1049427373312037,9.18598524608328e-06,1.5,10.459789701358416,0.0956042165809633
9.0,11.5148,5.35076182956267,0.1868892751822841,6.004061994225657e-06,nan,9.87137848009253,0.1013029742519432
nan,nan,nan,nan,4.17950310298397e-06,nan,9.44349547185153,0.1058929930109804
nan,nan,nan,nan,3.069656247931065e-06,nan,9.113013059297396,0.1097331907123481
nan,nan,nan,nan,2.091689132023349e-06,nan,8.754586735218098,0.1142258372947729
Name:	33.59818286283781_10_80_1
Lambda:	33.59818286283781	Maximal Depth:	10	Filter time:	10 to 80 [us]
Chi2:	1.5055581575864974	RelRMS:	3.0675297039989053	AbsRMS:	1.4428168291795125e-06	Phi model:	0.5700728216658739
depth_vector,start_model,resistivity_model,conductivity_model,E/I[V/A],modelled_thickness,rhoa,sigma
0.0,11.5148,28.990287536477783,0.0344943111979046,0.0001027011883232,1.0,15.693632493830588,0.0637201107132536
1.0,11.5148,28.089871680025748,0.035600020227614,7.310080304920807e-05,1.0,14.69377665935105,0.0680560228444471
2.0,11.5148,26.350656320702782,0.0379497188923653,5.448060854024068e-05,1.0,13.954817177332346,0.0716598424251921
3.0,11.5148,23.870123489426994,0.0418933735488607,3.808792470097011e-05,1.0,13.113503459521189,0.0762572719858429
4.0,11.5148,20.78282655399921,0.0481166504181584,2.5292603446988977e-05,1.0,12.19296115098317,0.0820145317956143
5.0,11.5148,17.257343548237237,0.057946345983368,1.789106069544138e-05,1.0,11.528707595682272,0.0867399915992769
6.0,11.5148,13.496631226208091,0.0740925630433004,1.3283695779737492e-05,1.5,11.021442405004928,0.0907322257153829
7.5,11.5148,9.342124487591184,0.1070420332471767,9.183268040635569e-06,1.5,10.461852873643206,0.0955853625622401
9.0,11.5148,5.374278219786854,0.1860714981815103,5.999681386092103e-06,nan,9.87618288859201,0.1012536939909346
nan,nan,nan,nan,4.1749521439584444e-06,nan,9.450356892904107,0.1058161095218382
nan,nan,nan,nan,3.065428145800457e-06,nan,9.121390768389055,0.1096324042453683
nan,nan,nan,nan,2.0880764475834043e-06,nan,8.764681654955107,0.1140942751109106
Name:	42.81332398719393_10_80_1
Lambda:	42.81332398719393	Maximal Depth:	10	Filter time:	10 to 80 [us]
Chi2:	1.5477030301827972	RelRMS:	3.1101678312661014	AbsRMS:	1.388935841856746e-06	Phi model:	0.5574551137661599
depth_vector,start_model,resistivity_model,conductivity_model,E/I[V/A],modelled_thickness,rhoa,sigma
0.0,11.5148,29.44276310293525,0.0339642035804821,0.0001029110656968,1.0,15.67228811647134,0.0638068923036844
1.0,11.5148,28.47682238861353,0.0351162775942252,7.323410292864252e-05,1.0,14.67594094935558,0.068138731509676
2.0,11.5148,26.61626023907053,0.037571018280475,5.4566699966897885e-05,1.0,13.940135375022038,0.0717353148371716
3.0,11.5148,23.98189699631288,0.0416981192169137,3.813424081269652e-05,1.0,13.102883266374814,0.0763190802871794
4.0,11.5148,20.741077029956124,0.0482135039832169,2.53112173909936e-05,1.0,12.186982591637031,0.0820547656059032
5.0,11.5148,17.098157618320965,0.0584858335221148,1.789681455793455e-05,1.0,11.52623646120657,0.0867585879715085
6.0,11.5148,13.286475326190905,0.0752645058564745,1.328332510252719e-05,1.5,11.021647442949975,0.090730537805367
7.5,11.5148,9.197684026863197,0.1087230216953911,9.179026427449746e-06,1.5,10.46507556227557,0.0955559273365204
9.0,11.5148,5.399854741926203,0.1851901667346122,5.994012981836572e-06,nan,9.882408364743098,0.1011899086833572
nan,nan,nan,nan,4.169352987472155e-06,nan,9.458815789843394,0.1057214795401525
nan,nan,nan,nan,3.0603445768013017e-06,nan,9.13148906293261,0.1095111644013562
nan,nan,nan,nan,2.0838196080386563e-06,nan,8.776613958514396,0.113939157484519
Name:	54.5559478116852_10_80_1
Lambda:	54.5559478116852	Maximal Depth:	10	Filter time:	10 to 80 [us]
Chi2:	1.5998798425793277	RelRMS:	3.1621589169617645	AbsRMS:	1.3188315840993292e-06	Phi model:	0.5452456719044545
depth_vector,start_model,resistivity_model,conductivity_model,E/I[V/A],modelled_thickness,rhoa,sigma
0.0,11.5148,29.712599438716456,0.0336557561065144,0.0001031933029197,1.0,15.643698910790594,0.0639235008102992
1.0,11.5148,28.700030494291184,0.0348431685533892,7.340451584117882e-05,1.0,14.65321810999492,0.0682443946779105
2.0,11.5148,26.753507278840484,0.0373782767835791,5.467181416978141e-05,1.0,13.92226173897962,0.0718274098525381
3.0,11.5148,24.01158572358996,0.0416465622683786,3.818783063524842e-05,1.0,13.090622021347354,0.0763905640518276
4.0,11.5148,20.666010960346068,0.0483886320354131,2.5331476655772465e-05,1.0,12.180483898791108,0.0820985445495517
5.0,11.5148,16.947301875278068,0.0590064428756505,1.7902025279665065e-05,1.0,11.523999733840522,0.0867754272037575
6.0,11.5148,13.110367884867117,0.0762755102512621,1.3281542365427049e-05,1.5,11.02263368685266,0.0907224197419132
7.5,11.5148,9.08479509261976,0.1100740291668628,9.173069176135564e-06,1.5,10.469605949942755,0.0955145785601861
9.0,11.5148,5.428781578795329,0.1842033954554319,5.986797189505676e-06,nan,9.890347511192235,0.1011086818606088
nan,nan,nan,nan,4.162448119005222e-06,nan,9.469273391273418,0.1056047236867792
nan,nan,nan,nan,3.054171555221193e-06,nan,9.143789159479551,0.1093638515235535
nan,nan,nan,nan,2.07872228776678e-06,nan,8.790955764777147,0.1137532740190452
Name:	69.51927961775606_10_80_1
Lambda:	69.51927961775606	Maximal Depth:	10	Filter time:	10 to 80 [us]
Chi2:	1.6685696701433967	RelRMS:	3.229328171368812	AbsRMS:	1.236076803118497e-06	Phi model:	0.5326474596270476
depth_vector,start_model,resistivity_model,conductivity_model,E/I[V/A],modelled_thickness,rhoa,sigma
0.0,11.5148,29.874262945395888,0.0334736291846864,0.0001035502612163,1.0,15.607726934458904,0.064070828775982
1.0,11.5148,28.82435602456948,0.0346928826145366,7.36169841689467e-05,1.0,14.625010450264211,0.0683760195181217
2.0,11.5148,26.809374141432176,0.0373003858547583,5.480141498411823e-05,1.0,13.900303079794591,0.0719408774225646
3.0,11.5148,23.98357561206037,0.0416952007563517,3.825353007980681e-05,1.0,13.075629192072885,0.0764781553002628
4.0,11.5148,20.55943390325965,0.0486394715294885,2.535689883997798e-05,1.0,12.17234130815937,0.0821534637161118
5.0,11.5148,16.789172933224684,0.0595621954683107,1.7909308061996666e-05,1.0,11.520875381948692,0.0867989598747708
6.0,11.5148,12.944818627244317,0.0772509858033352,1.3280356048138284e-05,1.5,11.023290102297576,0.090717017398605
7.5,11.5148,8.986816597914018,0.1112741079229452,9.166808755550957e-06,1.5,10.474372179944416,0.0954711158645602
9.0,11.5148,5.4609549108970965,0.1831181572300741,5.9789449905138496e-06,nan,9.899005001545577,0.1010202540400641
nan,nan,nan,nan,4.154861739108446e-06,nan,9.480796544328392,0.1054763695565454
nan,nan,nan,nan,3.047361265407013e-06,nan,9.157407210729495,0.1092012156921804
nan,nan,nan,nan,2.073085506878307e-06,nan,8.806883798137205,0.1135475410963768
Name:	88.58667904100822_10_80_1
Lambda:	88.58667904100822	Maximal Depth:	10	Filter time:	10 to 80 [us]
Chi2:	1.753409400156073	RelRMS:	3.3104091515967418	AbsRMS:	1.1570681760984674e-06	Phi model:	0.5202670074717174
depth_vector,start_model,resistivity_model,conductivity_model,E/I[V/A],modelled_thickness,rhoa,sigma
0.0,11.5148,29.954925502253808,0.033383491470368,0.0001039207448907,1.0,15.570609871467934,0.0642235601723238
1.0,11.5148,28.87792643640491,0.034628525084798,7.383255078176066e-05,1.0,14.596529786488148,0.0685094344085598
2.0,11.5148,26.81287886433428,0.0372955103053171,5.492933972990458e-05,1.0,13.878713116319958,0.0720527898818011
3.0,11.5148,23.92580322775586,0.041795879974467,3.831519324803176e-05,1.0,13.061596444628126,0.0765603197311514
4.0,11.5148,20.445142296405468,0.0489113739343263,2.5378043195785053e-05,1.0,12.165579240472056,0.0821991275740683
5.0,11.5148,16.64035894884862,0.0600948575132264,1.7912699532305404e-05,1.0,11.519421145908597,0.0868099175586765
6.0,11.5148,12.797509831415857,0.0781402017402759,1.3275769328747825e-05,1.5,11.025828954660124,0.0906961285280364
7.5,11.5148,8.903886191195692,0.1123105100993784,9.157816565966905e-06,1.5,10.481227681103643,0.0954086706658301
9.0,11.5148,5.495965139351018,0.18195166356497,5.96908201336156e-06,nan,9.909906375466392,0.100909126899086
nan,nan,nan,nan,4.145754983709743e-06,nan,9.494675434389544,0.105322188937393
nan,nan,nan,nan,3.0393660124896206e-06,nan,9.17345962079609,0.1090101271861507
nan,nan,nan,nan,2.0665897194547524e-06,nan,8.825328909813908,0.1133102244935011
Name:	112.88378916846884_10_80_1
Lambda:	112.88378916846884	Maximal Depth:	10	Filter time:	10 to 80 [us]
Chi2:	1.8810528475749493	RelRMS:	3.4287870008712176	AbsRMS:	1.063158288477939e-06	Phi model:	0.5053405490046493
depth_vector,start_model,resistivity_model,conductivity_model,E/I[V/A],modelled_thickness,rhoa,sigma
0.0,11.5148,29.78385371704457,0.0335752387686394,0.000104422218935,1.0,15.520719341469952,0.0644300034037785
1.0,11.5148,28.70456289739587,0.0348376668745832,7.411495081201539e-05,1.0,14.559428117041271,0.0686840164298443
2.0,11.5148,26.63561325717235,0.0375437197688971,5.509074148233991e-05,1.0,13.85159248128988,0.0721938651711531
3.0,11.5148,23.746456618049223,0.0421115459912414,3.838824492372682e-05,1.0,13.04502063446751,0.076657602009291
4.0,11.5148,20.270766652342488,0.0493321252792597,2.539976373923e-05,1.0,12.158642675481913,0.082246022577546
5.0,11.5148,16.483730713068557,0.060665878216949,1.791265105118114e-05,1.0,11.519441931003794,0.0868097609232759
6.0,11.5148,12.675779780635333,0.0788906100694247,1.3266330972751596e-05,1.5,11.03105789918738,0.0906531367289502
7.5,11.5148,8.851631530556519,0.1129735231915068,9.143715947229751e-06,1.5,10.492000386429964,0.095310709413752
9.0,11.5148,5.540910488823615,0.1804757543037496,5.954797048175612e-06,nan,9.925748631444913,0.1007480681942705
nan,nan,nan,nan,4.132978706689932e-06,nan,9.514232626864604,0.105105691569531
nan,nan,nan,nan,3.02833593949604e-06,nan,9.195721044661292,0.1087462304634136
nan,nan,nan,nan,2.057763402679448e-06,nan,8.850547088849822,0.1129873656352644
Name:	143.8449888287663_10_80_1
Lambda:	143.8449888287663	Maximal Depth:	10	Filter time:	10 to 80 [us]
Chi2:	2.0720115577045704	RelRMS:	3.598620879677876	AbsRMS:	9.749075842793103e-07	Phi model:	0.4876870737039614
depth_vector,start_model,resistivity_model,conductivity_model,E/I[V/A],modelled_thickness,rhoa,sigma
0.0,11.5148,29.45488354637947,0.0339502275887598,0.0001050631083686,1.0,15.457536963958765,0.0646933597721052
1.0,11.5148,28.386078164491547,0.0352285368272856,7.447317901207086e-05,1.0,14.512701782585602,0.0689051573567054
2.0,11.5148,26.3372387411762,0.0379690524822018,5.529394396128419e-05,1.0,13.817635721997592,0.0723712811742464
3.0,11.5148,23.47782510603868,0.0425933831384914,3.847940711597452e-05,1.0,13.02440904284672,0.0767789153972572
4.0,11.5148,20.041888206253244,0.0498954983536926,2.542677208067512e-05,1.0,12.150031202650275,0.082304315381665
5.0,11.5148,16.304838457206436,0.0613314877436285,1.79125957603617e-05,1.0,11.519465635703538,0.0868095822865768
6.0,11.5148,12.556373418153507,0.0796408299353569,1.325464430318349e-05,1.5,11.037541030120757,0.0905998897101322
7.5,11.5148,8.813491757989198,0.1134624082553349,9.126324280614977e-06,1.5,10.505325609956436,0.0951898148737292
9.0,11.5148,5.595806802188643,0.1787052404326893,5.937265051919358e-06,nan,9.94527868512322,0.1005502240471012
nan,nan,nan,nan,4.117341902469088e-06,nan,9.538306116897347,0.1048404179677642
nan,nan,nan,nan,3.0148602949629573e-06,nan,9.22310233269418,0.1084233876984305
nan,nan,nan,nan,2.047002630886733e-06,nan,8.881537268632707,0.1125931209602352
Name:	183.29807108324357_10_80_1
Lambda:	183.2980710832436	Maximal Depth:	10	Filter time:	10 to 80 [us]
Chi2:	2.3520440929588653	RelRMS:	3.834093840921595	AbsRMS:	9.284894174015238e-07	Phi model:	0.4673300280543562
depth_vector,start_model,resistivity_model,conductivity_model,E/I[V/A],modelled_thickness,rhoa,sigma
0.0,11.5148,28.99457591723841,0.0344892093905557,0.0001058447234526,1.0,15.381345082793745,0.0650138199629006
1.0,11.5148,27.94647578692852,0.0357826871489725,7.490756478681368e-05,1.0,14.456541723979347,0.0691728367055642
2.0,11.5148,25.936879489137944,0.0385551392340311,5.553874942913458e-05,1.0,13.777001957813964,0.0725847323722579
3.0,11.5148,23.13257496398744,0.0432290828650416,3.8588130934136015e-05,1.0,12.99993296258086,0.0769234735962416
4.0,11.5148,19.76428546531612,0.0505963143345038,2.5458388933716795e-05,1.0,12.139969678126889,0.0823725286399803
5.0,11.5148,16.103538590786943,0.062098152798051,1.7911877626610872e-05,1.0,11.519773530534,0.0868072620828375
6.0,11.5148,12.435528270763388,0.0804147582818057,1.3240121235133566e-05,1.5,11.045610929463631,0.0905336976275842
7.5,11.5148,8.786094251348796,0.1138162158739061,9.105155035904118e-06,1.5,10.521602376365715,0.0950425576095008
9.0,11.5148,5.6617836535666495,0.1766227855368596,5.916116055874704e-06,nan,9.968966246320324,0.1003113036288103
nan,nan,nan,nan,4.098559989236944e-06,nan,9.567423837975255,0.1045213441920253
nan,nan,nan,nan,2.998715579843439e-06,nan,9.256176729747754,0.1080359665979769
nan,nan,nan,nan,2.034144209201047e-06,nan,8.918926479526352,0.11212111707564
Name:	233.57214690901213_10_80_1
Lambda:	233.57214690901213	Maximal Depth:	10	Filter time:	10 to 80 [us]
Chi2:	2.7594147628182824	RelRMS:	4.152871568880292	AbsRMS:	9.71916721115619e-07	Phi model:	0.4440952555782855
depth_vector,start_model,resistivity_model,conductivity_model,E/I[V/A],modelled_thickness,rhoa,sigma
0.0,11.5148,28.405657913405847,0.0352042541330492,0.0001067827662386,1.0,15.291133476930073,0.0653973756431276
1.0,11.5148,27.388179114421465,0.036512102386297,7.542565393450327e-05,1.0,14.39026561713349,0.0694914205620617
2.0,11.5148,25.43638500695645,0.039313762538447,5.582849031311026e-05,1.0,13.729293682490512,0.0728369589234832
3.0,11.5148,22.71178507837057,0.0440300045350615,3.8715007408088856e-05,1.0,12.971515251154695,0.0770919958569205
4.0,11.5148,19.4382463414236,0.0514449700058057,2.549395311569173e-05,1.0,12.128676842452132,0.0824492245106122
5.0,11.5148,15.879534788252656,0.0629741370471242,1.790945555761397e-05,1.0,11.52081212743105,0.0867994364406828
6.0,11.5148,12.312801499437832,0.0812162853470558,1.3221654041144409e-05,1.5,11.05589375710338,0.0904494943574781
7.5,11.5148,8.769779302915495,0.1140279550327511,9.079188816333276e-06,1.5,10.541653813509226,0.0948617757413443
9.0,11.5148,5.741085813613906,0.1741830783348836,5.890529390693661e-06,nan,9.99781348914214,0.1000218698904539
nan,nan,nan,nan,4.075979917263131e-06,nan,9.602725638565971,0.1041370999900123
nan,nan,nan,nan,2.9793767174990086e-06,nan,9.296187522030404,0.1075709797839348
nan,nan,nan,nan,2.0187960837767905e-06,nan,8.96407415764183,0.1115564175858033
Name:	297.63514416313194_10_80_1
Lambda:	297.63514416313194	Maximal Depth:	10	Filter time:	10 to 80 [us]
Chi2:	3.3390144856728288	RelRMS:	4.568242609084503	AbsRMS:	1.141588106621793e-06	Phi model:	0.4181793272261057
depth_vector,start_model,resistivity_model,conductivity_model,E/I[V/A],modelled_thickness,rhoa,sigma
0.0,11.5148,27.698513422757213,0.0361030205750463,0.0001078850027339,1.0,15.186804634687448,0.0658466362118037
1.0,11.5148,26.721229638698684,0.0374234274964563,7.603079527943323e-05,1.0,14.313807674020133,0.0698626125747813
2.0,11.5148,24.84500483168148,0.0402495393651457,5.616433253782603e-05,1.0,13.674508212693388,0.0731287724900957
3.0,11.5148,22.22334387874642,0.0449977287601782,3.8859900230334513e-05,1.0,12.93925149765944,0.077284223139251
4.0,11.5148,19.06971913148314,0.0524391572369333,2.5532859852197028e-05,1.0,12.116352667227549,0.082533087923795
5.0,11.5148,15.636471847939903,0.0639530457845418,1.7904643606621682e-05,1.0,11.522876213958211,0.0867838881050073
6.0,11.5148,12.189668400384212,0.0820366860815082,1.3198593711111185e-05,1.5,11.068767773868622,0.0903442930983538
7.5,11.5148,8.764815950272933,0.1140925269479116,9.047882605677635e-06,1.5,10.565956310718812,0.0946435864953873
9.0,11.5148,5.835135636872802,0.171375622133083,5.860104233168199e-06,nan,10.03238880574211,0.0996771575905872
nan,nan,nan,nan,4.049302280547195e-06,nan,9.644855950831824,0.1036822120618353
nan,nan,nan,nan,2.9566144356383115e-06,nan,9.343839288862268,0.1070223886654372
nan,nan,nan,nan,2.0007967506830912e-06,nan,9.017754906935432,0.1108923463012854
Name:	379.26901907322497_10_80_1
Lambda:	379.26901907322497	Maximal Depth:	10	Filter time:	10 to 80 [us]
Chi2:	4.184264295099872	RelRMS:	5.113868579106644	AbsRMS:	1.4595442168950231e-06	Phi model:	0.3886665466989304
depth_vector,start_model,resistivity_model,conductivity_model,E/I[V/A],modelled_thickness,rhoa,sigma
0.0,11.5148,26.85747147011826,0.0372335869783052,0.000109233280602,1.0,15.0615779138599,0.0663941059641423
1.0,11.5148,25.928866554048827,0.0385670541331028,7.67696321026857e-05,1.0,14.221821609432649,0.0703144806243912
2.0,11.5148,24.144519774112315,0.0414172660858716,5.657372027307039e-05,1.0,13.60845929501697,0.07348370438718
3.0,11.5148,21.64839026380151,0.0461928110041562,3.903645386203731e-05,1.0,12.900207695973696,0.0775181317671429
4.0,11.5148,18.641213919078563,0.0536445750980057,2.558081369614693e-05,1.0,12.101205706557648,0.0826363937816625
5.0,11.5148,15.360861428177952,0.0651005156628521,1.789963848116489e-05,1.0,11.525024143879762,0.0867677141076567
6.0,11.5148,12.058844158420934,0.0829266874057477,1.317148910917946e-05,1.5,11.083947618745327,0.0902205635029153
7.5,11.5148,8.771611366137217,0.1140041388359381,9.010789748934675e-06,1.5,10.594932912850798,0.0943847411045973
9.0,11.5148,5.949342471775825,0.1680858018754313,5.824038411431296e-06,nan,10.073763753855312,0.099267763711184
nan,nan,nan,nan,4.017694846773036e-06,nan,9.69537427665605,0.1031419697130972
nan,nan,nan,nan,2.9296632801976004e-06,nan,9.40105695090788,0.1063710181974195
nan,nan,nan,nan,1.979506796071111e-06,nan,9.08229794842247,0.1101042936136765
Name:	483.2930238571752_10_80_1
Lambda:	483.2930238571752	Maximal Depth:	10	Filter time:	10 to 80 [us]
Chi2:	5.381933181243796	RelRMS:	5.7997484758197695	AbsRMS:	1.912499277787929e-06	Phi model:	0.3562261566337856
depth_vector,start_model,resistivity_model,conductivity_model,E/I[V/A],modelled_thickness,rhoa,sigma
0.0,11.5148,25.915930737134094,0.038586304699724,0.000110829162697,1.0,14.916642773755456,0.0670392135259425
1.0,11.5148,25.0419042311923,0.0399330654237706,7.764127907585869e-05,1.0,14.11517971905466,0.0708457150318857
2.0,11.5148,23.36090467081813,0.0428065613935395,5.705480481813895e-05,1.0,13.531853949763548,0.0738997038921982
3.0,11.5148,21.006537634633588,0.0476042276644055,3.9242568976743726e-05,1.0,12.854997253927328,0.0777907595191815
4.0,11.5148,18.165478083381625,0.0550494732596568,2.56360432553854e-05,1.0,12.083819132043628,0.0827552935932498
5.0,11.5148,15.05923695360744,0.0664044269361503,1.7893032305818563e-05,1.0,11.52786069108474,0.08674636403035
6.0,11.5148,11.92238338965728,0.0838758465750652,1.3139232162782689e-05,1.5,11.102081005712046,0.0900732033467867
7.5,11.5148,8.7904839724403,0.1137593792486482,8.967122234589726e-06,1.5,10.629301404213846,0.0940795600737752
9.0,11.5148,6.08569380201557,0.1643198019047231,5.781829139339367e-06,nan,10.12273217299095,0.0987875588241046
nan,nan,nan,nan,3.980823676104832e-06,nan,9.755149212165296,0.1025099645583007
nan,nan,nan,nan,2.898291813524844e-06,nan,9.468773950351634,0.1056102939243642
nan,nan,nan,nan,1.954783136956697e-06,nan,9.158717999819096,0.1091855868932477
Name:	615.8482110660261_10_80_1
Lambda:	615.8482110660261	Maximal Depth:	10	Filter time:	10 to 80 [us]
Chi2:	6.974386917962704	RelRMS:	6.602266144080144	AbsRMS:	2.494193586920042e-06	Phi model:	0.322739312053136
depth_vector,start_model,resistivity_model,conductivity_model,E/I[V/A],modelled_thickness,rhoa,sigma
0.0,11.5148,24.95416226868734,0.0400734750873527,0.0001126889676183,1.0,14.752066359228708,0.0677871137269127
1.0,11.5148,24.13325653355506,0.0414365959525434,7.866767317771844e-05,1.0,13.992135315369366,0.0714687199245115
2.0,11.5148,22.553109548011424,0.0443397837389644,5.7630443931977207e-05,1.0,13.4415950606416,0.0743959325875025
3.0,11.5148,20.33804502967077,0.0491689343071627,3.949917519674396e-05,1.0,12.79926184133145,0.0781295056228003
4.0,11.5148,17.66224184462917,0.0566179542097078,2.5715503472857864e-05,1.0,12.05891384310324,0.0829262081984209
5.0,11.5148,14.732601826033871,0.0678766732318053,1.7898561228317123e-05,1.0,11.525486573620526,0.0867642327820497
6.0,11.5148,11.768111655466612,0.0849754004106064,1.3113090539516402e-05,1.5,11.116831155488606,0.0899536914803531
7.5,11.5148,8.805990992365096,0.1135590532476143,8.925516712550986e-06,1.5,10.662307505898427,0.0937883286002393
9.0,11.5148,6.236801575510595,0.160338594693568,5.739672871752587e-06,nan,10.1722374249586,0.09830678917761
nan,nan,nan,nan,3.94331173575481e-06,nan,9.816917401292676,0.1018649703488716
nan,nan,nan,nan,2.866076952517565e-06,nan,9.539594713923206,0.1048262562497002
nan,nan,nan,nan,1.929207227399847e-06,nan,9.239486237637324,0.1082311260908068
Name:	784.7599703514607_10_80_1
Lambda:	784.7599703514607	Maximal Depth:	10	Filter time:	10 to 80 [us]
Chi2:	9.010628871245313	RelRMS:	7.504427389566988	AbsRMS:	3.1255167322845058e-06	Phi model:	0.2892693065125787
depth_vector,start_model,resistivity_model,conductivity_model,E/I[V/A],modelled_thickness,rhoa,sigma
0.0,11.5148,23.992933832774742,0.0416789379310496,0.0001146494345061,1.0,14.583413145323885,0.0685710532942451
1.0,11.5148,23.225881398310545,0.0430554166212499,7.97347997940899e-05,1.0,13.867013158064566,0.0721135826873024
2.0,11.5148,21.748047131492843,0.0459811400055282,5.8217221671585935e-05,1.0,13.351123116472372,0.0749000658054166
3.0,11.5148,19.674351137297997,0.0508275974654245,3.974935710165807e-05,1.0,12.745499761219872,0.0784590654532553
4.0,11.5148,17.166343505534364,0.0582535238024104,2.578248069623704e-05,1.0,12.038020517057046,0.0830701358735075
5.0,11.5148,14.416217957933643,0.0693663208282497,1.7890917951170686e-05,1.0,11.528768917475968,0.0867395302272164
6.0,11.5148,11.627337834887571,0.0860042095792144,1.3074697303265512e-05,1.5,11.13858322117806,0.0897780247400473
7.5,11.5148,8.838580391225737,0.1131403410657126,8.87363641735939e-06,1.5,10.703825700002684,0.0934245407228323
9.0,11.5148,6.408690182000901,0.1560381250459798,5.689769581088297e-06,nan,10.231629280086793,0.0977361447160952
nan,nan,nan,nan,3.89988206810458e-06,nan,9.889664565803653,0.1011156640699206
nan,nan,nan,nan,2.829234340764731e-06,nan,9.622233129790974,0.1039259791891701
nan,nan,nan,nan,1.900275330553832e-06,nan,9.333031311265206,0.1071463243451218
Name:	1000.0_10_80_1
Lambda:	1000.0	Maximal Depth:	10	Filter time:	10.0 to 80.0 [us]
Chi2:	11.432201815874715	RelRMS:	8.45288479450755	AbsRMS:	3.7650317044002148e-06	Phi model:	0.25770135698583835
depth_vector,start_model,resistivity_model,conductivity_model,E/I[V/A],modelled_thickness,rhoa,sigma
0.0,11.5148,23.092480175066488,0.04330414024041144,0.0001166104588951469,1.0,14.419453066965946,0.06935075799032465
1.0,11.5148,22.376486972483075,0.04468976748806571,8.078876521304493e-05,1.0,13.746143905437226,0.0727476743208293
2.0,11.5148,20.995484030963034,0.04762929011425755,5.878596897066315e-05,1.0,13.264869967675917,0.07538709406400655
3.0,11.5148,19.055265650184218,0.05247893250915305,3.99811322783639e-05,1.0,12.696193970055374,0.07876376198713972
4.0,11.5148,16.705468089377845,0.05986063932179482,2.5834215777457504e-05,1.0,12.021943749627093,0.0831812243366235
5.0,11.5148,14.124907080935765,0.07079692590329952,1.7871055420475618e-05,1.0,11.537309660183773,0.08667531941619668
6.0,11.5148,11.503219782804539,0.0869321823699169,1.3026501972826528e-05,1.5,11.166039925375754,0.08955726530472248
7.5,11.5148,8.882933151521044,0.11257542783925688,8.814531888106566e-06,1.5,10.751620989926673,0.09300923097427936
9.0,11.5148,6.593857115827416,0.1516563041076023,5.634977387184662e-06,nan,10.297847681365004,0.09710767054843907
nan,nan,nan,nan,3.852998119911472e-06,nan,9.969728839084054,0.1003036307346422
nan,nan,nan,nan,2.789845204613051e-06,nan,9.712590625719285,0.10295914226550067
nan,nan,nan,nan,1.8696174931616686e-06,nan,9.43478268075811,0.10599078260058528
