Name:	10.0_10_80_1
Lambda:	10	Maximal Depth:	10	Filter time:	10 to 80 [us]
Chi2:	0.5663281861089007	RelRMS:	5.4066369844391104	AbsRMS:	4.964105373434884e-07	Phi model:	0.0811588441842629
depth_vector,start_model,resistivity_model,conductivity_model,E/I[V/A],modelled_thickness,rhoa,sigma
0.0,16.2333,21.77567201884131,0.0459228077615586,9.99301315137348e-05,1.0,16.26912014935762,0.061466138968768
1.0,16.2333,21.01285662151986,0.0475899121196054,6.501611460613485e-05,1.0,16.172932472103646,0.0618317056430476
2.0,16.2333,19.61357249631457,0.0509851022901565,4.459539029311959e-05,1.0,16.233545652906315,0.061600837018681
3.0,16.2333,17.805674501265727,0.0561618713140529,2.8246786904702003e-05,1.0,16.29241589319911,0.0613782514855532
4.0,16.2333,15.916467939594538,0.0628280095681501,1.6984603855382854e-05,1.0,16.185365597305864,0.0617842083323996
5.0,16.2333,14.280102091773736,0.0700275105579297,1.1056008270746923e-05,1.0,16.17559862787828,0.0618215141835012
6.0,16.2333,13.218945313263104,0.0756490004536639,7.653464633564233e-06,1.5,16.20317955649363,0.0617162820737388
7.5,16.2333,13.610259485263397,0.0734739849069562,4.872467691230306e-06,1.5,16.249077808940864,0.0615419540578334
9.0,16.2333,16.393697438999126,0.0609990518442221,2.929940993541046e-06,nan,16.211501759181164,0.0616845999127541
nan,nan,nan,nan,1.9052229256719424e-06,nan,16.229554311691928,0.0616159865388041
nan,nan,nan,nan,1.324888577667562e-06,nan,16.24264802019522,0.0615663159576354
nan,nan,nan,nan,8.467637529999799e-07,nan,16.284714613411,0.0614072781586523
Name:	12.742749857031335_10_80_1
Lambda:	12.742749857031336	Maximal Depth:	10	Filter time:	10 to 80 [us]
Chi2:	0.8616649268432397	RelRMS:	5.960272380809465	AbsRMS:	1.1431238661643592e-06	Phi model:	0.0586455168877409
depth_vector,start_model,resistivity_model,conductivity_model,E/I[V/A],modelled_thickness,rhoa,sigma
0.0,16.2333,20.87763251982565,0.0478981512415446,0.0001019943716796,1.0,16.04886169865568,0.0623097150923647
1.0,16.2333,20.12199062134119,0.0496968723829644,6.624280328144392e-05,1.0,15.97265015674704,0.062607018258494
2.0,16.2333,18.770235769183017,0.0532758358657274,4.5366784737626645e-05,1.0,16.049002041375726,0.0623091702164354
3.0,16.2333,17.125770821021263,0.0583915322966097,2.869014453539349e-05,1.0,16.1241327860557,0.0620188392931624
4.0,16.2333,15.526583461600222,0.0644056693137394,1.723261661523585e-05,1.0,16.029696917682877,0.0623842113257218
5.0,16.2333,14.2574513009333,0.0701387631556938,1.1208018970220418e-05,1.0,16.02900977527364,0.0623868856541968
6.0,16.2333,13.53297316697642,0.073893592166445,7.753097755031365e-06,1.5,16.064065191548107,0.062250743387554
7.5,16.2333,13.99109445998265,0.0714740367781949,4.932312057202546e-06,1.5,16.11737583570057,0.0620448396931319
9.0,16.2333,16.30018129128159,0.0613490109177415,2.9644688984630456e-06,nan,16.085376537762055,0.0621682680322961
nan,nan,nan,nan,1.926925727452458e-06,nan,16.10746300661134,0.062083023229018
nan,nan,nan,nan,1.3395363463208052e-06,nan,16.124022757672908,0.0620192625022271
nan,nan,nan,nan,8.55833746524452e-07,nan,16.169455171359843,0.0618450027785259
Name:	16.237767391887218_10_80_1
Lambda:	16.237767391887218	Maximal Depth:	10	Filter time:	10 to 80 [us]
Chi2:	0.7484079791805874	RelRMS:	5.871328744087099	AbsRMS:	9.788109401702536e-07	Phi model:	0.039929670650832
depth_vector,start_model,resistivity_model,conductivity_model,E/I[V/A],modelled_thickness,rhoa,sigma
0.0,16.2333,20.18654504925731,0.0495379470612674,0.0001015460363229,1.0,16.096065168283598,0.0621269850454162
1.0,16.2333,19.573547916743617,0.0510893581609994,6.59203288006832e-05,1.0,16.02469866003122,0.0624036695613003
2.0,16.2333,18.46648098527917,0.0541521690460226,4.513224333302108e-05,1.0,16.104555860934855,0.0620942302684496
3.0,16.2333,17.099486890084197,0.0584812869782595,2.8539994424236992e-05,1.0,16.18063647410664,0.0618022660357191
4.0,16.2333,15.744677189001369,0.0635135282861538,1.7149712906387265e-05,1.0,16.081314999530882,0.0621839694097884
5.0,16.2333,14.644790914205409,0.0682836652198293,1.1159162892495334e-05,1.0,16.075760249103674,0.0622054561964344
6.0,16.2333,13.9935824706818,0.0714613289409711,7.72240209891063e-06,1.5,16.106605575847265,0.0620863282018623
7.5,16.2333,14.339101237662264,0.0697393779028114,4.915762871393986e-06,1.5,16.153528923637605,0.0619059776180974
9.0,16.2333,16.204163088274697,0.0617125361274349,2.956931830720926e-06,nan,16.112698805914558,0.0620628494360563
nan,nan,nan,nan,1.9233687910687863e-06,nan,16.12731552683704,0.0620065998173053
nan,nan,nan,nan,1.3378049166309502e-06,nan,16.137931907335396,0.0619658086142658
nan,nan,nan,nan,8.55324598347541e-07,nan,16.17587131799447,0.06182047200682
Name:	20.6913808111479_10_80_1
Lambda:	20.6913808111479	Maximal Depth:	10	Filter time:	10 to 80 [us]
Chi2:	0.6990016168724479	RelRMS:	5.833530172724259	AbsRMS:	8.675568301868049e-07	Phi model:	0.0268901853748516
depth_vector,start_model,resistivity_model,conductivity_model,E/I[V/A],modelled_thickness,rhoa,sigma
0.0,16.2333,19.614898636871786,0.0509816552464979,0.0001012351486982,1.0,16.12900175086525,0.0620001172698957
1.0,16.2333,19.11738601469092,0.0523084065589061,6.569005428837115e-05,1.0,16.062126214326828,0.0622582581319798
2.0,16.2333,18.21123004038217,0.05491117281933,4.4961700647301006e-05,1.0,16.145253918838936,0.061937706587145
3.0,16.2333,17.077125023458482,0.0585578660709177,2.8429625800213463e-05,1.0,16.22248673973664,0.0616428304762007
4.0,16.2333,15.93308544546978,0.0627624827232899,1.7088988013640902e-05,1.0,16.119388589909022,0.0620370924382339
5.0,16.2333,14.98325078104411,0.0667411908546,1.1123601446435416e-05,1.0,16.11000414113006,0.0620732304746542
6.0,16.2333,14.3983547288103,0.0694523797221814,7.700205450433107e-06,1.5,16.13754337552347,0.0619673005196531
7.5,16.2333,14.642278489308216,0.0682953818102967,4.903991378433858e-06,1.5,16.179368441634868,0.0618071096908003
9.0,16.2333,16.123300844218488,0.0620220393864685,2.9517917791879687e-06,nan,16.131398427646975,0.0619909057782702
nan,nan,nan,nan,1.92110660234725e-06,nan,16.13997346573102,0.0619579705086403
nan,nan,nan,nan,1.3368271863492503e-06,nan,16.145799601898897,0.0619356132651609
nan,nan,nan,nan,8.551809168945356e-07,nan,16.17768310430518,0.061813548550341
Name:	26.366508987303583_10_80_1
Lambda:	26.366508987303583	Maximal Depth:	10	Filter time:	10 to 80 [us]
Chi2:	0.6813341083175906	RelRMS:	5.823246170909505	AbsRMS:	7.944790110603756e-07	Phi model:	0.0180090953354141
depth_vector,start_model,resistivity_model,conductivity_model,E/I[V/A],modelled_thickness,rhoa,sigma
0.0,16.2333,19.14674309664017,0.0522282037708793,0.0001010256953469,1.0,16.151287217875037,0.0619145698117036
1.0,16.2333,18.74200680933337,0.0533560792167681,6.5528704325337e-05,1.0,16.08848169838275,0.0621562692333187
2.0,16.2333,17.999239011142947,0.0555579043858977,4.483940808123147e-05,1.0,16.174596383476107,0.061825344898349
3.0,16.2333,17.058146926355764,0.0586230148161606,2.8349372066435508e-05,1.0,16.253088279202746,0.0615267685021798
4.0,16.2333,16.092893535160307,0.0621392292079212,1.7044953575006573e-05,1.0,16.147138854395518,0.0619304762916424
5.0,16.2333,15.273347303458472,0.0654735324308091,1.1097967238754474e-05,1.0,16.13480197822543,0.0619778291267249
6.0,16.2333,14.747077724018004,0.067810044723053,7.68430520160006e-06,1.5,16.159796747016884,0.0618819664414777
7.5,16.2333,14.901704463192592,0.0671064174215784,4.89570430321185e-06,1.5,16.197621429262977,0.0617374596861103
9.0,16.2333,16.056425444035984,0.0622803626800659,2.948346957610632e-06,nan,16.14396116751103,0.061942666339687
nan,nan,nan,nan,1.9197247004864293e-06,nan,16.14771804297297,0.0619282549607789
nan,nan,nan,nan,1.3363383657841443e-06,nan,16.14973668749754,0.0619205142071547
nan,nan,nan,nan,8.552516457183105e-07,nan,16.17679116856139,0.0618169567487178
Name:	33.59818286283781_10_80_1
Lambda:	33.59818286283781	Maximal Depth:	10	Filter time:	10 to 80 [us]
Chi2:	0.6784669418485002	RelRMS:	5.8263648885028445	AbsRMS:	7.477800161167036e-07	Phi model:	0.0120730082776963
depth_vector,start_model,resistivity_model,conductivity_model,E/I[V/A],modelled_thickness,rhoa,sigma
0.0,16.2333,18.766250286275305,0.0532871503227978,0.0001008888135405,1.0,16.165892852655613,0.0618586309531135
1.0,16.2333,18.43563270551636,0.0542427816811938,6.541750545546787e-05,1.0,16.106708364300395,0.0620859319844918
2.0,16.2333,17.824760806061153,0.0561017345971879,4.4752609823753975e-05,1.0,16.195503519476357,0.0617455331844065
3.0,16.2333,17.042003224021464,0.0586785477537321,2.8291393881737763e-05,1.0,16.275285912787965,0.06144285300784
4.0,16.2333,16.226315749895797,0.0616282842891444,1.7013182530078357e-05,1.0,16.167235111559588,0.0618534952389601
5.0,16.2333,15.517928599506236,0.0644415904859762,1.1079560883291187e-05,1.0,16.15266674953661,0.0619092819474337
6.0,16.2333,15.042496049853852,0.0664783289080348,7.672946149758193e-06,1.5,16.1757414879932,0.0618209681913049
7.5,16.2333,15.120403832295064,0.0661357997505423,4.889881765103034e-06,1.5,16.21047689501853,0.061688499757049
9.0,16.2333,16.002067610370087,0.0624919244405612,2.9460533552916283e-06,nan,16.152339161027303,0.0619105375407681
nan,nan,nan,nan,1.918907625439655e-06,nan,16.15230154007857,0.0619106817389898
nan,nan,nan,nan,1.3361404751973553e-06,nan,16.15133123140757,0.0619144010900735
nan,nan,nan,nan,8.554269565218274e-07,nan,16.17458091701217,0.0618254040170039
Name:	42.81332398719393_10_80_1
Lambda:	42.81332398719393	Maximal Depth:	10	Filter time:	10 to 80 [us]
Chi2:	0.6818743657800548	RelRMS:	5.834765362644671	AbsRMS:	7.188476325864935e-07	Phi model:	0.0081654597353351
depth_vector,start_model,resistivity_model,conductivity_model,E/I[V/A],modelled_thickness,rhoa,sigma
0.0,16.2333,18.458654072035845,0.0541751308680171,0.0001008027749319,1.0,16.175090305415758,0.061823457001979
1.0,16.2333,18.187023458632822,0.0549842585442606,6.534215886302922e-05,1.0,16.11908783975281,0.0620382499271332
2.0,16.2333,17.682044283926047,0.0565545467448611,4.469150750221286e-05,1.0,16.210261841768933,0.0616893181468113
3.0,16.2333,17.028133773958206,0.0587263415518463,2.824963720261492e-05,1.0,16.29131997304905,0.0613823804120423
4.0,16.2333,16.336173492918828,0.0612138454842846,1.699026607127027e-05,1.0,16.181769415629255,0.0617979390457847
5.0,16.2333,15.721283806679898,0.0636080368687896,1.106631271652944e-05,1.0,16.16555574900187,0.0618599209038479
6.0,16.2333,15.289271370869663,0.0654053404994354,7.664788047262021e-06,1.5,16.187217339886242,0.0617771405055482
7.5,16.2333,15.302575268950644,0.065348477783934,4.885751691900924e-06,1.5,16.21961107831193,0.0616537594626514
9.0,16.2333,15.958709819771212,0.0626617070736571,2.944505947735002e-06,nan,16.157997623137483,0.0618888567335873
nan,nan,nan,nan,1.91842481713534e-06,nan,16.155011450201638,0.0619002965787138
nan,nan,nan,nan,1.3360914749950486e-06,nan,16.151726121365986,0.0619128873586563
nan,nan,nan,nan,8.556304586594116e-07,nan,16.1720161865272,0.0618352089477311
Name:	54.5559478116852_10_80_1
Lambda:	54.5559478116852	Maximal Depth:	10	Filter time:	10 to 80 [us]
Chi2:	0.6874559002555297	RelRMS:	5.843898203068157	AbsRMS:	7.017632705002301e-07	Phi model:	0.0056234635670049
depth_vector,start_model,resistivity_model,conductivity_model,E/I[V/A],modelled_thickness,rhoa,sigma
0.0,16.2333,18.210759787533664,0.0549125907796861,0.000100751977685,1.0,16.18052663230594,0.0618026855815314
1.0,16.2333,17.985963241881453,0.0555989126938409,6.52922203262094e-05,1.0,16.12730587941243,0.0620066369099234
2.0,16.2333,17.565678376918545,0.0569291990062853,4.464885417146489e-05,1.0,16.220584042010735,0.0616500612684497
3.0,16.2333,17.01599190794506,0.0587682460951972,2.8219585712636363e-05,1.0,16.30288384672811,0.0613388409928893
4.0,16.2333,16.425503835228813,0.0608809330923071,1.697366575848946e-05,1.0,16.192318253295557,0.0617576794352145
5.0,16.2333,15.888399470708766,0.0629390016183543,1.1056686994447706e-05,1.0,16.174936652942808,0.0618240442887956
6.0,16.2333,15.493079064947356,0.0645449491226357,7.658839798211729e-06,1.5,16.19559747261423,0.0617451749891252
7.5,16.2333,15.452958146187758,0.0647125288595115,4.882748014703358e-06,1.5,16.226262180275413,0.0616284877496677
9.0,16.2333,15.92491163048113,0.0627946969630868,2.943413250826551e-06,nan,16.16199631452472,0.0618735446128832
nan,nan,nan,nan,1.918113879442639e-06,nan,16.156757285466977,0.0618936078775845
nan,nan,nan,nan,1.3360935254369366e-06,nan,16.15170959648274,0.0619129507019965
nan,nan,nan,nan,8.558115847753665e-07,nan,16.16973431524943,0.0618439351261891
Name:	69.51927961775606_10_80_1
Lambda:	69.51927961775606	Maximal Depth:	10	Filter time:	10 to 80 [us]
Chi2:	0.6933485756074487	RelRMS:	5.85125043088793	AbsRMS:	6.926448347905344e-07	Phi model:	0.0039833586054762
depth_vector,start_model,resistivity_model,conductivity_model,E/I[V/A],modelled_thickness,rhoa,sigma
0.0,16.2333,18.011115465261085,0.0555212697363885,0.0001007257031406,1.0,16.183340329779323,0.0617919403301355
1.0,16.2333,17.82346649775932,0.0561058086049487,6.526033157549752e-05,1.0,16.13255907330693,0.0619864458859852
2.0,16.2333,17.470771323823573,0.0572384573906233,4.461945055725958e-05,1.0,16.22770935651648,0.061622991762447
3.0,16.2333,17.005052399042995,0.0588060522563445,2.819795594198037e-05,1.0,16.31121973634879,0.0613074936248664
4.0,16.2333,16.49727912912385,0.0606160562704323,1.6961535194265593e-05,1.0,16.200037623381103,0.0617282517021272
5.0,16.2333,16.024397141816667,0.0624048437610446,1.1049568617725828e-05,1.0,16.18188274212346,0.0617975062566035
6.0,16.2333,15.659904265230333,0.063857350789832,7.6543829440429e-06,1.5,16.20188358029975,0.061721218711627
7.5,16.2333,15.576361820224731,0.0641998440676676,4.880463189375047e-06,1.5,16.23132608250735,0.0616092606923662
9.0,16.2333,15.899397452916755,0.0628954652502601,2.942569251379227e-06,nan,16.16508659896534,0.0618617162288512
nan,nan,nan,nan,1.91786257641116e-06,nan,16.1581686321293,0.0618882017366482
nan,nan,nan,nan,1.3360806140360463e-06,nan,16.15181365251029,0.0619125518356002
nan,nan,nan,nan,8.55937769334702e-07,nan,16.168145086835622,0.0618500140015577
Name:	88.58667904100822_10_80_1
Lambda:	88.58667904100822	Maximal Depth:	10	Filter time:	10 to 80 [us]
Chi2:	0.6987863196956231	RelRMS:	5.855431290572866	AbsRMS:	6.890448266269723e-07	Phi model:	0.0029293283517927
depth_vector,start_model,resistivity_model,conductivity_model,E/I[V/A],modelled_thickness,rhoa,sigma
0.0,16.2333,17.849979430816965,0.0560224735202527,0.0001007169136259,1.0,16.184281857431905,0.0617883455570686
1.0,16.2333,17.691806114620135,0.0565233415696106,6.524147616544101e-05,1.0,16.135667232760458,0.0619745056448416
2.0,16.2333,17.393018641413413,0.0574943326754657,4.459965793132305e-05,1.0,16.232510069410495,0.0616047669598837
3.0,16.2333,16.994813315797487,0.058841481893211,2.818240438156538e-05,1.0,16.317219735307386,0.0612849502685919
4.0,16.2333,16.554233048252126,0.0604075100963728,1.6952551252714906e-05,1.0,16.205760551147254,0.0617064528902475
5.0,16.2333,16.13415936440077,0.0619802976662329,1.1044157472349016e-05,1.0,16.187167911920227,0.0617773291437596
6.0,16.2333,15.795559849586075,0.0633089304540354,7.650901220877747e-06,1.5,16.206798573896027,0.0617025006783684
7.5,16.2333,15.677359506116948,0.063786251735174,4.878605297117985e-06,1.5,16.235446678389533,0.0615936241120527
9.0,16.2333,15.881101528152328,0.0629679243739677,2.9418286340728985e-06,nan,16.16779956927498,0.0618513357810535
nan,nan,nan,nan,1.917593274899448e-06,nan,16.159681402486537,0.0618824081424109
nan,nan,nan,nan,1.3360080543308568e-06,nan,16.15239845947804,0.0619103102557014
nan,nan,nan,nan,8.55987961315407e-07,nan,16.167513053681116,0.0618524318910207
Name:	112.88378916846884_10_80_1
Lambda:	112.88378916846884	Maximal Depth:	10	Filter time:	10 to 80 [us]
Chi2:	0.7035276358822475	RelRMS:	5.855640017554965	AbsRMS:	6.89490122576333e-07	Phi model:	0.0022506192679574
depth_vector,start_model,resistivity_model,conductivity_model,E/I[V/A],modelled_thickness,rhoa,sigma
0.0,16.2333,17.719174755528577,0.0564360368807801,0.0001007212449621,1.0,16.183817870124646,0.0617901170184324
1.0,16.2333,17.584436051581687,0.0568684714748103,6.523235304071239e-05,1.0,16.137171642426182,0.0619687279876792
2.0,16.2333,17.328698254182857,0.057707739227245,4.4586986933736e-05,1.0,16.2355852918659,0.061593098248266
3.0,16.2333,16.984792976508764,0.0588761959820808,2.817128044140422e-05,1.0,16.321514885773844,0.0612688225938892
4.0,16.2333,16.598769270652816,0.060245430471043,1.6945772840475252e-05,1.0,16.21008186496826,0.0616900030690843
5.0,16.2333,16.222113350655793,0.0616442493270813,1.1039880747836147e-05,1.0,16.19134812548469,0.0617613797350222
6.0,16.2333,15.90539701684867,0.0628717408902584,7.6480225572663e-06,1.5,16.210865071237865,0.0616870225990746
7.5,16.2333,15.760117061788844,0.0634513053475058,4.8769631474249525e-06,1.5,16.23909095960845,0.0615798016334352
9.0,16.2333,15.86918468539343,0.063015209654749,2.9410869663288826e-06,nan,16.170517528462437,0.0618409397373866
nan,nan,nan,nan,1.91725069759916e-06,nan,16.16160630296571,0.0618750377440203
nan,nan,nan,nan,1.3358443346838407e-06,nan,16.15371817959382,0.0619052523315189
nan,nan,nan,nan,8.559476834774737e-07,nan,16.168020239946593,0.0618504915975602
Name:	143.8449888287663_10_80_1
Lambda:	143.8449888287663	Maximal Depth:	10	Filter time:	10 to 80 [us]
Chi2:	0.7075777223531777	RelRMS:	5.851361493944423	AbsRMS:	6.931591733029128e-07	Phi model:	0.0018087736873432
depth_vector,start_model,resistivity_model,conductivity_model,E/I[V/A],modelled_thickness,rhoa,sigma
0.0,16.2333,17.611894440792756,0.0567798088593919,0.0001007362240476,1.0,16.182213516427606,0.0617962430779222
1.0,16.2333,17.495862295568408,0.0571563712097399,6.523088707750313e-05,1.0,16.137413413488762,0.0619677995709108
2.0,16.2333,17.274625241645243,0.0578883759277871,4.457977498972967e-05,1.0,16.23733626489083,0.0615864562811481
3.0,16.2333,16.97452538917475,0.0589118091418175,2.8163432498931608e-05,1.0,16.32454681643429,0.0612574432383799
4.0,16.2333,16.632929344340173,0.0601217007117437,1.694053078517988e-05,1.0,16.21342570996649,0.0616772801682061
5.0,16.2333,16.29213246458522,0.0613793192618421,1.1036325111398138e-05,1.0,16.194825578708848,0.0617481179491484
6.0,16.2333,15.994163139722913,0.0625228085561045,7.645474535468314e-06,1.5,16.214466621704457,0.0616733207037112
7.5,16.2333,15.828320275192109,0.0631778977562963,4.875379807985808e-06,1.5,16.242606665416194,0.0615664727096546
9.0,16.2333,15.863031964375567,0.063039651073373,2.940265942322553e-06,nan,16.173527633795718,0.0618294303285097
nan,nan,nan,nan,1.916792964151121e-06,nan,16.164179146779173,0.0618651891271111
nan,nan,nan,nan,1.335565249618825e-06,nan,16.15596846500346,0.0618966298533057
nan,nan,nan,nan,8.558055531829951e-07,nan,16.1698102897752,0.0618436445498893
Name:	183.29807108324357_10_80_1
Lambda:	183.2980710832436	Maximal Depth:	10	Filter time:	10 to 80 [us]
Chi2:	0.7110595549184021	RelRMS:	5.842214542945278	AbsRMS:	6.99670096656857e-07	Phi model:	0.0015138928113885
depth_vector,start_model,resistivity_model,conductivity_model,E/I[V/A],modelled_thickness,rhoa,sigma
0.0,16.2333,17.522495942689712,0.0570694953088115,0.000100760708329,1.0,16.179591952774448,0.0618062558634874
1.0,16.2333,17.42149602854402,0.0574003517471497,6.523587785793662e-05,1.0,16.13659035602711,0.061970960279505
2.0,16.2333,17.22808765637293,0.058044747620615,4.4576955092205744e-05,1.0,16.238021030393547,0.0615838591493537
3.0,16.2333,16.963555173849077,0.0589499070066158,2.815806990221984e-05,1.0,16.32661938232028,0.0612496669753247
4.0,16.2333,16.65839770796059,0.0600297830278195,1.6936350907037685e-05,1.0,16.216093240763016,0.0616671343185337
5.0,16.2333,16.34751562319382,0.0611713744797528,1.1033190251905636e-05,1.0,16.197893056485597,0.0617364243925293
6.0,16.2333,16.06595825794377,0.0622434083261453,7.643054480716523e-06,1.5,16.217889147484936,0.0616603055370544
7.5,16.2333,15.885164300171706,0.0629518197674034,4.873735362262168e-06,1.5,16.246260068986043,0.0615526278511933
9.0,16.2333,15.86223080685141,0.0630428350322621,2.9393041717516832e-06,nan,16.17705553786529,0.0618159465212517
nan,nan,nan,nan,1.916186238141365e-06,nan,16.167591031715055,0.0618521335700758
nan,nan,nan,nan,1.3351505380492044e-06,nan,16.159313765799695,0.0618838160142942
nan,nan,nan,nan,8.555514096291424e-07,nan,16.173012317986863,0.061831400380982
Name:	233.57214690901213_10_80_1
Lambda:	233.57214690901213	Maximal Depth:	10	Filter time:	10 to 80 [us]
Chi2:	0.7141573056815567	RelRMS:	5.8278357215811765	AbsRMS:	7.089197378448323e-07	Phi model:	0.0013081285547647
depth_vector,start_model,resistivity_model,conductivity_model,E/I[V/A],modelled_thickness,rhoa,sigma
0.0,16.2333,17.446318463638637,0.0573186831413278,0.0001007944103042,1.0,16.17598517473317,0.061820036875528
1.0,16.2333,17.357520592254012,0.0576119149440192,6.524669625874325e-05,1.0,16.134806593407994,0.061977811398654
2.0,16.2333,17.18678811467882,0.0581842281016965,4.457785263891612e-05,1.0,16.23780306817832,0.0615846857977806
3.0,16.2333,16.951442720409,0.0589920289673062,2.815463936423612e-05,1.0,16.32794558057977,0.0612446921178734
4.0,16.2333,16.676536316097717,0.0599644902901514,1.6932883968430236e-05,1.0,16.21830661766608,0.0616587183590876
5.0,16.2333,16.391020435049267,0.0610090142930746,1.103024588938574e-05,1.0,16.20077545506769,0.0617254404132361
6.0,16.2333,16.124260443905325,0.0620183482820126,7.64060131740374e-06,1.5,16.22136034042327,0.0616471109089428
7.5,16.2333,15.933383916067145,0.0627613070310573,4.871930324397069e-06,1.5,16.250272620086314,0.0615374291483541
9.0,16.2333,15.866560350457467,0.0630256323936755,2.9381481019821887e-06,nan,16.181298704649823,0.0617997367363747
nan,nan,nan,nan,1.9153993184457623e-06,nan,16.172018907300252,0.0618351985446039
nan,nan,nan,nan,1.3345804008066222e-06,nan,16.16391564702955,0.0618661976365714
nan,nan,nan,nan,8.551743033870116e-07,nan,16.177766511154214,0.0618132298615214
Name:	297.63514416313194_10_80_1
Lambda:	297.63514416313194	Maximal Depth:	10	Filter time:	10 to 80 [us]
Chi2:	0.7170992634625373	RelRMS:	5.807930027550804	AbsRMS:	7.210075132567563e-07	Phi model:	0.0011545659357819
depth_vector,start_model,resistivity_model,conductivity_model,E/I[V/A],modelled_thickness,rhoa,sigma
0.0,16.2333,17.37951696091456,0.0575389984801612,0.0001008376692313,1.0,16.17135855843777,0.0618377235521889
1.0,16.2333,17.300766204904605,0.0578009082462781,6.526314969972781e-05,1.0,16.132094657241307,0.0619882303722489
2.0,16.2333,17.148782511146035,0.058313177588557,4.458210335875967e-05,1.0,16.23677091336885,0.0615886006728487
3.0,16.2333,16.93776350483793,0.0590396718973181,2.815278248934036e-05,1.0,16.32866353492946,0.0612419992524709
4.0,16.2333,16.68842135809186,0.0599217852031954,1.6929887293790304e-05,1.0,16.22022037541467,0.0616514434980008
5.0,16.2333,16.424911771541783,0.0608831276483704,1.1027324050109887e-05,1.0,16.203637072365844,0.0617145394909781
6.0,16.2333,16.17196853902224,0.0618353911329374,7.637992809652308e-06,1.5,16.225053381875203,0.0616330791932609
7.5,16.2333,15.97528682551176,0.062596685175195,4.869885966690829e-06,1.5,16.25482016614863,0.0615202130677854
9.0,16.2333,15.875926123487082,0.062988451333279,2.9367535737285386e-06,nan,16.18642079886421,0.0617801805863202
nan,nan,nan,nan,1.9144053974759934e-06,nan,16.177615882110118,0.0618138054016872
nan,nan,nan,nan,1.3338371450880243e-06,nan,16.1699197819444,0.0618432257849922
nan,nan,nan,nan,8.546638723279377e-07,nan,16.184207103787763,0.061788630952823
Name:	379.26901907322497_10_80_1
Lambda:	379.26901907322497	Maximal Depth:	10	Filter time:	10 to 80 [us]
Chi2:	0.7201539306586002	RelRMS:	5.782242790414001	AbsRMS:	7.361340453159681e-07	Phi model:	0.0010299314466209
depth_vector,start_model,resistivity_model,conductivity_model,E/I[V/A],modelled_thickness,rhoa,sigma
0.0,16.2333,17.318950461354696,0.0577402194337,0.0001008911134227,1.0,16.165647176644395,0.0618595710442553
1.0,16.2333,17.24863019027937,0.057975618293652,6.528527054721547e-05,1.0,16.128450386917518,0.0620022367933836
2.0,16.2333,17.112451884119334,0.0584369795030961,4.458951450573756e-05,1.0,16.23497173956968,0.0615954259755616
3.0,16.2333,16.922131493953877,0.0590942104638113,2.815225391823018e-05,1.0,16.32886791957848,0.0612412327005835
4.0,16.2333,16.694901972173437,0.0598985248111531,1.6927180312848524e-05,1.0,16.221949612315143,0.0616448715412625
5.0,16.2333,16.45103425447249,0.0607864517532162,1.1024292961103611e-05,1.0,16.206607023423953,0.061703229957675
6.0,16.2333,16.211474374794392,0.0616847041102443,7.63512921698242e-06,1.5,16.22910998557283,0.0616176734823393
7.5,16.2333,16.012799456661913,0.0624500420870482,4.867535314474981e-06,1.5,16.260052979315162,0.0615004146217805
9.0,16.2333,15.890334963916164,0.0629313354482963,2.9350813292162856e-06,nan,16.192568290920313,0.0617567258036967
nan,nan,nan,nan,1.913179649105616e-06,nan,16.18452499786085,0.0617874173095702
nan,nan,nan,nan,1.3329037947556518e-06,nan,16.177467433047237,0.0618143726228251
nan,nan,nan,nan,8.540096755852348e-07,nan,16.192471104060157,0.0617570964662247
Name:	483.2930238571752_10_80_1
Lambda:	483.2930238571752	Maximal Depth:	10	Filter time:	10 to 80 [us]
Chi2:	0.7236332704228455	RelRMS:	5.750654162541565	AbsRMS:	7.545421110850291e-07	Phi model:	0.0009199311631189
depth_vector,start_model,resistivity_model,conductivity_model,E/I[V/A],modelled_thickness,rhoa,sigma
0.0,16.2333,17.262099766638894,0.0579303800533363,0.0001009554627187,1.0,16.158777094011818,0.0618858713244199
1.0,16.2333,17.19901906900834,0.058142850821181,6.531320800256509e-05,1.0,16.123850806880725,0.0620199238989024
2.0,16.2333,17.076484683422443,0.0585600618944004,4.460000508595783e-05,1.0,16.23242583625993,0.0616050866387575
3.0,16.2333,16.90422298283748,0.0591568154901458,2.815289563547492e-05,1.0,16.32861978510415,0.0612421633402386
4.0,16.2333,16.696654011675953,0.0598922394451427,1.6924637407309554e-05,1.0,16.22357445668122,0.061638697604533
5.0,16.2333,16.470878244478733,0.0607132166941501,1.1021057197181024e-05,1.0,16.209779023328277,0.0616911556018654
6.0,16.2333,16.24472206171796,0.0615584554910042,7.631936306505085e-06,1.5,16.233636096272487,0.0616004938184869
7.5,16.2333,16.047494075787384,0.0623150253414836,4.864827353490795e-06,1.5,16.266086424686375,0.0614776027798758
9.0,16.2333,15.909820461119246,0.0628542605143672,2.9331009850151475e-06,nan,16.199855970757703,0.0617289438748774
nan,nan,nan,nan,1.911702601289559e-06,nan,16.1928604087475,0.0617556117176056
nan,nan,nan,nan,1.3317668826068951e-06,nan,16.186673119921725,0.0617792175446634
nan,nan,nan,nan,8.532033204706982e-07,nan,16.202671741105785,0.0617182163521232
Name:	615.8482110660261_10_80_1
Lambda:	615.8482110660261	Maximal Depth:	10	Filter time:	10 to 80 [us]
Chi2:	0.7278905592944581	RelRMS:	5.713260831782161	AbsRMS:	7.764430050685474e-07	Phi model:	0.0008163222185413
depth_vector,start_model,resistivity_model,conductivity_model,E/I[V/A],modelled_thickness,rhoa,sigma
0.0,16.2333,17.20702779204813,0.0581157892045789,0.0001010312832582,1.0,16.150691674325515,0.0619168528608395
1.0,16.2333,17.15032669354321,0.0583079271823132,6.534709294840923e-05,1.0,16.118276439653627,0.0620413729559715
2.0,16.2333,17.03988446059602,0.058685843927666,4.461352987322879e-05,1.0,16.22914504975309,0.0616175403531324
3.0,16.2333,16.883815017990347,0.0592283200766214,2.815460242746241e-05,1.0,16.32795986128812,0.0612446385522354
4.0,16.2333,16.69424015410167,0.0599008993981859,1.6922175910436023e-05,1.0,16.225147670824903,0.061632721025901
5.0,16.2333,16.485646528900258,0.0606588281658801,1.1017554889494574e-05,1.0,16.213214064155483,0.0616780852977708
6.0,16.2333,16.273264827454657,0.0614504840056986,7.6283664542004226e-06,1.5,16.238700279154486,0.0615812831574761
7.5,16.2333,16.080605996084437,0.0621867111378449,4.861730082971758e-06,1.5,16.27299413329617,0.0614515062076929
9.0,16.2333,15.934370943040754,0.0627574193907381,2.930794317405603e-06,nan,16.20835486878977,0.0616965761235623
nan,nan,nan,nan,1.909963064771694e-06,nan,16.20269089482264,0.0617181433930543
nan,nan,nan,nan,1.3304189371252071e-06,nan,16.197604548902707,0.0617375240259056
nan,nan,nan,nan,8.522403939621722e-07,nan,16.214874124111706,0.0616717707671247
Name:	784.7599703514607_10_80_1
Lambda:	784.7599703514607	Maximal Depth:	10	Filter time:	10 to 80 [us]
Chi2:	0.7333056036434202	RelRMS:	5.670470607444808	AbsRMS:	8.019425583150597e-07	Phi model:	0.0007150741488655
depth_vector,start_model,resistivity_model,conductivity_model,E/I[V/A],modelled_thickness,rhoa,sigma
0.0,16.2333,17.15236768963509,0.0583009890001532,0.0001011187503618,1.0,16.14137683112859,0.0619525837518087
1.0,16.2333,17.10143510372685,0.0584746247279606,6.538691346315893e-05,1.0,16.11173177401417,0.0620665744704645
2.0,16.2333,17.001991899914167,0.0588166378320088,4.463001408297744e-05,1.0,16.225148619581944,0.0616327174219601
3.0,16.2333,16.860829267581824,0.0593090638740225,2.8157296382249253e-05,1.0,16.32691839086502,0.0612485452588226
4.0,16.2333,16.688168254452187,0.0599226940160561,1.6919750631675132e-05,1.0,16.22669810998801,0.0616268321023653
5.0,16.2333,16.496314294450634,0.0606196015758744,1.1013759755107598e-05,1.0,16.216938362631282,0.0616639206266148
6.0,16.2333,16.29831100586232,0.0613560509208783,7.62440342364065e-06,1.5,16.244326851981803,0.0615599531523831
7.5,16.2333,16.113037577308333,0.0620615445847578,4.858236146130961e-06,1.5,16.280795318630513,0.0614220608040981
9.0,16.2333,15.96384629012464,0.0626415452658553,2.928160215127051e-06,nan,16.218073841970078,0.0616596033378601
nan,nan,nan,nan,1.9079622067421373e-06,nan,16.21401663297186,0.061675032327675
nan,nan,nan,nan,1.3288617998650012e-06,nan,16.210255460819564,0.061689342429983
nan,nan,nan,nan,8.511229501413581e-07,nan,16.229063416350236,0.0616178502939691
Name:	1000.0_10_80_1
Lambda:	1000	Maximal Depth:	10	Filter time:	10 to 80 [us]
Chi2:	0.7402507862720918	RelRMS:	5.62307306767025	AbsRMS:	8.309671587672278e-07	Phi model:	0.0006151494270494
depth_vector,start_model,resistivity_model,conductivity_model,E/I[V/A],modelled_thickness,rhoa,sigma
0.0,16.2333,17.09732362297996,0.0584886864196646,0.000101217423343,1.0,16.13088472010418,0.0619928799536756
1.0,16.2333,17.051724756437746,0.0586450939294253,6.543239758767339e-05,1.0,16.104264393232437,0.0620953540988953
2.0,16.2333,16.96251084124304,0.0589535363814522,4.464929251895179e-05,1.0,16.22047787737394,0.0616504647742164
3.0,16.2333,16.835374340569334,0.0593987386184952,2.816090363099489e-05,1.0,16.325524105272347,0.0612537762066118
4.0,16.2333,16.67894409534859,0.0599558337915935,1.6917349178208067e-05,1.0,16.22823368305206,0.0616210007528021
5.0,16.2333,16.50368151358027,0.0605925410749799,1.1009683308272477e-05,1.0,16.220941106179207,0.0616487041938066
6.0,16.2333,16.32076226175018,0.0612716479758809,7.620067062006139e-06,1.5,16.25048905465335,0.0615366095529074
7.5,16.2333,16.145356561866606,0.0619373128223058,4.85436822972301e-06,1.5,16.28944243021353,0.061389455426983
9.0,16.2333,15.997898853874204,0.0625082086800311,2.925219367522711e-06,nan,16.22894183500268,0.0616183119125606
nan,nan,nan,nan,1.9057173830474708e-06,nan,16.226746910495784,0.0616266467651122
nan,nan,nan,nan,1.327109735815973e-06,nan,16.224519621705454,0.0616351068208011
nan,nan,nan,nan,8.498618338580385e-07,nan,16.24511440006497,0.0615569687829345
Name:	200_10_80_1
Lambda:	200	Maximal Depth:	10	Filter time:	10 to 80 [us]
Chi2:	0.7122071759278311	RelRMS:	5.837657387334695	AbsRMS:	7.026795228409036e-07	Phi model:	0.0014318856296814
depth_vector,start_model,resistivity_model,conductivity_model,E/I[V/A],modelled_thickness,rhoa,sigma
0.0,16.2333,17.49378300863067,0.0571631647372465,0.0001007717605121,1.0,16.17840892900012,0.0618107753604546
1.0,16.2333,17.397460645429646,0.0574796529436439,6.523911343559011e-05,1.0,16.136056814924803,0.0619730093584614
2.0,16.2333,17.212734464796544,0.058096521621547,4.457687205035609e-05,1.0,16.238041196828448,0.0615837826667982
3.0,16.2333,16.959351856838722,0.0589645175382547,2.8156633741879856e-05,1.0,16.327174549156712,0.0612475843257062
4.0,16.2333,16.66570645761467,0.0600034569517509,1.6935035000496834e-05,1.0,16.216933258191254,0.0616639400359432
5.0,16.2333,16.364408239903327,0.0611082286227483,1.1032118154391368e-05,1.0,16.198942443338638,0.0617324250331676
6.0,16.2333,16.088325867528393,0.062156871276354,7.642182246927082e-06,1.5,16.21912313374507,0.0616556142865348
7.5,16.2333,15.90337744113846,0.062879724995599,4.873108567510708e-06,1.5,16.247653136281382,0.0615473503534474
9.0,16.2333,15.863206224679749,0.0630389585709485,2.9389128640627694e-06,nan,16.178491457890214,0.0618104600545004
nan,nan,nan,nan,1.915925195163396e-06,nan,16.169059544260175,0.0618465160118102
nan,nan,nan,nan,1.3349641628149153e-06,nan,16.16081773916458,0.0618780569238505
nan,nan,nan,nan,8.554303718076291e-07,nan,16.174537865892226,0.0618255685752068
Name:	200_10_80_2
Lambda:	200	Maximal Depth:	10	Filter time:	10 to 80 [us]
Chi2:	0.7122071759278311	RelRMS:	5.837657387334695	AbsRMS:	7.026795228409036e-07	Phi model:	0.0014318856296814
depth_vector,start_model,resistivity_model,conductivity_model,E/I[V/A],modelled_thickness,rhoa,sigma
0.0,16.2333,17.49378300863067,0.0571631647372465,0.0001007717605121,1.0,16.17840892900012,0.0618107753604546
1.0,16.2333,17.397460645429646,0.0574796529436439,6.523911343559011e-05,1.0,16.136056814924803,0.0619730093584614
2.0,16.2333,17.212734464796544,0.058096521621547,4.457687205035609e-05,1.0,16.238041196828448,0.0615837826667982
3.0,16.2333,16.959351856838722,0.0589645175382547,2.8156633741879856e-05,1.0,16.327174549156712,0.0612475843257062
4.0,16.2333,16.66570645761467,0.0600034569517509,1.6935035000496834e-05,1.0,16.216933258191254,0.0616639400359432
5.0,16.2333,16.364408239903327,0.0611082286227483,1.1032118154391368e-05,1.0,16.198942443338638,0.0617324250331676
6.0,16.2333,16.088325867528393,0.062156871276354,7.642182246927082e-06,1.5,16.21912313374507,0.0616556142865348
7.5,16.2333,15.90337744113846,0.062879724995599,4.873108567510708e-06,1.5,16.247653136281382,0.0615473503534474
9.0,16.2333,15.863206224679749,0.0630389585709485,2.9389128640627694e-06,nan,16.178491457890214,0.0618104600545004
nan,nan,nan,nan,1.915925195163396e-06,nan,16.169059544260175,0.0618465160118102
nan,nan,nan,nan,1.3349641628149153e-06,nan,16.16081773916458,0.0618780569238505
nan,nan,nan,nan,8.554303718076291e-07,nan,16.174537865892226,0.0618255685752068
Name:	200_10_80_3
Lambda:	200	Maximal Depth:	10	Filter time:	10 to 80 [us]
Chi2:	0.7122071759278311	RelRMS:	5.837657387334695	AbsRMS:	7.026795228409036e-07	Phi model:	0.0014318856296814
depth_vector,start_model,resistivity_model,conductivity_model,E/I[V/A],modelled_thickness,rhoa,sigma
0.0,16.2333,17.49378300863067,0.0571631647372465,0.0001007717605121,1.0,16.17840892900012,0.0618107753604546
1.0,16.2333,17.397460645429646,0.0574796529436439,6.523911343559011e-05,1.0,16.136056814924803,0.0619730093584614
2.0,16.2333,17.212734464796544,0.058096521621547,4.457687205035609e-05,1.0,16.238041196828448,0.0615837826667982
3.0,16.2333,16.959351856838722,0.0589645175382547,2.8156633741879856e-05,1.0,16.327174549156712,0.0612475843257062
4.0,16.2333,16.66570645761467,0.0600034569517509,1.6935035000496834e-05,1.0,16.216933258191254,0.0616639400359432
5.0,16.2333,16.364408239903327,0.0611082286227483,1.1032118154391368e-05,1.0,16.198942443338638,0.0617324250331676
6.0,16.2333,16.088325867528393,0.062156871276354,7.642182246927082e-06,1.5,16.21912313374507,0.0616556142865348
7.5,16.2333,15.90337744113846,0.062879724995599,4.873108567510708e-06,1.5,16.247653136281382,0.0615473503534474
9.0,16.2333,15.863206224679749,0.0630389585709485,2.9389128640627694e-06,nan,16.178491457890214,0.0618104600545004
nan,nan,nan,nan,1.915925195163396e-06,nan,16.169059544260175,0.0618465160118102
nan,nan,nan,nan,1.3349641628149153e-06,nan,16.16081773916458,0.0618780569238505
nan,nan,nan,nan,8.554303718076291e-07,nan,16.174537865892226,0.0618255685752068
Name:	200_10_80_4
Lambda:	200	Maximal Depth:	10	Filter time:	10 to 80 [us]
Chi2:	0.7122071759278311	RelRMS:	5.837657387334695	AbsRMS:	7.026795228409036e-07	Phi model:	0.0014318856296814
depth_vector,start_model,resistivity_model,conductivity_model,E/I[V/A],modelled_thickness,rhoa,sigma
0.0,16.2333,17.49378300863067,0.0571631647372465,0.0001007717605121,1.0,16.17840892900012,0.0618107753604546
1.0,16.2333,17.397460645429646,0.0574796529436439,6.523911343559011e-05,1.0,16.136056814924803,0.0619730093584614
2.0,16.2333,17.212734464796544,0.058096521621547,4.457687205035609e-05,1.0,16.238041196828448,0.0615837826667982
3.0,16.2333,16.959351856838722,0.0589645175382547,2.8156633741879856e-05,1.0,16.327174549156712,0.0612475843257062
4.0,16.2333,16.66570645761467,0.0600034569517509,1.6935035000496834e-05,1.0,16.216933258191254,0.0616639400359432
5.0,16.2333,16.364408239903327,0.0611082286227483,1.1032118154391368e-05,1.0,16.198942443338638,0.0617324250331676
6.0,16.2333,16.088325867528393,0.062156871276354,7.642182246927082e-06,1.5,16.21912313374507,0.0616556142865348
7.5,16.2333,15.90337744113846,0.062879724995599,4.873108567510708e-06,1.5,16.247653136281382,0.0615473503534474
9.0,16.2333,15.863206224679749,0.0630389585709485,2.9389128640627694e-06,nan,16.178491457890214,0.0618104600545004
nan,nan,nan,nan,1.915925195163396e-06,nan,16.169059544260175,0.0618465160118102
nan,nan,nan,nan,1.3349641628149153e-06,nan,16.16081773916458,0.0618780569238505
nan,nan,nan,nan,8.554303718076291e-07,nan,16.174537865892226,0.0618255685752068
Name:	200_10_80_5
Lambda:	200	Maximal Depth:	10	Filter time:	10 to 80 [us]
Chi2:	0.7122071759278311	RelRMS:	5.837657387334695	AbsRMS:	7.026795228409036e-07	Phi model:	0.0014318856296814
depth_vector,start_model,resistivity_model,conductivity_model,E/I[V/A],modelled_thickness,rhoa,sigma
0.0,16.2333,17.49378300863067,0.0571631647372465,0.0001007717605121,1.0,16.17840892900012,0.0618107753604546
1.0,16.2333,17.397460645429646,0.0574796529436439,6.523911343559011e-05,1.0,16.136056814924803,0.0619730093584614
2.0,16.2333,17.212734464796544,0.058096521621547,4.457687205035609e-05,1.0,16.238041196828448,0.0615837826667982
3.0,16.2333,16.959351856838722,0.0589645175382547,2.8156633741879856e-05,1.0,16.327174549156712,0.0612475843257062
4.0,16.2333,16.66570645761467,0.0600034569517509,1.6935035000496834e-05,1.0,16.216933258191254,0.0616639400359432
5.0,16.2333,16.364408239903327,0.0611082286227483,1.1032118154391368e-05,1.0,16.198942443338638,0.0617324250331676
6.0,16.2333,16.088325867528393,0.062156871276354,7.642182246927082e-06,1.5,16.21912313374507,0.0616556142865348
7.5,16.2333,15.90337744113846,0.062879724995599,4.873108567510708e-06,1.5,16.247653136281382,0.0615473503534474
9.0,16.2333,15.863206224679749,0.0630389585709485,2.9389128640627694e-06,nan,16.178491457890214,0.0618104600545004
nan,nan,nan,nan,1.915925195163396e-06,nan,16.169059544260175,0.0618465160118102
nan,nan,nan,nan,1.3349641628149153e-06,nan,16.16081773916458,0.0618780569238505
nan,nan,nan,nan,8.554303718076291e-07,nan,16.174537865892226,0.0618255685752068
Name:	200_10_80_6
Lambda:	200	Maximal Depth:	10	Filter time:	10 to 80 [us]
Chi2:	0.7122071759278311	RelRMS:	5.837657387334695	AbsRMS:	7.026795228409036e-07	Phi model:	0.0014318856296814
depth_vector,start_model,resistivity_model,conductivity_model,E/I[V/A],modelled_thickness,rhoa,sigma
0.0,16.2333,17.49378300863067,0.0571631647372465,0.0001007717605121,1.0,16.17840892900012,0.0618107753604546
1.0,16.2333,17.397460645429646,0.0574796529436439,6.523911343559011e-05,1.0,16.136056814924803,0.0619730093584614
2.0,16.2333,17.212734464796544,0.058096521621547,4.457687205035609e-05,1.0,16.238041196828448,0.0615837826667982
3.0,16.2333,16.959351856838722,0.0589645175382547,2.8156633741879856e-05,1.0,16.327174549156712,0.0612475843257062
4.0,16.2333,16.66570645761467,0.0600034569517509,1.6935035000496834e-05,1.0,16.216933258191254,0.0616639400359432
5.0,16.2333,16.364408239903327,0.0611082286227483,1.1032118154391368e-05,1.0,16.198942443338638,0.0617324250331676
6.0,16.2333,16.088325867528393,0.062156871276354,7.642182246927082e-06,1.5,16.21912313374507,0.0616556142865348
7.5,16.2333,15.90337744113846,0.062879724995599,4.873108567510708e-06,1.5,16.247653136281382,0.0615473503534474
9.0,16.2333,15.863206224679749,0.0630389585709485,2.9389128640627694e-06,nan,16.178491457890214,0.0618104600545004
nan,nan,nan,nan,1.915925195163396e-06,nan,16.169059544260175,0.0618465160118102
nan,nan,nan,nan,1.3349641628149153e-06,nan,16.16081773916458,0.0618780569238505
nan,nan,nan,nan,8.554303718076291e-07,nan,16.174537865892226,0.0618255685752068
Name:	200_10_80_7
Lambda:	200	Maximal Depth:	10	Filter time:	10 to 80 [us]
Chi2:	0.7122071759278311	RelRMS:	5.837657387334695	AbsRMS:	7.026795228409036e-07	Phi model:	0.0014318856296814
depth_vector,start_model,resistivity_model,conductivity_model,E/I[V/A],modelled_thickness,rhoa,sigma
0.0,16.2333,17.49378300863067,0.0571631647372465,0.0001007717605121,1.0,16.17840892900012,0.0618107753604546
1.0,16.2333,17.397460645429646,0.0574796529436439,6.523911343559011e-05,1.0,16.136056814924803,0.0619730093584614
2.0,16.2333,17.212734464796544,0.058096521621547,4.457687205035609e-05,1.0,16.238041196828448,0.0615837826667982
3.0,16.2333,16.959351856838722,0.0589645175382547,2.8156633741879856e-05,1.0,16.327174549156712,0.0612475843257062
4.0,16.2333,16.66570645761467,0.0600034569517509,1.6935035000496834e-05,1.0,16.216933258191254,0.0616639400359432
5.0,16.2333,16.364408239903327,0.0611082286227483,1.1032118154391368e-05,1.0,16.198942443338638,0.0617324250331676
6.0,16.2333,16.088325867528393,0.062156871276354,7.642182246927082e-06,1.5,16.21912313374507,0.0616556142865348
7.5,16.2333,15.90337744113846,0.062879724995599,4.873108567510708e-06,1.5,16.247653136281382,0.0615473503534474
9.0,16.2333,15.863206224679749,0.0630389585709485,2.9389128640627694e-06,nan,16.178491457890214,0.0618104600545004
nan,nan,nan,nan,1.915925195163396e-06,nan,16.169059544260175,0.0618465160118102
nan,nan,nan,nan,1.3349641628149153e-06,nan,16.16081773916458,0.0618780569238505
nan,nan,nan,nan,8.554303718076291e-07,nan,16.174537865892226,0.0618255685752068
Name:	200_10_80_8
Lambda:	200	Maximal Depth:	10	Filter time:	10 to 80 [us]
Chi2:	0.7122071759278311	RelRMS:	5.837657387334695	AbsRMS:	7.026795228409036e-07	Phi model:	0.0014318856296814
depth_vector,start_model,resistivity_model,conductivity_model,E/I[V/A],modelled_thickness,rhoa,sigma
0.0,16.2333,17.49378300863067,0.0571631647372465,0.0001007717605121,1.0,16.17840892900012,0.0618107753604546
1.0,16.2333,17.397460645429646,0.0574796529436439,6.523911343559011e-05,1.0,16.136056814924803,0.0619730093584614
2.0,16.2333,17.212734464796544,0.058096521621547,4.457687205035609e-05,1.0,16.238041196828448,0.0615837826667982
3.0,16.2333,16.959351856838722,0.0589645175382547,2.8156633741879856e-05,1.0,16.327174549156712,0.0612475843257062
4.0,16.2333,16.66570645761467,0.0600034569517509,1.6935035000496834e-05,1.0,16.216933258191254,0.0616639400359432
5.0,16.2333,16.364408239903327,0.0611082286227483,1.1032118154391368e-05,1.0,16.198942443338638,0.0617324250331676
6.0,16.2333,16.088325867528393,0.062156871276354,7.642182246927082e-06,1.5,16.21912313374507,0.0616556142865348
7.5,16.2333,15.90337744113846,0.062879724995599,4.873108567510708e-06,1.5,16.247653136281382,0.0615473503534474
9.0,16.2333,15.863206224679749,0.0630389585709485,2.9389128640627694e-06,nan,16.178491457890214,0.0618104600545004
nan,nan,nan,nan,1.915925195163396e-06,nan,16.169059544260175,0.0618465160118102
nan,nan,nan,nan,1.3349641628149153e-06,nan,16.16081773916458,0.0618780569238505
nan,nan,nan,nan,8.554303718076291e-07,nan,16.174537865892226,0.0618255685752068
Name:	200_10_80_9
Lambda:	200	Maximal Depth:	10	Filter time:	10 to 80 [us]
Chi2:	0.7122071759278311	RelRMS:	5.837657387334695	AbsRMS:	7.026795228409036e-07	Phi model:	0.0014318856296814
depth_vector,start_model,resistivity_model,conductivity_model,E/I[V/A],modelled_thickness,rhoa,sigma
0.0,16.2333,17.49378300863067,0.0571631647372465,0.0001007717605121,1.0,16.17840892900012,0.0618107753604546
1.0,16.2333,17.397460645429646,0.0574796529436439,6.523911343559011e-05,1.0,16.136056814924803,0.0619730093584614
2.0,16.2333,17.212734464796544,0.058096521621547,4.457687205035609e-05,1.0,16.238041196828448,0.0615837826667982
3.0,16.2333,16.959351856838722,0.0589645175382547,2.8156633741879856e-05,1.0,16.327174549156712,0.0612475843257062
4.0,16.2333,16.66570645761467,0.0600034569517509,1.6935035000496834e-05,1.0,16.216933258191254,0.0616639400359432
5.0,16.2333,16.364408239903327,0.0611082286227483,1.1032118154391368e-05,1.0,16.198942443338638,0.0617324250331676
6.0,16.2333,16.088325867528393,0.062156871276354,7.642182246927082e-06,1.5,16.21912313374507,0.0616556142865348
7.5,16.2333,15.90337744113846,0.062879724995599,4.873108567510708e-06,1.5,16.247653136281382,0.0615473503534474
9.0,16.2333,15.863206224679749,0.0630389585709485,2.9389128640627694e-06,nan,16.178491457890214,0.0618104600545004
nan,nan,nan,nan,1.915925195163396e-06,nan,16.169059544260175,0.0618465160118102
nan,nan,nan,nan,1.3349641628149153e-06,nan,16.16081773916458,0.0618780569238505
nan,nan,nan,nan,8.554303718076291e-07,nan,16.174537865892226,0.0618255685752068
Name:	200_10_80_10
Lambda:	200	Maximal Depth:	10	Filter time:	10 to 80 [us]
Chi2:	0.7122071759278311	RelRMS:	5.837657387334695	AbsRMS:	7.026795228409036e-07	Phi model:	0.0014318856296814
depth_vector,start_model,resistivity_model,conductivity_model,E/I[V/A],modelled_thickness,rhoa,sigma
0.0,16.2333,17.49378300863067,0.0571631647372465,0.0001007717605121,1.0,16.17840892900012,0.0618107753604546
1.0,16.2333,17.397460645429646,0.0574796529436439,6.523911343559011e-05,1.0,16.136056814924803,0.0619730093584614
2.0,16.2333,17.212734464796544,0.058096521621547,4.457687205035609e-05,1.0,16.238041196828448,0.0615837826667982
3.0,16.2333,16.959351856838722,0.0589645175382547,2.8156633741879856e-05,1.0,16.327174549156712,0.0612475843257062
4.0,16.2333,16.66570645761467,0.0600034569517509,1.6935035000496834e-05,1.0,16.216933258191254,0.0616639400359432
5.0,16.2333,16.364408239903327,0.0611082286227483,1.1032118154391368e-05,1.0,16.198942443338638,0.0617324250331676
6.0,16.2333,16.088325867528393,0.062156871276354,7.642182246927082e-06,1.5,16.21912313374507,0.0616556142865348
7.5,16.2333,15.90337744113846,0.062879724995599,4.873108567510708e-06,1.5,16.247653136281382,0.0615473503534474
9.0,16.2333,15.863206224679749,0.0630389585709485,2.9389128640627694e-06,nan,16.178491457890214,0.0618104600545004
nan,nan,nan,nan,1.915925195163396e-06,nan,16.169059544260175,0.0618465160118102
nan,nan,nan,nan,1.3349641628149153e-06,nan,16.16081773916458,0.0618780569238505
nan,nan,nan,nan,8.554303718076291e-07,nan,16.174537865892226,0.0618255685752068
Name:	200_10_80_11
Lambda:	200	Maximal Depth:	10	Filter time:	10 to 80 [us]
Chi2:	0.7122071759278311	RelRMS:	5.837657387334695	AbsRMS:	7.026795228409036e-07	Phi model:	0.0014318856296814
depth_vector,start_model,resistivity_model,conductivity_model,E/I[V/A],modelled_thickness,rhoa,sigma
0.0,16.2333,17.49378300863067,0.0571631647372465,0.0001007717605121,1.0,16.17840892900012,0.0618107753604546
1.0,16.2333,17.397460645429646,0.0574796529436439,6.523911343559011e-05,1.0,16.136056814924803,0.0619730093584614
2.0,16.2333,17.212734464796544,0.058096521621547,4.457687205035609e-05,1.0,16.238041196828448,0.0615837826667982
3.0,16.2333,16.959351856838722,0.0589645175382547,2.8156633741879856e-05,1.0,16.327174549156712,0.0612475843257062
4.0,16.2333,16.66570645761467,0.0600034569517509,1.6935035000496834e-05,1.0,16.216933258191254,0.0616639400359432
5.0,16.2333,16.364408239903327,0.0611082286227483,1.1032118154391368e-05,1.0,16.198942443338638,0.0617324250331676
6.0,16.2333,16.088325867528393,0.062156871276354,7.642182246927082e-06,1.5,16.21912313374507,0.0616556142865348
7.5,16.2333,15.90337744113846,0.062879724995599,4.873108567510708e-06,1.5,16.247653136281382,0.0615473503534474
9.0,16.2333,15.863206224679749,0.0630389585709485,2.9389128640627694e-06,nan,16.178491457890214,0.0618104600545004
nan,nan,nan,nan,1.915925195163396e-06,nan,16.169059544260175,0.0618465160118102
nan,nan,nan,nan,1.3349641628149153e-06,nan,16.16081773916458,0.0618780569238505
nan,nan,nan,nan,8.554303718076291e-07,nan,16.174537865892226,0.0618255685752068
Name:	200_10_80_12
Lambda:	200	Maximal Depth:	10	Filter time:	10 to 80 [us]
Chi2:	0.7122071759278311	RelRMS:	5.837657387334695	AbsRMS:	7.026795228409036e-07	Phi model:	0.0014318856296814
depth_vector,start_model,resistivity_model,conductivity_model,E/I[V/A],modelled_thickness,rhoa,sigma
0.0,16.2333,17.49378300863067,0.0571631647372465,0.0001007717605121,1.0,16.17840892900012,0.0618107753604546
1.0,16.2333,17.397460645429646,0.0574796529436439,6.523911343559011e-05,1.0,16.136056814924803,0.0619730093584614
2.0,16.2333,17.212734464796544,0.058096521621547,4.457687205035609e-05,1.0,16.238041196828448,0.0615837826667982
3.0,16.2333,16.959351856838722,0.0589645175382547,2.8156633741879856e-05,1.0,16.327174549156712,0.0612475843257062
4.0,16.2333,16.66570645761467,0.0600034569517509,1.6935035000496834e-05,1.0,16.216933258191254,0.0616639400359432
5.0,16.2333,16.364408239903327,0.0611082286227483,1.1032118154391368e-05,1.0,16.198942443338638,0.0617324250331676
6.0,16.2333,16.088325867528393,0.062156871276354,7.642182246927082e-06,1.5,16.21912313374507,0.0616556142865348
7.5,16.2333,15.90337744113846,0.062879724995599,4.873108567510708e-06,1.5,16.247653136281382,0.0615473503534474
9.0,16.2333,15.863206224679749,0.0630389585709485,2.9389128640627694e-06,nan,16.178491457890214,0.0618104600545004
nan,nan,nan,nan,1.915925195163396e-06,nan,16.169059544260175,0.0618465160118102
nan,nan,nan,nan,1.3349641628149153e-06,nan,16.16081773916458,0.0618780569238505
nan,nan,nan,nan,8.554303718076291e-07,nan,16.174537865892226,0.0618255685752068
Name:	200_10_80_13
Lambda:	200	Maximal Depth:	10	Filter time:	10 to 80 [us]
Chi2:	0.7122071759278311	RelRMS:	5.837657387334695	AbsRMS:	7.026795228409036e-07	Phi model:	0.0014318856296814
depth_vector,start_model,resistivity_model,conductivity_model,E/I[V/A],modelled_thickness,rhoa,sigma
0.0,16.2333,17.49378300863067,0.0571631647372465,0.0001007717605121,1.0,16.17840892900012,0.0618107753604546
1.0,16.2333,17.397460645429646,0.0574796529436439,6.523911343559011e-05,1.0,16.136056814924803,0.0619730093584614
2.0,16.2333,17.212734464796544,0.058096521621547,4.457687205035609e-05,1.0,16.238041196828448,0.0615837826667982
3.0,16.2333,16.959351856838722,0.0589645175382547,2.8156633741879856e-05,1.0,16.327174549156712,0.0612475843257062
4.0,16.2333,16.66570645761467,0.0600034569517509,1.6935035000496834e-05,1.0,16.216933258191254,0.0616639400359432
5.0,16.2333,16.364408239903327,0.0611082286227483,1.1032118154391368e-05,1.0,16.198942443338638,0.0617324250331676
6.0,16.2333,16.088325867528393,0.062156871276354,7.642182246927082e-06,1.5,16.21912313374507,0.0616556142865348
7.5,16.2333,15.90337744113846,0.062879724995599,4.873108567510708e-06,1.5,16.247653136281382,0.0615473503534474
9.0,16.2333,15.863206224679749,0.0630389585709485,2.9389128640627694e-06,nan,16.178491457890214,0.0618104600545004
nan,nan,nan,nan,1.915925195163396e-06,nan,16.169059544260175,0.0618465160118102
nan,nan,nan,nan,1.3349641628149153e-06,nan,16.16081773916458,0.0618780569238505
nan,nan,nan,nan,8.554303718076291e-07,nan,16.174537865892226,0.0618255685752068
Name:	200_10_80_14
Lambda:	200	Maximal Depth:	10	Filter time:	10 to 80 [us]
Chi2:	0.7122071759278311	RelRMS:	5.837657387334695	AbsRMS:	7.026795228409036e-07	Phi model:	0.0014318856296814
depth_vector,start_model,resistivity_model,conductivity_model,E/I[V/A],modelled_thickness,rhoa,sigma
0.0,16.2333,17.49378300863067,0.0571631647372465,0.0001007717605121,1.0,16.17840892900012,0.0618107753604546
1.0,16.2333,17.397460645429646,0.0574796529436439,6.523911343559011e-05,1.0,16.136056814924803,0.0619730093584614
2.0,16.2333,17.212734464796544,0.058096521621547,4.457687205035609e-05,1.0,16.238041196828448,0.0615837826667982
3.0,16.2333,16.959351856838722,0.0589645175382547,2.8156633741879856e-05,1.0,16.327174549156712,0.0612475843257062
4.0,16.2333,16.66570645761467,0.0600034569517509,1.6935035000496834e-05,1.0,16.216933258191254,0.0616639400359432
5.0,16.2333,16.364408239903327,0.0611082286227483,1.1032118154391368e-05,1.0,16.198942443338638,0.0617324250331676
6.0,16.2333,16.088325867528393,0.062156871276354,7.642182246927082e-06,1.5,16.21912313374507,0.0616556142865348
7.5,16.2333,15.90337744113846,0.062879724995599,4.873108567510708e-06,1.5,16.247653136281382,0.0615473503534474
9.0,16.2333,15.863206224679749,0.0630389585709485,2.9389128640627694e-06,nan,16.178491457890214,0.0618104600545004
nan,nan,nan,nan,1.915925195163396e-06,nan,16.169059544260175,0.0618465160118102
nan,nan,nan,nan,1.3349641628149153e-06,nan,16.16081773916458,0.0618780569238505
nan,nan,nan,nan,8.554303718076291e-07,nan,16.174537865892226,0.0618255685752068
Name:	200_10_80_15
Lambda:	200	Maximal Depth:	10	Filter time:	10 to 80 [us]
Chi2:	0.7122071759278311	RelRMS:	5.837657387334695	AbsRMS:	7.026795228409036e-07	Phi model:	0.0014318856296814
depth_vector,start_model,resistivity_model,conductivity_model,E/I[V/A],modelled_thickness,rhoa,sigma
0.0,16.2333,17.49378300863067,0.0571631647372465,0.0001007717605121,1.0,16.17840892900012,0.0618107753604546
1.0,16.2333,17.397460645429646,0.0574796529436439,6.523911343559011e-05,1.0,16.136056814924803,0.0619730093584614
2.0,16.2333,17.212734464796544,0.058096521621547,4.457687205035609e-05,1.0,16.238041196828448,0.0615837826667982
3.0,16.2333,16.959351856838722,0.0589645175382547,2.8156633741879856e-05,1.0,16.327174549156712,0.0612475843257062
4.0,16.2333,16.66570645761467,0.0600034569517509,1.6935035000496834e-05,1.0,16.216933258191254,0.0616639400359432
5.0,16.2333,16.364408239903327,0.0611082286227483,1.1032118154391368e-05,1.0,16.198942443338638,0.0617324250331676
6.0,16.2333,16.088325867528393,0.062156871276354,7.642182246927082e-06,1.5,16.21912313374507,0.0616556142865348
7.5,16.2333,15.90337744113846,0.062879724995599,4.873108567510708e-06,1.5,16.247653136281382,0.0615473503534474
9.0,16.2333,15.863206224679749,0.0630389585709485,2.9389128640627694e-06,nan,16.178491457890214,0.0618104600545004
nan,nan,nan,nan,1.915925195163396e-06,nan,16.169059544260175,0.0618465160118102
nan,nan,nan,nan,1.3349641628149153e-06,nan,16.16081773916458,0.0618780569238505
nan,nan,nan,nan,8.554303718076291e-07,nan,16.174537865892226,0.0618255685752068
Name:	200_10_80_16
Lambda:	200	Maximal Depth:	10	Filter time:	10 to 80 [us]
Chi2:	0.7122071759278311	RelRMS:	5.837657387334695	AbsRMS:	7.026795228409036e-07	Phi model:	0.0014318856296814
depth_vector,start_model,resistivity_model,conductivity_model,E/I[V/A],modelled_thickness,rhoa,sigma
0.0,16.2333,17.49378300863067,0.0571631647372465,0.0001007717605121,1.0,16.17840892900012,0.0618107753604546
1.0,16.2333,17.397460645429646,0.0574796529436439,6.523911343559011e-05,1.0,16.136056814924803,0.0619730093584614
2.0,16.2333,17.212734464796544,0.058096521621547,4.457687205035609e-05,1.0,16.238041196828448,0.0615837826667982
3.0,16.2333,16.959351856838722,0.0589645175382547,2.8156633741879856e-05,1.0,16.327174549156712,0.0612475843257062
4.0,16.2333,16.66570645761467,0.0600034569517509,1.6935035000496834e-05,1.0,16.216933258191254,0.0616639400359432
5.0,16.2333,16.364408239903327,0.0611082286227483,1.1032118154391368e-05,1.0,16.198942443338638,0.0617324250331676
6.0,16.2333,16.088325867528393,0.062156871276354,7.642182246927082e-06,1.5,16.21912313374507,0.0616556142865348
7.5,16.2333,15.90337744113846,0.062879724995599,4.873108567510708e-06,1.5,16.247653136281382,0.0615473503534474
9.0,16.2333,15.863206224679749,0.0630389585709485,2.9389128640627694e-06,nan,16.178491457890214,0.0618104600545004
nan,nan,nan,nan,1.915925195163396e-06,nan,16.169059544260175,0.0618465160118102
nan,nan,nan,nan,1.3349641628149153e-06,nan,16.16081773916458,0.0618780569238505
nan,nan,nan,nan,8.554303718076291e-07,nan,16.174537865892226,0.0618255685752068
Name:	200_10_80_17
Lambda:	200	Maximal Depth:	10	Filter time:	10 to 80 [us]
Chi2:	0.7122071759278311	RelRMS:	5.837657387334695	AbsRMS:	7.026795228409036e-07	Phi model:	0.0014318856296814
depth_vector,start_model,resistivity_model,conductivity_model,E/I[V/A],modelled_thickness,rhoa,sigma
0.0,16.2333,17.49378300863067,0.0571631647372465,0.0001007717605121,1.0,16.17840892900012,0.0618107753604546
1.0,16.2333,17.397460645429646,0.0574796529436439,6.523911343559011e-05,1.0,16.136056814924803,0.0619730093584614
2.0,16.2333,17.212734464796544,0.058096521621547,4.457687205035609e-05,1.0,16.238041196828448,0.0615837826667982
3.0,16.2333,16.959351856838722,0.0589645175382547,2.8156633741879856e-05,1.0,16.327174549156712,0.0612475843257062
4.0,16.2333,16.66570645761467,0.0600034569517509,1.6935035000496834e-05,1.0,16.216933258191254,0.0616639400359432
5.0,16.2333,16.364408239903327,0.0611082286227483,1.1032118154391368e-05,1.0,16.198942443338638,0.0617324250331676
6.0,16.2333,16.088325867528393,0.062156871276354,7.642182246927082e-06,1.5,16.21912313374507,0.0616556142865348
7.5,16.2333,15.90337744113846,0.062879724995599,4.873108567510708e-06,1.5,16.247653136281382,0.0615473503534474
9.0,16.2333,15.863206224679749,0.0630389585709485,2.9389128640627694e-06,nan,16.178491457890214,0.0618104600545004
nan,nan,nan,nan,1.915925195163396e-06,nan,16.169059544260175,0.0618465160118102
nan,nan,nan,nan,1.3349641628149153e-06,nan,16.16081773916458,0.0618780569238505
nan,nan,nan,nan,8.554303718076291e-07,nan,16.174537865892226,0.0618255685752068
Name:	200_10_80_18
Lambda:	200	Maximal Depth:	10	Filter time:	10 to 80 [us]
Chi2:	0.7122071759278311	RelRMS:	5.837657387334695	AbsRMS:	7.026795228409036e-07	Phi model:	0.0014318856296814
depth_vector,start_model,resistivity_model,conductivity_model,E/I[V/A],modelled_thickness,rhoa,sigma
0.0,16.2333,17.49378300863067,0.0571631647372465,0.0001007717605121,1.0,16.17840892900012,0.0618107753604546
1.0,16.2333,17.397460645429646,0.0574796529436439,6.523911343559011e-05,1.0,16.136056814924803,0.0619730093584614
2.0,16.2333,17.212734464796544,0.058096521621547,4.457687205035609e-05,1.0,16.238041196828448,0.0615837826667982
3.0,16.2333,16.959351856838722,0.0589645175382547,2.8156633741879856e-05,1.0,16.327174549156712,0.0612475843257062
4.0,16.2333,16.66570645761467,0.0600034569517509,1.6935035000496834e-05,1.0,16.216933258191254,0.0616639400359432
5.0,16.2333,16.364408239903327,0.0611082286227483,1.1032118154391368e-05,1.0,16.198942443338638,0.0617324250331676
6.0,16.2333,16.088325867528393,0.062156871276354,7.642182246927082e-06,1.5,16.21912313374507,0.0616556142865348
7.5,16.2333,15.90337744113846,0.062879724995599,4.873108567510708e-06,1.5,16.247653136281382,0.0615473503534474
9.0,16.2333,15.863206224679749,0.0630389585709485,2.9389128640627694e-06,nan,16.178491457890214,0.0618104600545004
nan,nan,nan,nan,1.915925195163396e-06,nan,16.169059544260175,0.0618465160118102
nan,nan,nan,nan,1.3349641628149153e-06,nan,16.16081773916458,0.0618780569238505
nan,nan,nan,nan,8.554303718076291e-07,nan,16.174537865892226,0.0618255685752068
Name:	200_10_80_19
Lambda:	200	Maximal Depth:	10	Filter time:	10 to 80 [us]
Chi2:	0.7122071759278311	RelRMS:	5.837657387334695	AbsRMS:	7.026795228409036e-07	Phi model:	0.0014318856296814
depth_vector,start_model,resistivity_model,conductivity_model,E/I[V/A],modelled_thickness,rhoa,sigma
0.0,16.2333,17.49378300863067,0.0571631647372465,0.0001007717605121,1.0,16.17840892900012,0.0618107753604546
1.0,16.2333,17.397460645429646,0.0574796529436439,6.523911343559011e-05,1.0,16.136056814924803,0.0619730093584614
2.0,16.2333,17.212734464796544,0.058096521621547,4.457687205035609e-05,1.0,16.238041196828448,0.0615837826667982
3.0,16.2333,16.959351856838722,0.0589645175382547,2.8156633741879856e-05,1.0,16.327174549156712,0.0612475843257062
4.0,16.2333,16.66570645761467,0.0600034569517509,1.6935035000496834e-05,1.0,16.216933258191254,0.0616639400359432
5.0,16.2333,16.364408239903327,0.0611082286227483,1.1032118154391368e-05,1.0,16.198942443338638,0.0617324250331676
6.0,16.2333,16.088325867528393,0.062156871276354,7.642182246927082e-06,1.5,16.21912313374507,0.0616556142865348
7.5,16.2333,15.90337744113846,0.062879724995599,4.873108567510708e-06,1.5,16.247653136281382,0.0615473503534474
9.0,16.2333,15.863206224679749,0.0630389585709485,2.9389128640627694e-06,nan,16.178491457890214,0.0618104600545004
nan,nan,nan,nan,1.915925195163396e-06,nan,16.169059544260175,0.0618465160118102
nan,nan,nan,nan,1.3349641628149153e-06,nan,16.16081773916458,0.0618780569238505
nan,nan,nan,nan,8.554303718076291e-07,nan,16.174537865892226,0.0618255685752068
Name:	200_10_80_20
Lambda:	200	Maximal Depth:	10	Filter time:	10 to 80 [us]
Chi2:	0.7122071759278311	RelRMS:	5.837657387334695	AbsRMS:	7.026795228409036e-07	Phi model:	0.0014318856296814
depth_vector,start_model,resistivity_model,conductivity_model,E/I[V/A],modelled_thickness,rhoa,sigma
0.0,16.2333,17.49378300863067,0.0571631647372465,0.0001007717605121,1.0,16.17840892900012,0.0618107753604546
1.0,16.2333,17.397460645429646,0.0574796529436439,6.523911343559011e-05,1.0,16.136056814924803,0.0619730093584614
2.0,16.2333,17.212734464796544,0.058096521621547,4.457687205035609e-05,1.0,16.238041196828448,0.0615837826667982
3.0,16.2333,16.959351856838722,0.0589645175382547,2.8156633741879856e-05,1.0,16.327174549156712,0.0612475843257062
4.0,16.2333,16.66570645761467,0.0600034569517509,1.6935035000496834e-05,1.0,16.216933258191254,0.0616639400359432
5.0,16.2333,16.364408239903327,0.0611082286227483,1.1032118154391368e-05,1.0,16.198942443338638,0.0617324250331676
6.0,16.2333,16.088325867528393,0.062156871276354,7.642182246927082e-06,1.5,16.21912313374507,0.0616556142865348
7.5,16.2333,15.90337744113846,0.062879724995599,4.873108567510708e-06,1.5,16.247653136281382,0.0615473503534474
9.0,16.2333,15.863206224679749,0.0630389585709485,2.9389128640627694e-06,nan,16.178491457890214,0.0618104600545004
nan,nan,nan,nan,1.915925195163396e-06,nan,16.169059544260175,0.0618465160118102
nan,nan,nan,nan,1.3349641628149153e-06,nan,16.16081773916458,0.0618780569238505
nan,nan,nan,nan,8.554303718076291e-07,nan,16.174537865892226,0.0618255685752068
Name:	200_10_80_21
Lambda:	200	Maximal Depth:	10	Filter time:	10 to 80 [us]
Chi2:	0.7122071759278311	RelRMS:	5.837657387334695	AbsRMS:	7.026795228409036e-07	Phi model:	0.0014318856296814
depth_vector,start_model,resistivity_model,conductivity_model,E/I[V/A],modelled_thickness,rhoa,sigma
0.0,16.2333,17.49378300863067,0.0571631647372465,0.0001007717605121,1.0,16.17840892900012,0.0618107753604546
1.0,16.2333,17.397460645429646,0.0574796529436439,6.523911343559011e-05,1.0,16.136056814924803,0.0619730093584614
2.0,16.2333,17.212734464796544,0.058096521621547,4.457687205035609e-05,1.0,16.238041196828448,0.0615837826667982
3.0,16.2333,16.959351856838722,0.0589645175382547,2.8156633741879856e-05,1.0,16.327174549156712,0.0612475843257062
4.0,16.2333,16.66570645761467,0.0600034569517509,1.6935035000496834e-05,1.0,16.216933258191254,0.0616639400359432
5.0,16.2333,16.364408239903327,0.0611082286227483,1.1032118154391368e-05,1.0,16.198942443338638,0.0617324250331676
6.0,16.2333,16.088325867528393,0.062156871276354,7.642182246927082e-06,1.5,16.21912313374507,0.0616556142865348
7.5,16.2333,15.90337744113846,0.062879724995599,4.873108567510708e-06,1.5,16.247653136281382,0.0615473503534474
9.0,16.2333,15.863206224679749,0.0630389585709485,2.9389128640627694e-06,nan,16.178491457890214,0.0618104600545004
nan,nan,nan,nan,1.915925195163396e-06,nan,16.169059544260175,0.0618465160118102
nan,nan,nan,nan,1.3349641628149153e-06,nan,16.16081773916458,0.0618780569238505
nan,nan,nan,nan,8.554303718076291e-07,nan,16.174537865892226,0.0618255685752068
Name:	200_10_80_22
Lambda:	200	Maximal Depth:	10	Filter time:	10 to 80 [us]
Chi2:	0.7122071759278311	RelRMS:	5.837657387334695	AbsRMS:	7.026795228409036e-07	Phi model:	0.0014318856296814
depth_vector,start_model,resistivity_model,conductivity_model,E/I[V/A],modelled_thickness,rhoa,sigma
0.0,16.2333,17.49378300863067,0.0571631647372465,0.0001007717605121,1.0,16.17840892900012,0.0618107753604546
1.0,16.2333,17.397460645429646,0.0574796529436439,6.523911343559011e-05,1.0,16.136056814924803,0.0619730093584614
2.0,16.2333,17.212734464796544,0.058096521621547,4.457687205035609e-05,1.0,16.238041196828448,0.0615837826667982
3.0,16.2333,16.959351856838722,0.0589645175382547,2.8156633741879856e-05,1.0,16.327174549156712,0.0612475843257062
4.0,16.2333,16.66570645761467,0.0600034569517509,1.6935035000496834e-05,1.0,16.216933258191254,0.0616639400359432
5.0,16.2333,16.364408239903327,0.0611082286227483,1.1032118154391368e-05,1.0,16.198942443338638,0.0617324250331676
6.0,16.2333,16.088325867528393,0.062156871276354,7.642182246927082e-06,1.5,16.21912313374507,0.0616556142865348
7.5,16.2333,15.90337744113846,0.062879724995599,4.873108567510708e-06,1.5,16.247653136281382,0.0615473503534474
9.0,16.2333,15.863206224679749,0.0630389585709485,2.9389128640627694e-06,nan,16.178491457890214,0.0618104600545004
nan,nan,nan,nan,1.915925195163396e-06,nan,16.169059544260175,0.0618465160118102
nan,nan,nan,nan,1.3349641628149153e-06,nan,16.16081773916458,0.0618780569238505
nan,nan,nan,nan,8.554303718076291e-07,nan,16.174537865892226,0.0618255685752068
Name:	200_10_80_23
Lambda:	200	Maximal Depth:	10	Filter time:	10 to 80 [us]
Chi2:	0.7122071759278311	RelRMS:	5.837657387334695	AbsRMS:	7.026795228409036e-07	Phi model:	0.0014318856296814
depth_vector,start_model,resistivity_model,conductivity_model,E/I[V/A],modelled_thickness,rhoa,sigma
0.0,16.2333,17.49378300863067,0.0571631647372465,0.0001007717605121,1.0,16.17840892900012,0.0618107753604546
1.0,16.2333,17.397460645429646,0.0574796529436439,6.523911343559011e-05,1.0,16.136056814924803,0.0619730093584614
2.0,16.2333,17.212734464796544,0.058096521621547,4.457687205035609e-05,1.0,16.238041196828448,0.0615837826667982
3.0,16.2333,16.959351856838722,0.0589645175382547,2.8156633741879856e-05,1.0,16.327174549156712,0.0612475843257062
4.0,16.2333,16.66570645761467,0.0600034569517509,1.6935035000496834e-05,1.0,16.216933258191254,0.0616639400359432
5.0,16.2333,16.364408239903327,0.0611082286227483,1.1032118154391368e-05,1.0,16.198942443338638,0.0617324250331676
6.0,16.2333,16.088325867528393,0.062156871276354,7.642182246927082e-06,1.5,16.21912313374507,0.0616556142865348
7.5,16.2333,15.90337744113846,0.062879724995599,4.873108567510708e-06,1.5,16.247653136281382,0.0615473503534474
9.0,16.2333,15.863206224679749,0.0630389585709485,2.9389128640627694e-06,nan,16.178491457890214,0.0618104600545004
nan,nan,nan,nan,1.915925195163396e-06,nan,16.169059544260175,0.0618465160118102
nan,nan,nan,nan,1.3349641628149153e-06,nan,16.16081773916458,0.0618780569238505
nan,nan,nan,nan,8.554303718076291e-07,nan,16.174537865892226,0.0618255685752068
Name:	200_10_80_24
Lambda:	200.0	Maximal Depth:	10	Filter time:	10.0 to 80.0 [us]
Chi2:	0.7122071759278311	RelRMS:	5.837657387334695	AbsRMS:	7.026795228409036e-07	Phi model:	0.0014318856296814833
depth_vector,start_model,resistivity_model,conductivity_model,E/I[V/A],modelled_thickness,rhoa,sigma
0.0,16.2333,17.49378300863067,0.05716316473724658,0.00010077176051217867,1.0,16.17840892900012,0.061810775360454644
1.0,16.2333,17.397460645429646,0.057479652943643954,6.523911343559011e-05,1.0,16.136056814924803,0.06197300935846142
2.0,16.2333,17.212734464796544,0.05809652162154702,4.457687205035609e-05,1.0,16.238041196828448,0.06158378266679827
3.0,16.2333,16.959351856838722,0.05896451753825474,2.8156633741879856e-05,1.0,16.327174549156712,0.061247584325706206
4.0,16.2333,16.66570645761467,0.060003456951750966,1.6935035000496834e-05,1.0,16.216933258191254,0.06166394003594329
5.0,16.2333,16.364408239903327,0.06110822862274839,1.1032118154391368e-05,1.0,16.198942443338638,0.06173242503316765
6.0,16.2333,16.088325867528393,0.06215687127635409,7.642182246927082e-06,1.5,16.21912313374507,0.061655614286534814
7.5,16.2333,15.90337744113846,0.06287972499559905,4.873108567510708e-06,1.5,16.247653136281382,0.06154735035344748
9.0,16.2333,15.863206224679747,0.06303895857094857,2.9389128640627694e-06,nan,16.178491457890214,0.061810460054500464
nan,nan,nan,nan,1.915925195163396e-06,nan,16.169059544260175,0.06184651601181023
nan,nan,nan,nan,1.3349641628149153e-06,nan,16.16081773916458,0.061878056923850566
nan,nan,nan,nan,8.554303718076291e-07,nan,16.174537865892226,0.061825568575206866
