Name:	10.0_10_80_1
Lambda:	10	Maximal Depth:	10	Filter time:	10 to 80 [us]
Chi2:	0.8180945634873318	RelRMS:	5.257003404120175	AbsRMS:	4.602796651559001e-07	Phi model:	0.1231459812283398
depth_vector,start_model,resistivity_model,conductivity_model,E/I[V/A],modelled_thickness,rhoa,sigma
0.0,16.6415,22.49062662281588,0.0444629674739937,9.7827253952719e-05,1.0,16.501438198122866,0.0606007784287405
1.0,16.6415,21.584643718413407,0.0463292335535249,6.335569923833472e-05,1.0,16.454284006379865,0.0607744463151521
2.0,16.6415,19.96775028681496,0.0500807544984332,4.3257424373954905e-05,1.0,16.56658251659607,0.0603624796483052
3.0,16.6415,17.91085282783027,0.0558320706229118,2.723907884210103e-05,1.0,16.691802814862612,0.0599096461353824
4.0,16.6415,15.805757577827508,0.0632680841190941,1.6276837060939793e-05,1.0,16.651222256806694,0.0600556514457201
5.0,16.6415,14.05907487265885,0.0711284354808247,1.0537476732111686e-05,1.0,16.70198847021679,0.0598731104253372
6.0,16.6415,13.04943722236725,0.0766316572093975,7.259807628089574e-06,1.5,16.783745645784826,0.0595814558385628
7.5,16.6415,13.876842358319696,0.0720625034268305,4.59519923379367e-06,1.5,16.89630730701608,0.0591845296033859
9.0,16.6415,17.902945198786846,0.0558567313308741,2.7470473530240653e-06,nan,16.923300522340224,0.059090128351731
nan,nan,nan,nan,1.777544454287966e-06,nan,16.997699440718794,0.0588314909019071
nan,nan,nan,nan,1.231169272695118e-06,nan,17.056813145740442,0.0586275989222364
nan,nan,nan,nan,7.831474283100721e-07,nan,17.155075774515147,0.0582917856583039
Name:	12.742749857031335_10_80_1
Lambda:	12.742749857031336	Maximal Depth:	10	Filter time:	10 to 80 [us]
Chi2:	0.8568059887874399	RelRMS:	5.347812132915855	AbsRMS:	4.960939374598197e-07	Phi model:	0.0827278843873955
depth_vector,start_model,resistivity_model,conductivity_model,E/I[V/A],modelled_thickness,rhoa,sigma
0.0,16.6415,21.296290175018257,0.0469565352360316,9.798324325333332e-05,1.0,16.483920024045702,0.0606651814945269
1.0,16.6415,20.5847646545255,0.048579617828186,6.338427918286399e-05,1.0,16.44933748149479,0.0607927219637254
2.0,16.6415,19.27969524833094,0.0518680397755027,4.3238737907782426e-05,1.0,16.571355221277074,0.060345094691835
3.0,16.6415,17.612015197295598,0.0567794195495331,2.721009561884708e-05,1.0,16.703653720259485,0.0598671414498447
4.0,16.6415,15.902898702654037,0.0628816179174372,1.6261039872419696e-05,1.0,16.662004672021972,0.0600167878766203
5.0,16.6415,14.476959945418615,0.0690752757326278,1.0529483435103329e-05,1.0,16.710440107928036,0.0598428284079462
6.0,16.6415,13.6618050249774,0.0731967699854986,7.255724428256994e-06,1.5,16.790041820339432,0.0595591131160019
7.5,16.6415,14.404504547254996,0.0694227279195497,4.594583001887539e-06,1.5,16.897818044177885,0.0591792382534589
9.0,16.6415,17.75320036176666,0.0563278721369924,2.748754666865945e-06,nan,16.9162921662866,0.0591146091690798
nan,nan,nan,nan,1.779824610104872e-06,nan,16.983179027421762,0.0588817911172789
nan,nan,nan,nan,1.2333849867278286e-06,nan,17.03637922054854,0.0586979185573565
nan,nan,nan,nan,7.850901952189765e-07,nan,17.12676304097016,0.0583881494481956
Name:	16.237767391887218_10_80_1
Lambda:	16.237767391887218	Maximal Depth:	10	Filter time:	10 to 80 [us]
Chi2:	0.8910923564174217	RelRMS:	5.42656273439949	AbsRMS:	5.302524871337289e-07	Phi model:	0.0549728459044883
depth_vector,start_model,resistivity_model,conductivity_model,E/I[V/A],modelled_thickness,rhoa,sigma
0.0,16.6415,20.36781189637216,0.0490970755762977,9.812350496494392e-05,1.0,16.468207757389322,0.0607230619586577
1.0,16.6415,19.79715498171886,0.0505123085071275,6.341355889529351e-05,1.0,16.444273696495678,0.0608114422355487
2.0,16.6415,18.74636751347484,0.0533436677415612,4.322627657619609e-05,1.0,16.574539877280067,0.0603334998982851
3.0,16.6415,17.399023412362453,0.0574744901653201,2.718762744840412e-05,1.0,16.712855181877195,0.0598341808815745
4.0,16.6415,16.012955601394847,0.0624494331273167,1.6248895893288725e-05,1.0,16.67030545514149,0.0599869032208751
5.0,16.6415,14.85721921945501,0.0673073463633446,1.0523483203503344e-05,1.0,16.71679142608699,0.0598200919369894
6.0,16.6415,14.20947405177414,0.0703755815561057,7.252760762192944e-06,1.5,16.794615406456266,0.0595428937072042
7.5,16.6415,14.863624302557607,0.0672783420546984,4.594341617823468e-06,1.5,16.898409906750985,0.0591771655154663
9.0,16.6415,17.628868459489183,0.0567251382184841,2.7503457950247515e-06,nan,16.90976726924489,0.0591374194616372
nan,nan,nan,nan,1.7818359433057764e-06,nan,16.97039623388647,0.0589261432802141
nan,nan,nan,nan,1.2353087396410548e-06,nan,17.018687396924605,0.0587589381411816
nan,nan,nan,nan,7.867593546271739e-07,nan,17.10253079822394,0.0584708784798006
Name:	20.6913808111479_10_80_1
Lambda:	20.6913808111479	Maximal Depth:	10	Filter time:	10 to 80 [us]
Chi2:	0.9681274320109314	RelRMS:	5.616922330209921	AbsRMS:	8.292292437840709e-07	Phi model:	0.0384802813425736
depth_vector,start_model,resistivity_model,conductivity_model,E/I[V/A],modelled_thickness,rhoa,sigma
0.0,16.6415,19.684675999805894,0.0508009377451709,9.907174580558308e-05,1.0,16.362958481654914,0.0611136428122784
1.0,16.6415,19.158783614533203,0.0521953804646258,6.39504451347024e-05,1.0,16.352107500128774,0.0611541967903601
2.0,16.6415,18.210149122478345,0.0549144322363409,4.354808734431e-05,1.0,16.49278417911566,0.0606325765946947
3.0,16.6415,17.042315530185448,0.0586774724496089,2.736378824200837e-05,1.0,16.641049387031835,0.0600923641738175
4.0,16.6415,15.902058947321928,0.0628849385675563,1.6346113615802912e-05,1.0,16.604142537778873,0.0602259344452585
5.0,16.6415,15.019446733998551,0.0665803486446917,1.05827655151294e-05,1.0,16.654303816089087,0.0600445393000419
6.0,16.6415,14.593648229221111,0.0685229617908483,7.291434862645092e-06,1.5,16.735176517688437,0.059754374203525
7.5,16.6415,15.228599855451549,0.0656659186984953,4.617758869402073e-06,1.5,16.84123216658568,0.0593780781660428
9.0,16.6415,17.546799600564302,0.0569904496981797,2.764314236081615e-06,nan,16.852754343605945,0.0593374815541298
nan,nan,nan,nan,1.7908892554444676e-06,nan,16.913155385163588,0.0591255727998106
nan,nan,nan,nan,1.241566768261152e-06,nan,16.961451595062716,0.0589572180420624
nan,nan,nan,nan,7.907675447557193e-07,nan,17.044689749260556,0.0586692990433212
Name:	26.366508987303583_10_80_1
Lambda:	26.366508987303583	Maximal Depth:	10	Filter time:	10 to 80 [us]
Chi2:	0.9605753941759764	RelRMS:	5.606322088129872	AbsRMS:	7.445117582572074e-07	Phi model:	0.0252379258279628
depth_vector,start_model,resistivity_model,conductivity_model,E/I[V/A],modelled_thickness,rhoa,sigma
0.0,16.6415,19.11053639297627,0.052327155001653,9.884076404535043e-05,1.0,16.388441047418276,0.0610186165423912
1.0,16.6415,18.698350214322545,0.0534806540971738,6.376770185192784e-05,1.0,16.383333468428575,0.0610376393746147
2.0,16.6415,17.950551008316992,0.0557085963286961,4.340725014928587e-05,1.0,16.528439408567383,0.0605017797071427
3.0,16.6415,17.012660902571636,0.0587797526634319,2.727006080489533e-05,1.0,16.679157866012147,0.0599550653596093
4.0,16.6415,16.093293960500922,0.0621376830905084,1.6294130864890383e-05,1.0,16.63943830269416,0.0600981825112501
5.0,16.6415,15.373233982336975,0.0650481220248743,1.0552148295559131e-05,1.0,16.686503402079282,0.0599286726466247
6.0,16.6415,15.024103021636153,0.066559713984915,7.272184220164391e-06,1.5,16.764697307319572,0.0596491533171549
7.5,16.6415,15.5639510158976,0.0642510374761885,4.607486801739969e-06,1.5,16.866253769846864,0.0592899889712189
9.0,16.6415,17.46353912540518,0.0572621616282374,2.759838139770338e-06,nan,16.870971396343307,0.0592734097229721
nan,nan,nan,nan,1.7889219846115382e-06,nan,16.92555266957125,0.0590822657033704
nan,nan,nan,nan,1.2407121219422914e-06,nan,16.96923979894459,0.0589301590317673
nan,nan,nan,nan,7.906379648826029e-07,nan,17.04655203305941,0.0586628896014067
Name:	33.59818286283781_10_80_1
Lambda:	33.59818286283781	Maximal Depth:	10	Filter time:	10 to 80 [us]
Chi2:	0.970139521188905	RelRMS:	5.614348905596552	AbsRMS:	6.937599586135946e-07	Phi model:	0.0163610702726956
depth_vector,start_model,resistivity_model,conductivity_model,E/I[V/A],modelled_thickness,rhoa,sigma
0.0,16.6415,18.64615324939749,0.0536303647527037,9.870050304093508e-05,1.0,16.403963529042308,0.0609608768167251
1.0,16.6415,18.32622021924021,0.054566625743705,6.364792613022872e-05,1.0,16.40388098932021,0.0609611835547363
2.0,16.6415,17.73487086009781,0.0563860886210301,4.331120236019412e-05,1.0,16.55286625121168,0.0604124980425549
3.0,16.6415,16.990038054488366,0.0588580200228464,2.72046832504679e-05,1.0,16.70586910670413,0.0598592023924511
4.0,16.6415,16.25424901412744,0.0615223748037111,1.6257983956117675e-05,1.0,16.6640925117302,0.0600092683892674
5.0,16.6415,15.672028469935285,0.0638079494252047,1.0531020411480424e-05,1.0,16.70881417011286,0.0598486517247109
6.0,16.6415,15.39316572530797,0.0649638948767956,7.259003150447843e-06,1.5,16.784985659824727,0.0595770541760738
7.5,16.6415,15.846358598829571,0.0631059807061201,4.600612190993137e-06,1.5,16.883051544729256,0.0592309984572777
9.0,16.6415,17.394590565964766,0.0574891369939259,2.757038489312557e-06,nan,16.882390613684688,0.0592333172998266
nan,nan,nan,nan,1.7878422315261369e-06,nan,16.932366685685057,0.059058489493109
nan,nan,nan,nan,1.2403633468821332e-06,nan,16.97242067886732,0.0589191146578825
nan,nan,nan,nan,7.907429294831104e-07,nan,17.04504347358092,0.0586680815188272
Name:	42.81332398719393_10_80_1
Lambda:	42.81332398719393	Maximal Depth:	10	Filter time:	10 to 80 [us]
Chi2:	0.984698493857552	RelRMS:	5.630093328775786	AbsRMS:	6.647636575184952e-07	Phi model:	0.0105083517799655
depth_vector,start_model,resistivity_model,conductivity_model,E/I[V/A],modelled_thickness,rhoa,sigma
0.0,16.6415,18.27508369487243,0.0547193116429106,9.86202559462311e-05,1.0,16.412860903085345,0.0609278300659951
1.0,16.6415,18.02416208028692,0.0554810812034198,6.357118031925857e-05,1.0,16.417080639158193,0.060912169586034
2.0,16.6415,17.559449404126816,0.0569493938554235,4.324642797679771e-05,1.0,16.569390686889253,0.0603522494518318
3.0,16.6415,16.973212515978428,0.058916365953623,2.7159382297567e-05,1.0,16.724440505055274,0.0597927326595906
4.0,16.6415,16.386588689163162,0.0610255141548358,1.6233029770986832e-05,1.0,16.681166029406114,0.0599478476646756
5.0,16.6415,15.922013649337266,0.062806126286773,1.0516567870687384e-05,1.0,16.72411888070361,0.0597938825437199
6.0,16.6415,15.704129176471604,0.0636775200179981,7.250072127395672e-06,1.5,16.798767254528194,0.0595281775649606
7.5,16.6415,16.080851599355043,0.0621857613585655,4.596086351230896e-06,1.5,16.894133067178288,0.0591921465294237
9.0,16.6415,17.337998635831088,0.0576767838667017,2.7553619638917653e-06,nan,16.889238083670847,0.0592093021038549
nan,nan,nan,nan,1.787332685066921e-06,nan,16.935584671781328,0.0590472675954456
nan,nan,nan,nan,1.2403234141014002e-06,nan,16.972784966820523,0.0589178500732121
nan,nan,nan,nan,7.909749067284415e-07,nan,17.041710661968505,0.0586795551124847
Name:	54.5559478116852_10_80_1
Lambda:	54.5559478116852	Maximal Depth:	10	Filter time:	10 to 80 [us]
Chi2:	0.999262642089739	RelRMS:	5.648079195790231	AbsRMS:	6.491684781956778e-07	Phi model:	0.0066996659535496
depth_vector,start_model,resistivity_model,conductivity_model,E/I[V/A],modelled_thickness,rhoa,sigma
0.0,16.6415,17.978544315427666,0.0556218558330044,9.857807908037604e-05,1.0,16.41754209039377,0.0609104575151428
1.0,16.6415,17.78145363258931,0.0562383717699676,6.352301040783061e-05,1.0,16.425379043184414,0.0608813956360381
2.0,16.6415,17.419429399977787,0.0574071616835666,4.3203023583147485e-05,1.0,16.580486576748687,0.0603118608957067
3.0,16.6415,16.959446315059104,0.0589641891263898,2.712805231503448e-05,1.0,16.737314647743922,0.0597467408031785
4.0,16.6415,16.494858169664372,0.0606249529225474,1.6215849969660867e-05,1.0,16.692945802083237,0.0599055440457491
5.0,16.6415,16.129100905035294,0.0619997361221674,1.0506727269693008e-05,1.0,16.734559791378228,0.0597565763585372
6.0,16.6415,15.961704276624236,0.062649951575941,7.244062091929295e-06,1.5,16.808057367400284,0.059495275280267
7.5,16.6415,16.274022124904583,0.0614476244609298,4.593150058142921e-06,1.5,16.901332315578905,0.0591669331936775
9.0,16.6415,17.29184096620282,0.057830742368873,2.7544152343170985e-06,nan,16.893107900915062,0.0591957386329032
nan,nan,nan,nan,1.787172413892866e-06,nan,16.936597163338853,0.0590437376738587
nan,nan,nan,nan,1.240458001069591e-06,nan,16.97155727136306,0.0589221120967696
nan,nan,nan,nan,7.912631931183033e-07,nan,17.037571127732125,0.0586938121932354
Name:	69.51927961775606_10_80_1
Lambda:	69.51927961775606	Maximal Depth:	10	Filter time:	10 to 80 [us]
Chi2:	1.01347709672066	RelRMS:	5.684082253129427	AbsRMS:	6.444860010007368e-07	Phi model:	0.003980393016335
depth_vector,start_model,resistivity_model,conductivity_model,E/I[V/A],modelled_thickness,rhoa,sigma
0.0,16.6415,17.708380300977385,0.0564704384592873,9.856901232845114e-05,1.0,16.41854884018869,0.0609067226180329
1.0,16.6415,17.56420333638044,0.0569339799163402,6.350056094101168e-05,1.0,16.42925007752724,0.0608670508563169
2.0,16.6415,17.297474403266204,0.0578119080674098,4.317969110634356e-05,1.0,16.58645896756635,0.0602901440238347
3.0,16.6415,16.95397429490665,0.0589832202529894,2.71108914237914e-05,1.0,16.744376924879827,0.0597215414157416
4.0,16.6415,16.601835707240447,0.0602343028586818,1.6207656539663536e-05,1.0,16.69857116650711,0.0598853632462718
5.0,16.6415,16.320726063155053,0.0612717838734856,1.0502951379265326e-05,1.0,16.738570351608086,0.0597422586872199
6.0,16.6415,16.191737074596638,0.0617598961367096,7.24237681288817e-06,1.5,16.81066472214731,0.0594860474899927
7.5,16.6415,16.441208594235626,0.0608227791934107,4.593032562402422e-06,1.5,16.901620553043262,0.0591659241705046
9.0,16.6415,17.239539182337904,0.0580061908513489,2.755171444210272e-06,nan,16.89001666684129,0.0592065727183806
nan,nan,nan,nan,1.7881222204860949e-06,nan,16.9305990960444,0.059064655321833
nan,nan,nan,nan,1.2413671883394445e-06,nan,16.96326952318355,0.0589508996855416
nan,nan,nan,nan,7.920466860787486e-07,nan,17.026333558852684,0.0587325507598821
Name:	88.58667904100822_10_80_1
Lambda:	88.58667904100822	Maximal Depth:	10	Filter time:	10 to 80 [us]
Chi2:	1.0237969321942375	RelRMS:	5.7082089904206725	AbsRMS:	6.511469431219336e-07	Phi model:	0.0024738751233281
depth_vector,start_model,resistivity_model,conductivity_model,E/I[V/A],modelled_thickness,rhoa,sigma
0.0,16.6415,17.519605099732406,0.057078912127721,9.859528995097285e-05,1.0,16.41563146218243,0.0609175469310305
1.0,16.6415,17.409116583560227,0.0574411685509832,6.350308387393572e-05,1.0,16.428814926267634,0.060868663046482
2.0,16.6415,17.20372457045971,0.0581269477957748,4.317398121056255e-05,1.0,16.587921343160772,0.0602848289012596
3.0,16.6415,16.939383869914412,0.0590340243588241,2.7104267519950308e-05,1.0,16.747104874772713,0.0597118133240072
4.0,16.6415,16.668605127410206,0.0599930223528769,1.6204472636659383e-05,1.0,16.700758418187142,0.0598775202275244
5.0,16.6415,16.453454395985172,0.0607775106632933,1.0501594347382884e-05,1.0,16.74001230944827,0.0597371125847731
6.0,16.6415,16.359605108901327,0.0611261698154251,7.24186240160152e-06,1.5,16.81146078747005,0.0594832306747145
7.5,16.6415,16.567384664440272,0.0603595570607091,4.593211888634284e-06,1.5,16.901180639576484,0.0591674641745654
9.0,16.6415,17.206511920636252,0.0581175315841133,2.755770847528111e-06,nan,16.88756743100594,0.0592151595595691
nan,nan,nan,nan,1.7887858896223391e-06,nan,16.926411148950304,0.0590792691492676
nan,nan,nan,nan,1.241976019153143e-06,nan,16.957725344654538,0.0589701731615332
nan,nan,nan,nan,7.925579782913464e-07,nan,17.019010125726364,0.0587578239047155
Name:	112.88378916846884_10_80_1
Lambda:	112.88378916846884	Maximal Depth:	10	Filter time:	10 to 80 [us]
Chi2:	1.0318853279759104	RelRMS:	5.726092841619876	AbsRMS:	6.566102819162223e-07	Phi model:	0.0015526945777565
depth_vector,start_model,resistivity_model,conductivity_model,E/I[V/A],modelled_thickness,rhoa,sigma
0.0,16.6415,17.375653710596964,0.0575517915271369,9.861660264049696e-05,1.0,16.413266249494473,0.0609263253760231
1.0,16.6415,17.290380106993315,0.0578356284715532,6.350536049488161e-05,1.0,16.42842228321763,0.0608701178214505
2.0,16.6415,17.13198589312859,0.0583703492542033,4.316959093481892e-05,1.0,16.58904596681083,0.0602807420029257
3.0,16.6415,16.92821465179517,0.0590729749456452,2.709902516397557e-05,1.0,16.749264643850527,0.059704113658933
4.0,16.6415,16.72037977163224,0.0598072540012875,1.6201872664241873e-05,1.0,16.7025450573363,0.0598711152442464
5.0,16.6415,16.557716999199823,0.0603947995999887,1.0500419144662825e-05,1.0,16.741261309815663,0.0597326558312356
6.0,16.6415,16.49214776831972,0.0606349163279346,7.24135531002276e-06,1.5,16.812245617595877,0.0594804538754411
7.5,16.6415,16.66673900403647,0.0599997395865989,4.593265100436741e-06,1.5,16.901050108751853,0.0591679211389457
9.0,16.6415,17.181652282474744,0.0582016201678111,2.7561746087709632e-06,nan,16.885918113220242,0.0592209433502514
nan,nan,nan,nan,1.7892557227415107e-06,nan,16.923447929281004,0.0590896136637615
nan,nan,nan,nan,1.2424140367009975e-06,nan,16.953739438952606,0.058984037332933
nan,nan,nan,nan,7.929305104598955e-07,nan,17.013679162320198,0.0587762347261535
Name:	143.8449888287663_10_80_1
Lambda:	143.8449888287663	Maximal Depth:	10	Filter time:	10 to 80 [us]
Chi2:	1.0383346015895432	RelRMS:	5.740641122244272	AbsRMS:	6.606234198952288e-07	Phi model:	0.0009773042677287
depth_vector,start_model,resistivity_model,conductivity_model,E/I[V/A],modelled_thickness,rhoa,sigma
0.0,16.6415,17.26345721043377,0.0579258249266326,9.86323939232532e-05,1.0,16.411514333891184,0.060932829210947
1.0,16.6415,17.198000669414782,0.0581462938176538,6.350662263675734e-05,1.0,16.428204614912215,0.0608709243304822
2.0,16.6415,17.076359571047664,0.0585604909430147,4.3165850816528685e-05,1.0,16.590004194933513,0.0602772602254913
3.0,16.6415,16.920388814721292,0.0591002967455433,2.7094786407963192e-05,1.0,16.751011454575107,0.0596978876596061
4.0,16.6415,16.762454228658232,0.0596571353072112,1.6199805065686467e-05,1.0,16.703966202974723,0.0598660215094254
5.0,16.6415,16.641203339885525,0.0600918082410066,1.049950644003715e-05,1.0,16.742231489087605,0.0597291944417199
6.0,16.6415,16.597824731220125,0.060248858883238,7.240979929965701e-06,1.5,16.812826655637096,0.059478398277824
7.5,16.6415,16.745660808975614,0.0597169625855555,4.593333893862528e-06,1.5,16.900881359274827,0.0591685119102514
9.0,16.6415,17.161680169939604,0.0582693530061001,2.7565158868319977e-06,nan,16.88452434597959,0.0592258318628983
nan,nan,nan,nan,1.7896447233915278e-06,nan,16.920995498109345,0.0590981777704352
nan,nan,nan,nan,1.2427743454608264e-06,nan,16.950462428897563,0.0589954406373701
nan,nan,nan,nan,7.932353413093259e-07,nan,17.0093201142299,0.0587912975524169
Name:	183.29807108324357_10_80_1
Lambda:	183.2980710832436	Maximal Depth:	10	Filter time:	10 to 80 [us]
Chi2:	1.0434721810297816	RelRMS:	5.752715809416279	AbsRMS:	6.632153618931218e-07	Phi model:	0.00061796802474
depth_vector,start_model,resistivity_model,conductivity_model,E/I[V/A],modelled_thickness,rhoa,sigma
0.0,16.6415,17.17608890021242,0.058220471832073,9.86429276019192e-05,1.0,16.41034596700461,0.0609371674436752
1.0,16.6415,17.12616418911049,0.0583901911109693,6.350661173007686e-05,1.0,16.428206495841547,0.060870917361133
2.0,16.6415,17.033507871277052,0.0587078133028758,4.316237118693694e-05,1.0,16.59089580943216,0.0602740208537435
3.0,16.6415,16.915195058240585,0.0591184433024217,2.7091230408360287e-05,1.0,16.752477249622405,0.0596926642608954
4.0,16.6415,16.79656918743269,0.0595359676634563,1.619811811344251e-05,1.0,16.705125938691392,0.0598618653741401
5.0,16.6415,16.708025038078066,0.0598514784195601,1.0498789678477402e-05,1.0,16.742993484948308,0.0597264760867872
6.0,16.6415,16.6819910452968,0.0599448829150362,7.240709567826011e-06,1.5,16.81324517111166,0.0594769177409123
7.5,16.6415,16.80797778843215,0.0594955569663017,4.5934221092108845e-06,1.5,16.90066497421037,0.0591692694651928
9.0,16.6415,17.14536129350692,0.0583248135096871,2.756815679134284e-06,nan,16.883300242336638,0.0592301259615342
nan,nan,nan,nan,1.789976936157294e-06,nan,16.91890178598795,0.0591054911630369
nan,nan,nan,nan,1.2430793001719842e-06,nan,16.947690101207616,0.0590050911969852
nan,nan,nan,nan,7.934913688833294e-07,nan,17.00566110430832,0.0588039473364933
Name:	233.57214690901213_10_80_1
Lambda:	233.57214690901213	Maximal Depth:	10	Filter time:	10 to 80 [us]
Chi2:	1.0475650126712177	RelRMS:	5.7631874347506615	AbsRMS:	6.646820458476016e-07	Phi model:	0.0003934841020914
depth_vector,start_model,resistivity_model,conductivity_model,E/I[V/A],modelled_thickness,rhoa,sigma
0.0,16.6415,17.10820109473106,0.0584514990479026,9.864930156091031e-05,1.0,16.40963908584751,0.060939792445676
1.0,16.6415,17.070477660616508,0.0585806689116328,6.350567610670226e-05,1.0,16.428367852297647,0.0608703194979981
2.0,16.6415,17.00061832805762,0.0588213899461298,4.315920696858365e-05,1.0,16.591706707488502,0.0602710750394749
3.0,16.6415,16.91194026236823,0.059129820971823,2.7088322169493613e-05,1.0,16.7536762738959,0.0596883921863831
4.0,16.6415,16.8242578924802,0.0594379856984337,1.6196817733276145e-05,1.0,16.706020053578207,0.0598586615359541
5.0,16.6415,16.761384241308562,0.0596609436072405,1.0498295114350251e-05,1.0,16.743519311212204,0.0597246003909318
6.0,16.6415,16.748743639973842,0.0597059708773213,7.240575847994794e-06,1.5,16.813452176505848,0.0594761854675711
7.5,16.6415,16.856934419413044,0.0593227674213624,4.593565007421133e-06,1.5,16.900314471235795,0.0591704966024148
9.0,16.6415,17.131678048397156,0.0583713981301183,2.757109247967078e-06,nan,16.882101765172916,0.0592343307669758
nan,nan,nan,nan,1.790283122122096e-06,nan,16.916972676609927,0.0591122311962257
nan,nan,nan,nan,1.243354526701231e-06,nan,16.94518900387895,0.0590138003046816
nan,nan,nan,nan,7.93718457837707e-07,nan,17.002417316008408,0.0588151661857201
Name:	297.63514416313194_10_80_1
Lambda:	297.63514416313194	Maximal Depth:	10	Filter time:	10 to 80 [us]
Chi2:	1.0508185695783034	RelRMS:	5.772180163514034	AbsRMS:	6.648123037610237e-07	Phi model:	0.0002535475927668
depth_vector,start_model,resistivity_model,conductivity_model,E/I[V/A],modelled_thickness,rhoa,sigma
0.0,16.6415,17.056021167503182,0.0586303212325568,9.86509160262966e-05,1.0,16.409460051412186,0.0609404573256473
1.0,16.6415,17.027832190775978,0.0587273816652775,6.350313486947619e-05,1.0,16.42880613093902,0.0608686956331405
2.0,16.6415,16.97580026128511,0.0589073849013523,4.315574246163884e-05,1.0,16.592594674508426,0.060267849580893
3.0,16.6415,16.910303929473294,0.0591355426945982,2.708561122064273e-05,1.0,16.754794151612508,0.0596844097845128
4.0,16.6415,16.846807232132587,0.0593584283491212,1.619564847154195e-05,1.0,16.70682411626531,0.0598557806702727
5.0,16.6415,16.80391594947045,0.0595099382195799,1.049787051250951e-05,1.0,16.743970785708097,0.059722990012235
6.0,16.6415,16.80149538607921,0.0595185117170311,7.240481792936517e-06,1.5,16.81359778254384,0.0594756704028103
7.5,16.6415,16.8951727633607,0.0591885039594638,4.593710915009972e-06,1.5,16.899956605560355,0.0591717495695216
9.0,16.6415,17.120105592493736,0.058410854687628,2.7573753027920783e-06,nan,16.88101579600023,0.0592381413585869
nan,nan,nan,nan,1.7905548938625017e-06,nan,16.91526085292379,0.059118213351534
nan,nan,nan,nan,1.2435971304318473e-06,nan,16.94298512844798,0.0590214765827161
nan,nan,nan,nan,7.939171946336307e-07,nan,16.999579785047214,0.0588249834786855
Name:	379.26901907322497_10_80_1
Lambda:	379.26901907322497	Maximal Depth:	10	Filter time:	10 to 80 [us]
Chi2:	1.0534158482493792	RelRMS:	5.780461755887748	AbsRMS:	6.639356257959317e-07	Phi model:	0.000165930956032
depth_vector,start_model,resistivity_model,conductivity_model,E/I[V/A],modelled_thickness,rhoa,sigma
0.0,16.6415,17.016213980905896,0.0587674791303231,9.864892437580989e-05,1.0,16.409680914094913,0.0609396371102536
1.0,16.6415,16.995462116590918,0.058839235623008,6.349951124117613e-05,1.0,16.429431136491356,0.0608663800768429
2.0,16.6415,16.95733992708488,0.058971513474396,4.315222427565177e-05,1.0,16.59349652127461,0.0602645740587521
3.0,16.6415,16.90992011172357,0.0591368849404974,2.7083214328548244e-05,1.0,16.755782681280724,0.0596808886234352
4.0,16.6415,16.86523927205718,0.0592935554526539,1.6194701796869808e-05,1.0,16.707475184059223,0.0598534481711581
5.0,16.6415,16.837786879975262,0.0593902278920796,1.0497591992143087e-05,1.0,16.74426694989891,0.0597219336619592
6.0,16.6415,16.843026664496517,0.0593717518780578,7.24048999300126e-06,1.5,16.813585087950287,0.0594757153081329
7.5,16.6415,16.924741460016964,0.0590850975397409,4.593910375748214e-06,1.5,16.899467421410233,0.0591734623975831
9.0,16.6415,17.109894431288755,0.0584457142044843,2.75765388281584e-06,nan,16.879878889251838,0.0592421312120162
nan,nan,nan,nan,1.7908236470376989e-06,nan,16.91356846823655,0.0591241287654929
nan,nan,nan,nan,1.2438318464495998e-06,nan,16.94085358894087,0.0590289028088176
nan,nan,nan,nan,7.941057674827931e-07,nan,16.996888467583283,0.0588342979308956
Name:	483.2930238571752_10_80_1
Lambda:	483.2930238571752	Maximal Depth:	10	Filter time:	10 to 80 [us]
Chi2:	1.0555045855806595	RelRMS:	5.788739054282496	AbsRMS:	6.623856614168617e-07	Phi model:	0.0001106885973715
depth_vector,start_model,resistivity_model,conductivity_model,E/I[V/A],modelled_thickness,rhoa,sigma
0.0,16.6415,16.986202930720626,0.0588713089133909,9.86444785134521e-05,1.0,16.410173961692237,0.0609378061642972
1.0,16.6415,16.971227865555502,0.0589232557550878,6.349538124876788e-05,1.0,16.43014355251255,0.060863740892092
2.0,16.6415,16.94390721929714,0.0590182646220534,4.31489625960092e-05,1.0,16.594332725047202,0.0602615372711321
3.0,16.6415,16.910502392015967,0.0591348486767687,2.708129943377393e-05,1.0,16.75657252970639,0.0596780754672341
4.0,16.6415,16.880350118973528,0.0592404774161644,1.6194096758273517e-05,1.0,16.70789132765108,0.0598519574008138
5.0,16.6415,16.86468999031142,0.0592954866395106,1.0497550810011811e-05,1.0,16.7443107419644,0.0597217774687978
6.0,16.6415,16.87550763796474,0.059257476661046,7.2406718273382045e-06,1.5,16.813303594744003,0.0594767110678123
7.5,16.6415,16.94721634044485,0.0590067406889402,4.594217550612805e-06,1.5,16.898714133984832,0.0591761001500646
9.0,16.6415,17.10041357937985,0.0584781178161578,2.757985310515336e-06,nan,16.87852655633437,0.0592468777806145
nan,nan,nan,nan,1.7911199064840265e-06,nan,16.91170336229293,0.0591306492656229
nan,nan,nan,nan,1.2440822354685603e-06,nan,16.938580456244132,0.0590368244011478
nan,nan,nan,nan,7.943011440247003e-07,nan,16.994101170876515,0.0588439476701327
Name:	615.8482110660261_10_80_1
Lambda:	615.8482110660261	Maximal Depth:	10	Filter time:	10 to 80 [us]
Chi2:	1.0571946305590847	RelRMS:	5.796567067895995	AbsRMS:	6.596235903417629e-07	Phi model:	7.566834061674649e-05
depth_vector,start_model,resistivity_model,conductivity_model,E/I[V/A],modelled_thickness,rhoa,sigma
0.0,16.6415,16.964376740365097,0.0589470521260351,9.863584206780336e-05,1.0,16.411131852214204,0.0609342493257148
1.0,16.6415,16.953835983860902,0.0589837014438469,6.348946405177819e-05,1.0,16.4311643926087,0.0608599595321336
2.0,16.6415,16.934799843241574,0.0590500040896016,4.314500009162349e-05,1.0,16.595348742501425,0.0602578478775173
3.0,16.6415,16.91211664924313,0.0591292042705224,2.7079225709467124e-05,1.0,16.75742799651664,0.0596750289010861
4.0,16.6415,16.893011404924533,0.059196076769858,1.6193452456950564e-05,1.0,16.708334504510397,0.0598503698696031
5.0,16.6415,16.886176227711047,0.0592200381255615,1.0497504069310477e-05,1.0,16.74436044522348,0.0597216001931719
6.0,16.6415,16.90086780197139,0.0591685593732267,7.24086213064092e-06,1.5,16.813009003560296,0.0594777531962447
7.5,16.6415,16.96412654607768,0.0589479215026966,4.594531325657409e-06,1.5,16.89794474754691,0.0591787945184973
9.0,16.6415,17.091628729118366,0.0585081747239417,2.758313016706868e-06,nan,16.87718967466004,0.0592515708643976
nan,nan,nan,nan,1.7914092535161742e-06,nan,16.909882269800274,0.0591370172804763
nan,nan,nan,nan,1.2443256270561225e-06,nan,16.936371579772445,0.0590445241054067
nan,nan,nan,nan,7.944898956748093e-07,nan,16.99140947172915,0.0588532694514738
Name:	784.7599703514607_10_80_1
Lambda:	784.7599703514607	Maximal Depth:	10	Filter time:	10 to 80 [us]
Chi2:	1.058589042528726	RelRMS:	5.8045189269251205	AbsRMS:	6.559810227296164e-07	Phi model:	5.302853273370147e-05
depth_vector,start_model,resistivity_model,conductivity_model,E/I[V/A],modelled_thickness,rhoa,sigma
0.0,16.6415,16.949049190471726,0.0590003597701617,9.8624133466661e-05,1.0,16.41243070668712,0.0609294270831289
1.0,16.6415,16.941883080611323,0.0590253158543174,6.34823713920532e-05,1.0,16.43238823355186,0.0608554268428363
2.0,16.6415,16.929141046510765,0.0590697423603844,4.314069930524312e-05,1.0,16.596451674151634,0.0602538433897568
3.0,16.6415,16.914567626161862,0.0591206362528176,2.707720312501322e-05,1.0,16.75826247195479,0.0596720573910043
4.0,16.6415,16.903736008557054,0.0591585197197694,1.6192906507732984e-05,1.0,16.708710053762506,0.0598490246573413
5.0,16.6415,16.90334347551145,0.0591598935115257,1.049755008872166e-05,1.0,16.744311508969155,0.0597217747331292
6.0,16.6415,16.920509489750483,0.0590998752493679,7.241134160232492e-06,1.5,16.812587921769506,0.0594792428538123
7.5,16.6415,16.976467851183312,0.0589050684020997,4.594903917113699e-06,1.5,16.897031255114545,0.0591819938604487
9.0,16.6415,17.08309037440656,0.0585374178841887,2.7586734055122838e-06,nan,16.87571976943854,0.0592567317816554
nan,nan,nan,nan,1.7917181390109864e-06,nan,16.90793874705263,0.0591438149238811
nan,nan,nan,nan,1.244581919819152e-06,nan,16.934046398178484,0.0590526313963309
nan,nan,nan,nan,7.946859733278064e-07,nan,16.98861442830073,0.0588629522566675
Name:	1000.0_10_80_1
Lambda:	1000.0	Maximal Depth:	10	Filter time:	10.0 to 80.0 [us]
Chi2:	1.0597686486980094	RelRMS:	5.812730880326777	AbsRMS:	6.515219806038495e-07	Phi model:	3.802601553725826e-05
depth_vector,start_model,resistivity_model,conductivity_model,E/I[V/A],modelled_thickness,rhoa,sigma
0.0,16.6415,16.9389873004361,0.05903540644216993,9.860958214639614e-05,1.0,16.414045266902495,0.060923433787307364
1.0,16.6415,16.93435162846603,0.059051567012405506,6.347414313940671e-05,1.0,16.433808307030684,0.060850168221335627
2.0,16.6415,16.926315764454994,0.05907960207737497,4.313603020893332e-05,1.0,16.597649265940774,0.06024949581577502
3.0,16.6415,16.917764085702963,0.059109465939715417,2.7075187035160987e-05,1.0,16.759094371252594,0.05966909534893077
4.0,16.6415,16.912981723489594,0.0591261798983174,1.6192434454404215e-05,1.0,16.70903478829207,0.05984786151146772
5.0,16.6415,16.917109671936565,0.05911175250337703,1.0497676092523659e-05,1.0,16.744177520512142,0.05972225263229374
6.0,16.6415,16.935600558571075,0.05904721220493724,7.241480917434422e-06,1.5,16.812051205358447,0.05948114169919215
7.5,16.6415,16.985119713507782,0.0588750634006264,4.595333525238426e-06,1.5,16.895978126619134,0.05918568268175776
9.0,16.6415,17.074607960003796,0.05856649841345919,2.7590682711745648e-06,nan,16.87410961205603,0.05926238616380273
nan,nan,nan,nan,1.7920493392481208e-06,nan,16.90585543914858,0.05915110321387927
nan,nan,nan,nan,1.2448539023408946e-06,nan,16.931579746005742,0.05906123439166424
nan,nan,nan,nan,7.948918823882659e-07,nan,16.98568047736091,0.05887311970414338
