Name:	10.0_10_80_1
Lambda:	10	Maximal Depth:	10	Filter time:	10 to 80 [us]
Chi2:	0.5094663494702718	RelRMS:	3.259344045397493	AbsRMS:	7.227008154374672e-07	Phi model:	0.0260800291054039
depth_vector,start_model,resistivity_model,conductivity_model,E/I[V/A],modelled_thickness,rhoa,sigma
0.0,18.0559,22.97382759607928,0.0435277924768034,8.465762047669234e-05,1.0,18.17123036806232,0.0550320467984158
1.0,18.0559,22.371925407052704,0.0446988795915058,5.521754643675663e-05,1.0,18.033694629714603,0.0554517540932667
2.0,18.0559,21.26633532291108,0.0470226762070595,3.798340049036262e-05,1.0,18.066643338133765,0.055350624976875
3.0,18.0559,19.858633217718523,0.050355932809503,2.416457855083758e-05,1.0,18.07917908404704,0.055312245946078
4.0,18.0559,18.39208228737404,0.0543712225932399,1.4614088594432242e-05,1.0,17.891426603887425,0.055892692189382
5.0,18.0559,17.093170765796003,0.0585028964901604,9.562867587392484e-06,1.0,17.818337077698438,0.0561219599584075
6.0,18.0559,16.144277941981763,0.0619414509334969,6.6501726906004025e-06,1.5,17.794413666232796,0.0561974122191859
7.5,18.0559,15.98021577920556,0.0625773777911848,4.258355033952674e-06,1.5,17.775975874030284,0.0562557019140054
9.0,18.0559,16.95412769906705,0.0589826865616346,2.5769269749597176e-06,nan,17.66015141135691,0.0566246560806335
nan,nan,nan,nan,1.6846208017415556e-06,nan,17.617151403867847,0.0567628657480033
nan,nan,nan,nan,1.1765331669385948e-06,nan,17.58086695584298,0.0568800163559426
nan,nan,nan,nan,7.558594493963835e-07,nan,17.56551795024525,0.0569297189432457
Name:	12.742749857031335_10_80_1
Lambda:	12.742749857031336	Maximal Depth:	10	Filter time:	10 to 80 [us]
Chi2:	0.4592687267452782	RelRMS:	3.213420277224264	AbsRMS:	6.579825149782428e-07	Phi model:	0.0195981328732731
depth_vector,start_model,resistivity_model,conductivity_model,E/I[V/A],modelled_thickness,rhoa,sigma
0.0,18.0559,22.508247552031136,0.0444281589532171,8.447872681595463e-05,1.0,18.19687447062876,0.0549544924109952
1.0,18.0559,21.997023532328043,0.045460696013274,5.509003218082204e-05,1.0,18.061511724289087,0.0553663511263678
2.0,18.0559,21.051112027074723,0.0475034287363944,3.789141211275596e-05,1.0,18.09587158810301,0.0552612232647275
3.0,18.0559,19.831556155916843,0.050424686400701,2.410633565960445e-05,1.0,18.108287893577337,0.0552233323148502
4.0,18.0559,18.538166039472788,0.0539427685495279,1.4582426295797413e-05,1.0,17.917315249146935,0.0558119330990512
5.0,18.0559,17.363500841291632,0.0575920725399989,9.544508950151563e-06,1.0,17.841178525756735,0.056050108940748
6.0,18.0559,16.468177463779895,0.060723173660194,6.638826887730382e-06,1.5,17.814681749827077,0.0561334754133178
7.5,18.0559,16.219633307690692,0.0616536749647626,4.252414745363559e-06,1.5,17.792526448029726,0.056203372967909
9.0,18.0559,16.904230471034733,0.0591567892849953,2.5743742061778347e-06,nan,17.671824108544115,0.0565872540297926
nan,nan,nan,nan,1.6835283367722577e-06,nan,17.624771923002054,0.056738322876956
nan,nan,nan,nan,1.176087812380419e-06,nan,17.58530496071732,0.0568656615414879
nan,nan,nan,nan,7.558278855439898e-07,nan,17.56600697829652,0.0569281340509279
Name:	16.237767391887218_10_80_1
Lambda:	16.237767391887218	Maximal Depth:	10	Filter time:	10 to 80 [us]
Chi2:	0.4284538715597825	RelRMS:	3.186697326698883	AbsRMS:	6.112683769262529e-07	Phi model:	0.0150974718501776
depth_vector,start_model,resistivity_model,conductivity_model,E/I[V/A],modelled_thickness,rhoa,sigma
0.0,18.0559,22.11910138435103,0.0452097932290995,8.434803439614117e-05,1.0,18.215666292327366,0.0548977997264481
1.0,18.0559,21.682530640336104,0.0461200777984695,5.499467973284776e-05,1.0,18.082382980362908,0.0553024455397266
2.0,18.0559,20.86918773401776,0.0479175333867907,3.782158957348888e-05,1.0,18.1181359663595,0.0551933157945569
3.0,18.0559,19.8079695249544,0.0504847303374626,2.406168819136942e-05,1.0,18.13068142853756,0.0551551249709791
4.0,18.0559,18.66274064357569,0.0535826982273491,1.4558170718968034e-05,1.0,17.937211257305776,0.0557500263366025
5.0,18.0559,17.596238736733053,0.0568303269216533,9.530481717013984e-06,1.0,17.85868033574852,0.0559951788821851
6.0,18.0559,16.74835443424115,0.0597073583513107,6.6301813398824565e-06,1.5,17.830164909093774,0.0560847308534974
7.5,18.0559,16.426074420696935,0.0608788182975717,4.247929348528651e-06,1.5,17.805049020355867,0.0561638442475915
9.0,18.0559,16.862856949020514,0.0593019322302965,2.572500375440552e-06,nan,17.680404603155228,0.0565597916136795
nan,nan,nan,nan,1.6827687225109936e-06,nan,17.630075492405137,0.0567212545647232
nan,nan,nan,nan,1.1758133585716852e-06,nan,17.588041316874737,0.0568568143537709
nan,nan,nan,nan,7.558574919783488e-07,nan,17.565548276108835,0.0569296206575068
Name:	20.6913808111479_10_80_1
Lambda:	20.6913808111479	Maximal Depth:	10	Filter time:	10 to 80 [us]
Chi2:	0.4094654112936726	RelRMS:	3.1712366444548383	AbsRMS:	5.782152583953417e-07	Phi model:	0.0120345734785202
depth_vector,start_model,resistivity_model,conductivity_model,E/I[V/A],modelled_thickness,rhoa,sigma
0.0,18.0559,21.79700155204616,0.0458778698350887,8.42546840467641e-05,1.0,18.22911856096448,0.054857287622309
1.0,18.0559,21.42131908701664,0.0466824660021098,5.492444624816228e-05,1.0,18.097794675842177,0.0552553511580529
2.0,18.0559,20.71691152319639,0.0482697432423899,3.7769155823484565e-05,1.0,18.134900653786325,0.0551422927035011
3.0,18.0559,19.78732436978512,0.0505374037091635,2.4027700234304547e-05,1.0,18.147775022705563,0.0551031737361109
4.0,18.0559,18.76704552456436,0.0532848923231464,1.453965716124395e-05,1.0,17.952434503087286,0.0557027516144414
5.0,18.0559,17.793154194915857,0.056201390098993,9.519765363056049e-06,1.0,17.87208010940834,0.0559531959278524
6.0,18.0559,16.98657904382353,0.0588700053977972,6.623568514095852e-06,1.5,17.842030432772994,0.0560474327049211
7.5,18.0559,16.601380041299485,0.0602359561381214,4.244507083803672e-06,1.5,17.814618314607525,0.0561336752963169
9.0,18.0559,16.829517738058993,0.059419409133665,2.5710933135866817e-06,nan,17.686854558178908,0.0565391656673951
nan,nan,nan,nan,1.6822169150638267e-06,nan,17.633930673063,0.056708854000859
nan,nan,nan,nan,1.1756300745747858e-06,nan,17.589869285736807,0.056850905697797
nan,nan,nan,nan,7.559029585007013e-07,nan,17.564843906682587,0.0569319035974778
Name:	26.366508987303583_10_80_1
Lambda:	26.366508987303583	Maximal Depth:	10	Filter time:	10 to 80 [us]
Chi2:	0.3976324410640805	RelRMS:	3.1619153972775456	AbsRMS:	5.553448954364793e-07	Phi model:	0.0099803106494084
depth_vector,start_model,resistivity_model,conductivity_model,E/I[V/A],modelled_thickness,rhoa,sigma
0.0,18.0559,21.532162579566418,0.0464421535135992,8.418982397230855e-05,1.0,18.23847986830577,0.0548291308936205
1.0,18.0559,21.2058077455775,0.0471568926775992,5.487351410329813e-05,1.0,18.10899154050898,0.0552211865449849
2.0,18.0559,20.590217163771687,0.0485667534269377,3.773012728867255e-05,1.0,18.147404483587245,0.0551042988491502
3.0,18.0559,19.76902485126018,0.050584184476669,2.4001910344131108e-05,1.0,18.16077247005683,0.0550637370546204
4.0,18.0559,18.85292200745928,0.0530421756162967,1.4525496852175522e-05,1.0,17.964100001261226,0.0556665794517839
5.0,18.0559,17.95729799061296,0.0556876652892179,9.511514095378771e-06,1.0,17.882414671797925,0.0559208595904603
6.0,18.0559,17.186268702871345,0.0581859865738587,6.6184386649590205e-06,1.5,17.85124862955144,0.056018490400978
7.5,18.0559,16.748494538307153,0.059706858888887,4.241829281508911e-06,1.5,17.82211492434948,0.0561100634938533
9.0,18.0559,16.803559940808743,0.0595111990270241,2.5699842421008225e-06,nan,17.691942676396668,0.0565229052733778
nan,nan,nan,nan,1.6817758135806586e-06,nan,17.63701392705716,0.0566989403158483
nan,nan,nan,nan,1.1754774918671775e-06,nan,17.59139141998433,0.0568459865468044
nan,nan,nan,nan,7.559312035414777e-07,nan,17.564406368787026,0.0569333217988544
Name:	33.59818286283781_10_80_1
Lambda:	33.59818286283781	Maximal Depth:	10	Filter time:	10 to 80 [us]
Chi2:	0.3901160160364748	RelRMS:	3.1554944183290945	AbsRMS:	5.400607127054365e-07	Phi model:	0.0086132792208139
depth_vector,start_model,resistivity_model,conductivity_model,E/I[V/A],modelled_thickness,rhoa,sigma
0.0,18.0559,21.31509315949433,0.0469151128037445,8.414672594775032e-05,1.0,18.244706891091383,0.0548104173977322
1.0,18.0559,21.02852301873902,0.0475544573011084,5.483736420701986e-05,1.0,18.11694920795356,0.0551969312560079
2.0,18.0559,20.4849580020374,0.0488163070629943,3.770135826795646e-05,1.0,18.15663521520724,0.0550762841323397
3.0,18.0559,19.752424473349272,0.0506266965530858,2.3982349739852457e-05,1.0,18.17064604833918,0.0550338164828983
4.0,18.0559,18.922461957687407,0.052847245894118,1.4514576883087095e-05,1.0,17.97310900551587,0.0556386766303539
5.0,18.0559,18.09238050602027,0.0552718863981026,9.505050114653634e-06,1.0,17.890521133439133,0.0558955210159251
6.0,18.0559,17.351747227158256,0.0576310838850188,6.6143511549255e-06,1.5,17.85860230067389,0.0559954235591138
7.5,18.0559,16.870937659717168,0.0592735282513494,4.239641405299765e-06,1.5,17.82824582467496,0.0560907679776303
9.0,18.0559,16.784338216030918,0.0595793523181562,2.569039942517029e-06,nan,17.696277751283716,0.0565090588006541
nan,nan,nan,nan,1.6813698113509969e-06,nan,17.639853032322872,0.0566898147148744
nan,nan,nan,nan,1.1753091560812232e-06,nan,17.593071085855637,0.0568405592815442
nan,nan,nan,nan,7.559174157054248e-07,nan,17.564619949807163,0.0569326295050852
Name:	42.81332398719393_10_80_1
Lambda:	42.81332398719393	Maximal Depth:	10	Filter time:	10 to 80 [us]
Chi2:	0.3852060338284495	RelRMS:	3.1499379755665795	AbsRMS:	5.305203900894713e-07	Phi model:	0.0077020564885368
depth_vector,start_model,resistivity_model,conductivity_model,E/I[V/A],modelled_thickness,rhoa,sigma
0.0,18.0559,21.137022643182604,0.0473103528761432,8.412053634883042e-05,1.0,18.24849349530133,0.0547990441105444
1.0,18.0559,20.882472728973465,0.0478870492483654,5.481263342883523e-05,1.0,18.12239822628898,0.0551803347169231
2.0,18.0559,20.39714969141565,0.0490264578693002,3.768045288109004e-05,1.0,18.16335021577708,0.0550559223997882
3.0,18.0559,19.736850192383983,0.0506666459061374,2.3967490208854587e-05,1.0,18.17815564803373,0.0550110813969274
4.0,18.0559,18.97776893200553,0.0526932329918679,1.450602747753793e-05,1.0,17.98017017639224,0.0556168262140804
5.0,18.0559,18.20230805025991,0.0549380879193351,9.499841210946002e-06,1.0,17.89706029450691,0.0558750981191546
6.0,18.0559,17.487678097976282,0.0571831202745962,6.610958321819868e-06,1.5,17.864711962100664,0.0559762733438671
7.5,18.0559,16.97241570526177,0.0589191319235706,4.237742046908746e-06,1.5,17.833572513419664,0.0560740142922852
9.0,18.0559,16.771290796646152,0.0596257027634375,2.568155422473857e-06,nan,17.700340800803573,0.0564960873496063
nan,nan,nan,nan,1.6809396208180771e-06,nan,17.642862529329328,0.056680144638525
nan,nan,nan,nan,1.1750888046452924e-06,nan,17.59527037344034,0.0568334546032027
nan,nan,nan,nan,7.55842422335902e-07,nan,17.565781751274635,0.0569288639788227
Name:	54.5559478116852_10_80_1
Lambda:	54.5559478116852	Maximal Depth:	10	Filter time:	10 to 80 [us]
Chi2:	0.3818809128074894	RelRMS:	3.143944819547886	AbsRMS:	5.25487539326233e-07	Phi model:	0.007084798774671
depth_vector,start_model,resistivity_model,conductivity_model,E/I[V/A],modelled_thickness,rhoa,sigma
0.0,18.0559,20.99008840728237,0.0476415334988802,8.410796871519985e-05,1.0,18.250311275257264,0.0547935859787631
1.0,18.0559,20.76132233540601,0.0481664888124499,5.479692789535778e-05,1.0,18.12586080893879,0.0551697936192276
2.0,18.0559,20.32309393781749,0.0492051064202968,3.7665643812428194e-05,1.0,18.16811078182238,0.0550414961692397
3.0,18.0559,19.721607092120465,0.0507058068507783,2.3956170078796515e-05,1.0,18.183881740937903,0.0549937584420531
4.0,18.0559,19.02079337990253,0.0525740425242516,1.449917682832912e-05,1.0,17.98583330896362,0.0555993143504576
5.0,18.0559,18.290857719001885,0.0546721217431551,9.495470825667402e-06,1.0,17.90255140716294,0.0558579599776986
6.0,18.0559,17.598659968267658,0.0568225081797768,6.607984468460326e-06,1.5,17.870071442979164,0.0559594852875018
7.5,18.0559,17.056553707648117,0.0586284906752061,4.235969169040725e-06,1.5,17.838548083313597,0.0560583739959987
9.0,18.0559,16.763999790043083,0.0596516352018774,2.567245239257708e-06,nan,17.704524169824015,0.0564827379944173
nan,nan,nan,nan,1.6804364023088707e-06,nan,17.64638453981009,0.056668831949344
nan,nan,nan,nan,1.1747861583257985e-06,nan,17.598292151866488,0.0568236958092515
nan,nan,nan,nan,7.556898918404599e-07,nan,17.568145355090536,0.0569212048163206
Name:	69.51927961775606_10_80_1
Lambda:	69.51927961775606	Maximal Depth:	10	Filter time:	10 to 80 [us]
Chi2:	0.3795437737940025	RelRMS:	3.1366556958458087	AbsRMS:	5.241923482285695e-07	Phi model:	0.0066505563873473
depth_vector,start_model,resistivity_model,conductivity_model,E/I[V/A],modelled_thickness,rhoa,sigma
0.0,18.0559,20.867372477405542,0.0479217017419306,8.410699041134297e-05,1.0,18.25045279591811,0.0547931610893325
1.0,18.0559,20.65944461214909,0.0484040117618619,5.478863009047027e-05,1.0,18.127690885238906,0.0551642239671178
2.0,18.0559,20.259425983087244,0.0493597400456858,3.76556662062348e-05,1.0,18.17131997127518,0.0550317754340784
3.0,18.0559,19.705977995967974,0.0507460223595403,2.3947517842932244e-05,1.0,18.188261367039264,0.0549805162692569
4.0,18.0559,19.053238551310944,0.0524845158111556,1.4493506077625986e-05,1.0,17.990524445646628,0.0555848164972189
5.0,18.0559,18.361481956312097,0.0544618349640472,9.491609191710538e-06,1.0,17.907406812402968,0.055842814678638
6.0,18.0559,17.688978956758135,0.0565323754663604,6.605206189222287e-06,1.5,17.875082093387356,0.0559437990144916
7.5,18.0559,17.12674048895996,0.0583882263320687,4.234187733011892e-06,1.5,17.843551168730453,0.056042656001818
9.0,18.0559,16.762222990313965,0.0596579582897715,2.5662360625276e-06,nan,17.709165421977357,0.0564679348897483
nan,nan,nan,nan,1.6798169246401466e-06,nan,17.650722659130352,0.0566549041255668
nan,nan,nan,nan,1.1743735567140697e-06,nan,17.602413871937827,0.056810390170079
nan,nan,nan,nan,7.55444177479907e-07,nan,17.571954603349234,0.0569088654377355
Name:	88.58667904100822_10_80_1
Lambda:	88.58667904100822	Maximal Depth:	10	Filter time:	10 to 80 [us]
Chi2:	0.3778717036191216	RelRMS:	3.127482622591029	AbsRMS:	5.262221282548463e-07	Phi model:	0.0063240889655397
depth_vector,start_model,resistivity_model,conductivity_model,E/I[V/A],modelled_thickness,rhoa,sigma
0.0,18.0559,20.76284257230811,0.0481629621048961,8.411656260850306e-05,1.0,18.24906820735434,0.0547973183418209
1.0,18.0559,20.57188613049193,0.0486100299047342,5.478673539336522e-05,1.0,18.128108824425944,0.0551629521692076
2.0,18.0559,20.203108132751773,0.0494973344412721,3.764964899312177e-05,1.0,18.17325602814776,0.0550259127176299
3.0,18.0559,19.689216151273254,0.0507892235179373,2.394088558213969e-05,1.0,18.19162029942392,0.0549703645711903
4.0,18.0559,19.07651538841016,0.0524204751045647,1.448861027838235e-05,1.0,17.99457696389685,0.0555722983655761
5.0,18.0559,18.417210090250112,0.0542970403823209,9.48798849242201e-06,1.0,17.911962271276554,0.0558286124576976
6.0,18.0559,17.762480425092363,0.0562984434644239,6.60243554658e-06,1.5,17.880082470513045,0.0559281536675879
7.5,18.0559,17.186056685295785,0.0581867043913331,4.232279252559768e-06,1.5,17.848914946768097,0.0560258146213571
9.0,18.0559,16.765912212211745,0.0596448309726704,2.565060526221439e-06,nan,17.71457560676059,0.0564506890934694
nan,nan,nan,nan,1.679039639735903e-06,nan,17.65616965458995,0.0566374258722665
nan,nan,nan,nan,1.173823270828752e-06,nan,17.60791475864164,0.0567926420423644
nan,nan,nan,nan,7.550886291154424e-07,nan,17.57747023800383,0.0568910080039802
Name:	112.88378916846884_10_80_1
Lambda:	112.88378916846884	Maximal Depth:	10	Filter time:	10 to 80 [us]
Chi2:	0.3767369899237728	RelRMS:	3.116026288370116	AbsRMS:	5.314413793157772e-07	Phi model:	0.0060544361934309
depth_vector,start_model,resistivity_model,conductivity_model,E/I[V/A],modelled_thickness,rhoa,sigma
0.0,18.0559,20.67124584022521,0.0483763778791721,8.413643894914771e-05,1.0,18.2461939950724,0.0548059502310488
1.0,18.0559,20.49429095022382,0.0487940764786048,5.479072341122595e-05,1.0,18.127229160931613,0.0551656290722705
2.0,18.0559,20.15139442510403,0.0496243574466603,3.764702832115583e-05,1.0,18.174099398655127,0.0550233592358364
3.0,18.0559,19.670536078831013,0.050837455369413,2.3935795620267182e-05,1.0,18.19419918096697,0.0549625729637006
4.0,18.0559,19.091731838795432,0.0523786950520615,1.448416740801626e-05,1.0,17.998256544221345,0.0555609371131598
5.0,18.0559,18.46061792872592,0.0541693676701869,9.48438336125413e-06,1.0,17.91650102238183,0.0558144695077889
6.0,18.0559,17.822525265108542,0.0561087716316899,6.599506998073343e-06,1.5,17.885371634983137,0.0559116142738704
7.5,18.0559,17.23725919357375,0.0580138633857064,4.230133817527346e-06,1.5,17.854949499942958,0.0560068792131389
9.0,18.0559,16.775220332118494,0.0596117356554394,2.5636526584444137e-06,nan,17.72106049411598,0.0564300313929877
nan,nan,nan,nan,1.678061835372252e-06,nan,17.66302780612262,0.0566154348493617
nan,nan,nan,nan,1.1731055935363367e-06,nan,17.615095420824712,0.0567694909456914
nan,nan,nan,nan,7.546044269691753e-07,nan,17.584988648591388,0.0568666844195036
Name:	143.8449888287663_10_80_1
Lambda:	143.8449888287663	Maximal Depth:	10	Filter time:	10 to 80 [us]
Chi2:	0.3761848916056213	RelRMS:	3.102089662038755	AbsRMS:	5.399516957551519e-07	Phi model:	0.0058068519652899
depth_vector,start_model,resistivity_model,conductivity_model,E/I[V/A],modelled_thickness,rhoa,sigma
0.0,18.0559,20.587983052045107,0.0485720236640988,8.41670642433483e-05,1.0,18.24176764804355,0.0548192488411204
1.0,18.0559,20.42280493407136,0.0489648705566246,5.480049646296264e-05,1.0,18.125073905341072,0.055172188826514
2.0,18.0559,20.101779743412465,0.0497468389746788,3.764750873065428e-05,1.0,18.173944788538986,0.0550238273327774
3.0,18.0559,19.649101629243063,0.0508929119951079,2.3931919105718344e-05,1.0,18.196163870149565,0.0549566385055742
4.0,18.0559,19.0996998810828,0.0523568436271841,1.44799279507397e-05,1.0,18.00176941238249,0.0555500949430088
5.0,18.0559,18.49383599240033,0.0540720703055293,9.480605579250734e-06,1.0,17.921260221939512,0.0557996473247893
6.0,18.0559,17.871992911046384,0.0559534689263398,6.596274637171082e-06,1.5,17.89121404943872,0.0558933562158892
7.5,18.0559,17.282793471242634,0.0578610166038222,4.227649076679479e-06,1.5,17.861944810556526,0.0559849451224926
9.0,18.0559,16.790478247191714,0.0595575650245254,2.561947756953772e-06,nan,17.728921521575778,0.0564050102417689
nan,nan,nan,nan,1.6768398245801329e-06,nan,17.67160814854091,0.05658794556751
nan,nan,nan,nan,1.1721891252786806e-06,nan,17.624275721485393,0.0567399203123519
nan,nan,nan,nan,7.539708832815045e-07,nan,17.594838099591573,0.0568348509000041
Name:	183.29807108324357_10_80_1
Lambda:	183.2980710832436	Maximal Depth:	10	Filter time:	10 to 80 [us]
Chi2:	0.3763928975794027	RelRMS:	3.085592488061465	AbsRMS:	5.519774466380988e-07	Phi model:	0.005557104338298
depth_vector,start_model,resistivity_model,conductivity_model,E/I[V/A],modelled_thickness,rhoa,sigma
0.0,18.0559,20.50902972719828,0.0487590107041406,8.420922665798866e-05,1.0,18.235678203159413,0.0548375546475011
1.0,18.0559,20.35402101715071,0.0491303413294788,5.481614091264125e-05,1.0,18.121625160848307,0.0551826887005971
2.0,18.0559,20.05198711766348,0.0498703691625213,3.7650891580847285e-05,1.0,18.17285617946533,0.055027123426529
3.0,18.0559,19.624052332293218,0.0509578747073766,2.39289616768185e-05,1.0,18.19766310646383,0.0549521108369568
4.0,18.0559,19.10098695601812,0.0523533156848176,1.4475643169907167e-05,1.0,18.005321578407134,0.0555391357852363
5.0,18.0559,18.51860873096927,0.053999736941775,9.476455761017971e-06,1.0,17.926491752058908,0.0557833631828797
6.0,18.0559,17.91334847933371,0.0558242922116812,6.592577777579933e-06,1.5,17.89790188622036,0.0558724707709959
7.5,18.0559,17.324846766466667,0.0577205682381885,4.224707624768042e-06,1.5,17.87023476596856,0.0559589738521155
9.0,18.0559,16.812271377240574,0.0594803627399055,2.5598684069305413e-06,nan,17.738520880745046,0.0563744861661768
nan,nan,nan,nan,1.6753196455762878e-06,nan,17.6822966348298,0.0565537396330205
nan,nan,nan,nan,1.171034186821064e-06,nan,17.63586183892489,0.0567026442559702
nan,nan,nan,nan,7.531611436863074e-07,nan,17.607446897855443,0.0567941511226024
Name:	233.57214690901213_10_80_1
Lambda:	233.57214690901213	Maximal Depth:	10	Filter time:	10 to 80 [us]
Chi2:	0.3777695261923921	RelRMS:	3.0668929186151	AbsRMS:	5.67958367013022e-07	Phi model:	0.0052884456769679
depth_vector,start_model,resistivity_model,conductivity_model,E/I[V/A],modelled_thickness,rhoa,sigma
0.0,18.0559,20.43080806413684,0.0489456901000086,8.426434229500471e-05,1.0,18.22772560548684,0.0548614797942198
1.0,18.0559,20.284877200401745,0.0492978089105806,5.483814527348516e-05,1.0,18.11677717958413,0.0551974553800277
2.0,18.0559,19.999901035072508,0.0500002474135429,3.765724729284628e-05,1.0,18.170811337323144,0.0550333158732424
3.0,18.0559,19.59447562408917,0.0510347926213761,2.392679103811238e-05,1.0,18.19876368460132,0.0549487875841884
4.0,18.0559,19.09591603248449,0.052367218116108,1.4471153831898736e-05,1.0,18.009045206652146,0.0555276522727935
5.0,18.0559,18.536309155006528,0.0539481722945857,9.471788021392092e-06,1.0,17.93238077213639,0.0557650438448092
6.0,18.0559,17.94864197594434,0.055714521540975,6.588289915012189e-06,1.5,17.90566671567817,0.0558482415583219
7.5,18.0559,17.365339443296076,0.0575859748244686,4.221211445694275e-06,1.5,17.880100641425088,0.0559280968297892
9.0,18.0559,16.84125287134877,0.0593780051661864,2.5573472275054457e-06,nan,17.750177399490312,0.0563374651133748
nan,nan,nan,nan,1.6734529710917673e-06,nan,17.695443487157505,0.0565117229599671
nan,nan,nan,nan,1.1696045208210471e-06,nan,17.65023037563618,0.0566564842904469
nan,nan,nan,nan,7.521501544773634e-07,nan,17.623221189094927,0.0567433154966465
Name:	297.63514416313194_10_80_1
Lambda:	297.63514416313194	Maximal Depth:	10	Filter time:	10 to 80 [us]
Chi2:	0.380938240027632	RelRMS:	3.0467638492100244	AbsRMS:	5.884205098234697e-07	Phi model:	0.0049894001875063
depth_vector,start_model,resistivity_model,conductivity_model,E/I[V/A],modelled_thickness,rhoa,sigma
0.0,18.0559,20.35019126961905,0.049139587277143,8.433404512821305e-05,1.0,18.217680637316093,0.0548917296283949
1.0,18.0559,20.21267279234617,0.0494739122467101,5.486712977240401e-05,1.0,18.110396286272245,0.0552169032743918
2.0,18.0559,19.943610022149503,0.0501413735471859,3.766672754009817e-05,1.0,18.167762297805364,0.0550425519449249
3.0,18.0559,19.55947345540448,0.0511261206637283,2.3925316340838543e-05,1.0,18.19951149474845,0.0549465297619968
4.0,18.0559,19.08464814350901,0.0523981365797469,1.4466316814634013e-05,1.0,18.0130593686539,0.0555152780843096
5.0,18.0559,18.548022890303493,0.0539141021074962,9.466461742039166e-06,1.0,17.939106545547148,0.0557441362790846
6.0,18.0559,17.979593062057422,0.0556186114195383,6.583285069434637e-06,1.5,17.914740579258954,0.0558199542759644
7.5,18.0559,17.405971067439562,0.0574515490187529,4.2170602949312585e-06,1.5,17.891832482470367,0.0558914242562776
9.0,18.0559,16.87820603869192,0.059248002880613,2.554313773531276e-06,nan,17.764227799232437,0.0562929056811131
nan,nan,nan,nan,1.6711885398369376e-06,nan,17.7114245572122,0.0564607322674558
nan,nan,nan,nan,1.1678613048203983e-06,nan,17.667789832150497,0.0566001752058583
nan,nan,nan,nan,7.509108160502023e-07,nan,17.642606652922847,0.0566809666889178
Name:	379.26901907322497_10_80_1
Lambda:	379.26901907322497	Maximal Depth:	10	Filter time:	10 to 80 [us]
Chi2:	0.386791046291316	RelRMS:	3.026597391336373	AbsRMS:	6.139440206610837e-07	Phi model:	0.0046529862144503
depth_vector,start_model,resistivity_model,conductivity_model,E/I[V/A],modelled_thickness,rhoa,sigma
0.0,18.0559,20.264518442747377,0.0493473359766857,8.442007719643758e-05,1.0,18.205301504124414,0.0549290545819002
1.0,18.0559,20.13509465886744,0.0496645293673652,5.490380445603779e-05,1.0,18.102330457592213,0.0552415061885357
2.0,18.0559,19.881448007069736,0.0502981472800374,3.767955622623827e-05,1.0,18.163638368348103,0.0550550489786559
3.0,18.0559,19.518218230979787,0.0512341848095937,2.39244978517794e-05,1.0,18.19992657879599,0.0549452766015583
4.0,18.0559,19.067244120173086,0.052445964067875,1.4461020286925952e-05,1.0,18.017457437537423,0.0555017267817493
5.0,18.0559,18.554603519930687,0.0538949807753011,9.46035677663824e-06,1.0,17.94682336861881,0.0557201672664013
6.0,18.0559,18.007624736129557,0.0555320323836853,6.577451542288298e-06,1.5,17.925331376540093,0.0557869742541416
7.5,18.0559,17.44821177803703,0.0573124634616569,4.2121629371124045e-06,1.5,17.905698001031368,0.0558481439786597
9.0,18.0559,16.92394472196806,0.0590878791220556,2.5507027941465754e-06,nan,17.780989489365346,0.056239839779338
nan,nan,nan,nan,1.6684783500188524e-06,nan,17.730599049038737,0.0563996736508581
nan,nan,nan,nan,1.1657679299201397e-06,nan,17.68893426209447,0.0565325183068204
nan,nan,nan,nan,7.494173961550083e-07,nan,17.666037366592615,0.0566057899261014
Name:	483.2930238571752_10_80_1
Lambda:	483.2930238571752	Maximal Depth:	10	Filter time:	10 to 80 [us]
Chi2:	0.3965202262350888	RelRMS:	3.008585094261023	AbsRMS:	6.451116314274051e-07	Phi model:	0.0042766973884899
depth_vector,start_model,resistivity_model,conductivity_model,E/I[V/A],modelled_thickness,rhoa,sigma
0.0,18.0559,20.171669578461746,0.0495744785085984,8.452412191425738e-05,1.0,18.19035859606802,0.0549741773763688
1.0,18.0559,20.05029593390336,0.0498745755821531,5.494890371021885e-05,1.0,18.09242412322225,0.055271753148682
2.0,18.0559,19.812077959416268,0.0504742613091082,3.7696012869127726e-05,1.0,18.15835161535332,0.0550710781013005
3.0,18.0559,19.470037321013702,0.0513609698590929,2.392435805479817e-05,1.0,18.199997477035925,0.0549450625617812
4.0,18.0559,19.043740998568143,0.0525106910493682,1.4455203114170753e-05,1.0,18.02229092820368,0.0554868414888956
5.0,18.0559,18.556728817418584,0.0538888081966975,9.453393265652596e-06,1.0,17.95563555279972,0.0556928211791464
6.0,18.0559,18.033884166603688,0.0554511712929744,6.570709985574693e-06,1.5,17.93759022257137,0.0557488485126431
7.5,18.0559,17.49326865469068,0.0571648455036936,4.206451951678014e-06,1.5,17.921901055532313,0.0557976520962495
9.0,18.0559,16.97917948036444,0.0588956610745795,2.54646509826724e-06,nan,17.800710825773876,0.0561775318855293
nan,nan,nan,nan,1.6652857989057462e-06,nan,17.753252927218163,0.0563277053562878
nan,nan,nan,nan,1.163296277253828e-06,nan,17.713981153821106,0.0564525834885112
nan,nan,nan,nan,7.476500074250747e-07,nan,17.6938672036948,0.0565167573876208
Name:	615.8482110660261_10_80_1
Lambda:	615.8482110660261	Maximal Depth:	10	Filter time:	10 to 80 [us]
Chi2:	0.4115943314361989	RelRMS:	2.9957718002307283	AbsRMS:	6.824132379691442e-07	Phi model:	0.0038627971893154
depth_vector,start_model,resistivity_model,conductivity_model,E/I[V/A],modelled_thickness,rhoa,sigma
0.0,18.0559,20.07019911844515,0.0498251160388821,8.464750952474202e-05,1.0,18.17267734727213,0.0550276649329334
1.0,18.0559,19.95702829711125,0.0501076605751342,5.500304655724083e-05,1.0,18.080549191528963,0.055308054495851
2.0,18.0559,19.73461974968817,0.0506723723428114,3.7716370621823686e-05,1.0,18.151816937558984,0.0550909037613111
3.0,18.0559,19.414529733207136,0.0515078147007379,2.392496781226461e-05,1.0,18.199688242722555,0.0549459961436354
4.0,18.0559,19.014247275397818,0.0525921423823009,1.4448861063122443e-05,1.0,18.02756423561514,0.0554706108340696
5.0,18.0559,18.554962119435658,0.0538939391825831,9.445543811237886e-06,1.0,17.96558186059003,0.0556619878921727
6.0,18.0559,18.059257945693872,0.0553732607954937,6.563026751389911e-06,1.5,17.951586999284274,0.0557053813704531
7.5,18.0559,17.54203229450106,0.0570059376936315,4.199895928530964e-06,1.5,17.94054689069386,0.0557396608973342
9.0,18.0559,17.0443757379298,0.0586703799174436,2.54157704656372e-06,nan,17.823526824585528,0.0561056187050821
nan,nan,nan,nan,1.6615930320329846e-06,nan,17.779546716287047,0.0562444035248629
nan,nan,nan,nan,1.160432503808037e-06,nan,17.74311281311937,0.0563598964022025
nan,nan,nan,nan,7.455988136092523e-07,nan,17.726303709429164,0.0564133401069998
Name:	784.7599703514607_10_80_1
Lambda:	784.7599703514607	Maximal Depth:	10	Filter time:	10 to 80 [us]
Chi2:	0.4336588997859342	RelRMS:	2.9919163691206405	AbsRMS:	7.261339249770322e-07	Phi model:	0.003418602962883
depth_vector,start_model,resistivity_model,conductivity_model,E/I[V/A],modelled_thickness,rhoa,sigma
0.0,18.0559,19.959494377308044,0.0501014695611177,8.479088250875644e-05,1.0,18.152186104820803,0.0550897833586238
1.0,18.0559,19.85479633783096,0.050365663942602,5.506658033786917e-05,1.0,18.066639403957613,0.0553506370299804
2.0,18.0559,19.648794876654552,0.0508937065238609,3.774082886546073e-05,1.0,18.14397380426606,0.0551147180208603
3.0,18.0559,19.351692994068884,0.0516750653447473,2.3926433338196107e-05,1.0,18.198945065027853,0.0549482399351629
4.0,18.0559,18.979041054057017,0.0526897010840406,1.444205568351662e-05,1.0,18.03322708525744,0.0554531917816041
5.0,18.0559,18.54980912583456,0.0539089105023343,9.436848574852515e-06,1.0,17.976615982126283,0.0556278223328726
6.0,18.0559,18.08437447946075,0.0552963554883109,6.55442996535517e-06,1.5,17.967280429757682,0.0556567257860452
7.5,18.0559,17.595004236668487,0.0568343142490396,4.192513897246686e-06,1.5,17.96160010550535,0.0556743271270967
9.0,18.0559,17.119584113089854,0.0584126339398272,2.5360516506378115e-06,nan,17.84940598098789,0.056024273360421
nan,nan,nan,nan,1.6574094771575951e-06,nan,17.809453006242972,0.0561499558492592
nan,nan,nan,nan,1.1571837310683889e-06,nan,17.776306275930654,0.056254656309225
nan,nan,nan,nan,7.432688692646891e-07,nan,17.76332912041936,0.0562957536405986
Name:	1000.0_10_80_1
Lambda:	1000	Maximal Depth:	10	Filter time:	10 to 80 [us]
Chi2:	0.4643354499068461	RelRMS:	3.001051572964062	AbsRMS:	7.762322410237848e-07	Phi model:	0.0029563025164623
depth_vector,start_model,resistivity_model,conductivity_model,E/I[V/A],modelled_thickness,rhoa,sigma
0.0,18.0559,19.83991745757335,0.0504034355051349,8.495384219388482e-05,1.0,18.12896548708056,0.0551603455096564
1.0,18.0559,19.743995870694047,0.0506483088098846,5.5139410076845766e-05,1.0,18.05072727074672,0.0553994298955818
2.0,18.0559,19.55505620740083,0.0511376694290215,3.776943444880275e-05,1.0,18.13481146617115,0.0551425638951587
3.0,18.0559,19.2820368879518,0.0518617408425787,2.392887460280608e-05,1.0,18.19770725236451,0.0549519775283815
4.0,18.0559,18.938657696931244,0.0528020526059793,1.4434917012910813e-05,1.0,18.03917205234305,0.0554349166967512
5.0,18.0559,18.541767384875754,0.0539322913098179,9.427425727816644e-06,1.0,17.988592577641988,0.0555907859763803
6.0,18.0559,18.10960230228069,0.0552193241634059,6.5450219864255205e-06,1.5,17.98449405418418,0.0556034546752982
7.5,18.0559,17.6522242633863,0.0566500847190214,4.184387128600349e-06,1.5,17.98484884027045,0.0556023577891223
9.0,18.0559,17.20427633956097,0.0581250835700956,2.529947871534618e-06,nan,17.87810356031939,0.0559343443014565
nan,nan,nan,nan,1.652779081590802e-06,nan,17.84270058531113,0.0560453276239608
nan,nan,nan,nan,1.153583758281207e-06,nan,17.81326991505954,0.0561379244107556
nan,nan,nan,nan,7.406842774321804e-07,nan,17.8046281347749,0.0561651719109404
Name:	200_10_80_1
Lambda:	200	Maximal Depth:	10	Filter time:	10 to 80 [us]
Chi2:	0.3767246278434894	RelRMS:	3.0790837215582463	AbsRMS:	5.57242566296785e-07	Phi model:	0.0054633119430322
depth_vector,start_model,resistivity_model,conductivity_model,E/I[V/A],modelled_thickness,rhoa,sigma
0.0,18.0559,20.48097643839592,0.0488257971004394,8.422747321532282e-05,1.0,18.23304445948037,0.0548454758733418
1.0,18.0559,20.3293354825194,0.0491899993907755,5.48232883109375e-05,1.0,18.1200500967798,0.0551874853909876
2.0,18.0559,20.033616991984964,0.0499160985457633,3.7652824348209294e-05,1.0,18.17223428359776,0.0550290065819038
3.0,18.0559,19.613981217442497,0.0509840398496308,2.3928092114046217e-05,1.0,18.198103980575688,0.0549507795464506
4.0,18.0559,19.09988446685318,0.0523563376383478,1.4474057036837571e-05,1.0,18.006636957794115,0.0555350786681548
5.0,18.0559,18.52573023828856,0.0539789788114922,9.474841897162817e-06,1.0,17.928527324870707,0.0557770296399518
6.0,18.0559,17.926649533040408,0.0557828722069291,6.5911085786524685e-06,1.5,17.900561489546085,0.0558641694331208
7.5,18.0559,17.33950265085372,0.0576717810271659,4.223518060391264e-06,1.5,17.873590072550744,0.0559484689948072
9.0,18.0559,16.821835601296705,0.0594465445805994,2.559015339491629e-06,nan,17.742462843299204,0.056361961066621
nan,nan,nan,nan,1.674690237418106e-06,nan,17.686726781368296,0.0565395741315701
nan,nan,nan,nan,1.1705531930892866e-06,nan,17.640692693380547,0.0566871163951083
nan,nan,nan,nan,7.528217992202549e-07,nan,17.61273769476366,0.0567770903837002
Name:	200_10_80_2
Lambda:	200	Maximal Depth:	10	Filter time:	10 to 80 [us]
Chi2:	0.3767246278434894	RelRMS:	3.0790837215582463	AbsRMS:	5.57242566296785e-07	Phi model:	0.0054633119430322
depth_vector,start_model,resistivity_model,conductivity_model,E/I[V/A],modelled_thickness,rhoa,sigma
0.0,18.0559,20.48097643839592,0.0488257971004394,8.422747321532282e-05,1.0,18.23304445948037,0.0548454758733418
1.0,18.0559,20.3293354825194,0.0491899993907755,5.48232883109375e-05,1.0,18.1200500967798,0.0551874853909876
2.0,18.0559,20.033616991984964,0.0499160985457633,3.7652824348209294e-05,1.0,18.17223428359776,0.0550290065819038
3.0,18.0559,19.613981217442497,0.0509840398496308,2.3928092114046217e-05,1.0,18.198103980575688,0.0549507795464506
4.0,18.0559,19.09988446685318,0.0523563376383478,1.4474057036837571e-05,1.0,18.006636957794115,0.0555350786681548
5.0,18.0559,18.52573023828856,0.0539789788114922,9.474841897162817e-06,1.0,17.928527324870707,0.0557770296399518
6.0,18.0559,17.926649533040408,0.0557828722069291,6.5911085786524685e-06,1.5,17.900561489546085,0.0558641694331208
7.5,18.0559,17.33950265085372,0.0576717810271659,4.223518060391264e-06,1.5,17.873590072550744,0.0559484689948072
9.0,18.0559,16.821835601296705,0.0594465445805994,2.559015339491629e-06,nan,17.742462843299204,0.056361961066621
nan,nan,nan,nan,1.674690237418106e-06,nan,17.686726781368296,0.0565395741315701
nan,nan,nan,nan,1.1705531930892866e-06,nan,17.640692693380547,0.0566871163951083
nan,nan,nan,nan,7.528217992202549e-07,nan,17.61273769476366,0.0567770903837002
Name:	200_10_80_3
Lambda:	200	Maximal Depth:	10	Filter time:	10 to 80 [us]
Chi2:	0.3767246278434894	RelRMS:	3.0790837215582463	AbsRMS:	5.57242566296785e-07	Phi model:	0.0054633119430322
depth_vector,start_model,resistivity_model,conductivity_model,E/I[V/A],modelled_thickness,rhoa,sigma
0.0,18.0559,20.48097643839592,0.0488257971004394,8.422747321532282e-05,1.0,18.23304445948037,0.0548454758733418
1.0,18.0559,20.3293354825194,0.0491899993907755,5.48232883109375e-05,1.0,18.1200500967798,0.0551874853909876
2.0,18.0559,20.033616991984964,0.0499160985457633,3.7652824348209294e-05,1.0,18.17223428359776,0.0550290065819038
3.0,18.0559,19.613981217442497,0.0509840398496308,2.3928092114046217e-05,1.0,18.198103980575688,0.0549507795464506
4.0,18.0559,19.09988446685318,0.0523563376383478,1.4474057036837571e-05,1.0,18.006636957794115,0.0555350786681548
5.0,18.0559,18.52573023828856,0.0539789788114922,9.474841897162817e-06,1.0,17.928527324870707,0.0557770296399518
6.0,18.0559,17.926649533040408,0.0557828722069291,6.5911085786524685e-06,1.5,17.900561489546085,0.0558641694331208
7.5,18.0559,17.33950265085372,0.0576717810271659,4.223518060391264e-06,1.5,17.873590072550744,0.0559484689948072
9.0,18.0559,16.821835601296705,0.0594465445805994,2.559015339491629e-06,nan,17.742462843299204,0.056361961066621
nan,nan,nan,nan,1.674690237418106e-06,nan,17.686726781368296,0.0565395741315701
nan,nan,nan,nan,1.1705531930892866e-06,nan,17.640692693380547,0.0566871163951083
nan,nan,nan,nan,7.528217992202549e-07,nan,17.61273769476366,0.0567770903837002
Name:	200_10_80_4
Lambda:	200	Maximal Depth:	10	Filter time:	10 to 80 [us]
Chi2:	0.3767246278434894	RelRMS:	3.0790837215582463	AbsRMS:	5.57242566296785e-07	Phi model:	0.0054633119430322
depth_vector,start_model,resistivity_model,conductivity_model,E/I[V/A],modelled_thickness,rhoa,sigma
0.0,18.0559,20.48097643839592,0.0488257971004394,8.422747321532282e-05,1.0,18.23304445948037,0.0548454758733418
1.0,18.0559,20.3293354825194,0.0491899993907755,5.48232883109375e-05,1.0,18.1200500967798,0.0551874853909876
2.0,18.0559,20.033616991984964,0.0499160985457633,3.7652824348209294e-05,1.0,18.17223428359776,0.0550290065819038
3.0,18.0559,19.613981217442497,0.0509840398496308,2.3928092114046217e-05,1.0,18.198103980575688,0.0549507795464506
4.0,18.0559,19.09988446685318,0.0523563376383478,1.4474057036837571e-05,1.0,18.006636957794115,0.0555350786681548
5.0,18.0559,18.52573023828856,0.0539789788114922,9.474841897162817e-06,1.0,17.928527324870707,0.0557770296399518
6.0,18.0559,17.926649533040408,0.0557828722069291,6.5911085786524685e-06,1.5,17.900561489546085,0.0558641694331208
7.5,18.0559,17.33950265085372,0.0576717810271659,4.223518060391264e-06,1.5,17.873590072550744,0.0559484689948072
9.0,18.0559,16.821835601296705,0.0594465445805994,2.559015339491629e-06,nan,17.742462843299204,0.056361961066621
nan,nan,nan,nan,1.674690237418106e-06,nan,17.686726781368296,0.0565395741315701
nan,nan,nan,nan,1.1705531930892866e-06,nan,17.640692693380547,0.0566871163951083
nan,nan,nan,nan,7.528217992202549e-07,nan,17.61273769476366,0.0567770903837002
Name:	200_10_80_5
Lambda:	200	Maximal Depth:	10	Filter time:	10 to 80 [us]
Chi2:	0.3767246278434894	RelRMS:	3.0790837215582463	AbsRMS:	5.57242566296785e-07	Phi model:	0.0054633119430322
depth_vector,start_model,resistivity_model,conductivity_model,E/I[V/A],modelled_thickness,rhoa,sigma
0.0,18.0559,20.48097643839592,0.0488257971004394,8.422747321532282e-05,1.0,18.23304445948037,0.0548454758733418
1.0,18.0559,20.3293354825194,0.0491899993907755,5.48232883109375e-05,1.0,18.1200500967798,0.0551874853909876
2.0,18.0559,20.033616991984964,0.0499160985457633,3.7652824348209294e-05,1.0,18.17223428359776,0.0550290065819038
3.0,18.0559,19.613981217442497,0.0509840398496308,2.3928092114046217e-05,1.0,18.198103980575688,0.0549507795464506
4.0,18.0559,19.09988446685318,0.0523563376383478,1.4474057036837571e-05,1.0,18.006636957794115,0.0555350786681548
5.0,18.0559,18.52573023828856,0.0539789788114922,9.474841897162817e-06,1.0,17.928527324870707,0.0557770296399518
6.0,18.0559,17.926649533040408,0.0557828722069291,6.5911085786524685e-06,1.5,17.900561489546085,0.0558641694331208
7.5,18.0559,17.33950265085372,0.0576717810271659,4.223518060391264e-06,1.5,17.873590072550744,0.0559484689948072
9.0,18.0559,16.821835601296705,0.0594465445805994,2.559015339491629e-06,nan,17.742462843299204,0.056361961066621
nan,nan,nan,nan,1.674690237418106e-06,nan,17.686726781368296,0.0565395741315701
nan,nan,nan,nan,1.1705531930892866e-06,nan,17.640692693380547,0.0566871163951083
nan,nan,nan,nan,7.528217992202549e-07,nan,17.61273769476366,0.0567770903837002
Name:	200_10_80_6
Lambda:	200	Maximal Depth:	10	Filter time:	10 to 80 [us]
Chi2:	0.3767246278434894	RelRMS:	3.0790837215582463	AbsRMS:	5.57242566296785e-07	Phi model:	0.0054633119430322
depth_vector,start_model,resistivity_model,conductivity_model,E/I[V/A],modelled_thickness,rhoa,sigma
0.0,18.0559,20.48097643839592,0.0488257971004394,8.422747321532282e-05,1.0,18.23304445948037,0.0548454758733418
1.0,18.0559,20.3293354825194,0.0491899993907755,5.48232883109375e-05,1.0,18.1200500967798,0.0551874853909876
2.0,18.0559,20.033616991984964,0.0499160985457633,3.7652824348209294e-05,1.0,18.17223428359776,0.0550290065819038
3.0,18.0559,19.613981217442497,0.0509840398496308,2.3928092114046217e-05,1.0,18.198103980575688,0.0549507795464506
4.0,18.0559,19.09988446685318,0.0523563376383478,1.4474057036837571e-05,1.0,18.006636957794115,0.0555350786681548
5.0,18.0559,18.52573023828856,0.0539789788114922,9.474841897162817e-06,1.0,17.928527324870707,0.0557770296399518
6.0,18.0559,17.926649533040408,0.0557828722069291,6.5911085786524685e-06,1.5,17.900561489546085,0.0558641694331208
7.5,18.0559,17.33950265085372,0.0576717810271659,4.223518060391264e-06,1.5,17.873590072550744,0.0559484689948072
9.0,18.0559,16.821835601296705,0.0594465445805994,2.559015339491629e-06,nan,17.742462843299204,0.056361961066621
nan,nan,nan,nan,1.674690237418106e-06,nan,17.686726781368296,0.0565395741315701
nan,nan,nan,nan,1.1705531930892866e-06,nan,17.640692693380547,0.0566871163951083
nan,nan,nan,nan,7.528217992202549e-07,nan,17.61273769476366,0.0567770903837002
Name:	200_10_80_7
Lambda:	200	Maximal Depth:	10	Filter time:	10 to 80 [us]
Chi2:	0.3767246278434894	RelRMS:	3.0790837215582463	AbsRMS:	5.57242566296785e-07	Phi model:	0.0054633119430322
depth_vector,start_model,resistivity_model,conductivity_model,E/I[V/A],modelled_thickness,rhoa,sigma
0.0,18.0559,20.48097643839592,0.0488257971004394,8.422747321532282e-05,1.0,18.23304445948037,0.0548454758733418
1.0,18.0559,20.3293354825194,0.0491899993907755,5.48232883109375e-05,1.0,18.1200500967798,0.0551874853909876
2.0,18.0559,20.033616991984964,0.0499160985457633,3.7652824348209294e-05,1.0,18.17223428359776,0.0550290065819038
3.0,18.0559,19.613981217442497,0.0509840398496308,2.3928092114046217e-05,1.0,18.198103980575688,0.0549507795464506
4.0,18.0559,19.09988446685318,0.0523563376383478,1.4474057036837571e-05,1.0,18.006636957794115,0.0555350786681548
5.0,18.0559,18.52573023828856,0.0539789788114922,9.474841897162817e-06,1.0,17.928527324870707,0.0557770296399518
6.0,18.0559,17.926649533040408,0.0557828722069291,6.5911085786524685e-06,1.5,17.900561489546085,0.0558641694331208
7.5,18.0559,17.33950265085372,0.0576717810271659,4.223518060391264e-06,1.5,17.873590072550744,0.0559484689948072
9.0,18.0559,16.821835601296705,0.0594465445805994,2.559015339491629e-06,nan,17.742462843299204,0.056361961066621
nan,nan,nan,nan,1.674690237418106e-06,nan,17.686726781368296,0.0565395741315701
nan,nan,nan,nan,1.1705531930892866e-06,nan,17.640692693380547,0.0566871163951083
nan,nan,nan,nan,7.528217992202549e-07,nan,17.61273769476366,0.0567770903837002
Name:	200_10_80_8
Lambda:	200	Maximal Depth:	10	Filter time:	10 to 80 [us]
Chi2:	0.3767246278434894	RelRMS:	3.0790837215582463	AbsRMS:	5.57242566296785e-07	Phi model:	0.0054633119430322
depth_vector,start_model,resistivity_model,conductivity_model,E/I[V/A],modelled_thickness,rhoa,sigma
0.0,18.0559,20.48097643839592,0.0488257971004394,8.422747321532282e-05,1.0,18.23304445948037,0.0548454758733418
1.0,18.0559,20.3293354825194,0.0491899993907755,5.48232883109375e-05,1.0,18.1200500967798,0.0551874853909876
2.0,18.0559,20.033616991984964,0.0499160985457633,3.7652824348209294e-05,1.0,18.17223428359776,0.0550290065819038
3.0,18.0559,19.613981217442497,0.0509840398496308,2.3928092114046217e-05,1.0,18.198103980575688,0.0549507795464506
4.0,18.0559,19.09988446685318,0.0523563376383478,1.4474057036837571e-05,1.0,18.006636957794115,0.0555350786681548
5.0,18.0559,18.52573023828856,0.0539789788114922,9.474841897162817e-06,1.0,17.928527324870707,0.0557770296399518
6.0,18.0559,17.926649533040408,0.0557828722069291,6.5911085786524685e-06,1.5,17.900561489546085,0.0558641694331208
7.5,18.0559,17.33950265085372,0.0576717810271659,4.223518060391264e-06,1.5,17.873590072550744,0.0559484689948072
9.0,18.0559,16.821835601296705,0.0594465445805994,2.559015339491629e-06,nan,17.742462843299204,0.056361961066621
nan,nan,nan,nan,1.674690237418106e-06,nan,17.686726781368296,0.0565395741315701
nan,nan,nan,nan,1.1705531930892866e-06,nan,17.640692693380547,0.0566871163951083
nan,nan,nan,nan,7.528217992202549e-07,nan,17.61273769476366,0.0567770903837002
Name:	200_10_80_9
Lambda:	200	Maximal Depth:	10	Filter time:	10 to 80 [us]
Chi2:	0.3767246278434894	RelRMS:	3.0790837215582463	AbsRMS:	5.57242566296785e-07	Phi model:	0.0054633119430322
depth_vector,start_model,resistivity_model,conductivity_model,E/I[V/A],modelled_thickness,rhoa,sigma
0.0,18.0559,20.48097643839592,0.0488257971004394,8.422747321532282e-05,1.0,18.23304445948037,0.0548454758733418
1.0,18.0559,20.3293354825194,0.0491899993907755,5.48232883109375e-05,1.0,18.1200500967798,0.0551874853909876
2.0,18.0559,20.033616991984964,0.0499160985457633,3.7652824348209294e-05,1.0,18.17223428359776,0.0550290065819038
3.0,18.0559,19.613981217442497,0.0509840398496308,2.3928092114046217e-05,1.0,18.198103980575688,0.0549507795464506
4.0,18.0559,19.09988446685318,0.0523563376383478,1.4474057036837571e-05,1.0,18.006636957794115,0.0555350786681548
5.0,18.0559,18.52573023828856,0.0539789788114922,9.474841897162817e-06,1.0,17.928527324870707,0.0557770296399518
6.0,18.0559,17.926649533040408,0.0557828722069291,6.5911085786524685e-06,1.5,17.900561489546085,0.0558641694331208
7.5,18.0559,17.33950265085372,0.0576717810271659,4.223518060391264e-06,1.5,17.873590072550744,0.0559484689948072
9.0,18.0559,16.821835601296705,0.0594465445805994,2.559015339491629e-06,nan,17.742462843299204,0.056361961066621
nan,nan,nan,nan,1.674690237418106e-06,nan,17.686726781368296,0.0565395741315701
nan,nan,nan,nan,1.1705531930892866e-06,nan,17.640692693380547,0.0566871163951083
nan,nan,nan,nan,7.528217992202549e-07,nan,17.61273769476366,0.0567770903837002
Name:	200_10_80_10
Lambda:	200	Maximal Depth:	10	Filter time:	10 to 80 [us]
Chi2:	0.3767246278434894	RelRMS:	3.0790837215582463	AbsRMS:	5.57242566296785e-07	Phi model:	0.0054633119430322
depth_vector,start_model,resistivity_model,conductivity_model,E/I[V/A],modelled_thickness,rhoa,sigma
0.0,18.0559,20.48097643839592,0.0488257971004394,8.422747321532282e-05,1.0,18.23304445948037,0.0548454758733418
1.0,18.0559,20.3293354825194,0.0491899993907755,5.48232883109375e-05,1.0,18.1200500967798,0.0551874853909876
2.0,18.0559,20.033616991984964,0.0499160985457633,3.7652824348209294e-05,1.0,18.17223428359776,0.0550290065819038
3.0,18.0559,19.613981217442497,0.0509840398496308,2.3928092114046217e-05,1.0,18.198103980575688,0.0549507795464506
4.0,18.0559,19.09988446685318,0.0523563376383478,1.4474057036837571e-05,1.0,18.006636957794115,0.0555350786681548
5.0,18.0559,18.52573023828856,0.0539789788114922,9.474841897162817e-06,1.0,17.928527324870707,0.0557770296399518
6.0,18.0559,17.926649533040408,0.0557828722069291,6.5911085786524685e-06,1.5,17.900561489546085,0.0558641694331208
7.5,18.0559,17.33950265085372,0.0576717810271659,4.223518060391264e-06,1.5,17.873590072550744,0.0559484689948072
9.0,18.0559,16.821835601296705,0.0594465445805994,2.559015339491629e-06,nan,17.742462843299204,0.056361961066621
nan,nan,nan,nan,1.674690237418106e-06,nan,17.686726781368296,0.0565395741315701
nan,nan,nan,nan,1.1705531930892866e-06,nan,17.640692693380547,0.0566871163951083
nan,nan,nan,nan,7.528217992202549e-07,nan,17.61273769476366,0.0567770903837002
Name:	200_10_80_11
Lambda:	200	Maximal Depth:	10	Filter time:	10 to 80 [us]
Chi2:	0.3767246278434894	RelRMS:	3.0790837215582463	AbsRMS:	5.57242566296785e-07	Phi model:	0.0054633119430322
depth_vector,start_model,resistivity_model,conductivity_model,E/I[V/A],modelled_thickness,rhoa,sigma
0.0,18.0559,20.48097643839592,0.0488257971004394,8.422747321532282e-05,1.0,18.23304445948037,0.0548454758733418
1.0,18.0559,20.3293354825194,0.0491899993907755,5.48232883109375e-05,1.0,18.1200500967798,0.0551874853909876
2.0,18.0559,20.033616991984964,0.0499160985457633,3.7652824348209294e-05,1.0,18.17223428359776,0.0550290065819038
3.0,18.0559,19.613981217442497,0.0509840398496308,2.3928092114046217e-05,1.0,18.198103980575688,0.0549507795464506
4.0,18.0559,19.09988446685318,0.0523563376383478,1.4474057036837571e-05,1.0,18.006636957794115,0.0555350786681548
5.0,18.0559,18.52573023828856,0.0539789788114922,9.474841897162817e-06,1.0,17.928527324870707,0.0557770296399518
6.0,18.0559,17.926649533040408,0.0557828722069291,6.5911085786524685e-06,1.5,17.900561489546085,0.0558641694331208
7.5,18.0559,17.33950265085372,0.0576717810271659,4.223518060391264e-06,1.5,17.873590072550744,0.0559484689948072
9.0,18.0559,16.821835601296705,0.0594465445805994,2.559015339491629e-06,nan,17.742462843299204,0.056361961066621
nan,nan,nan,nan,1.674690237418106e-06,nan,17.686726781368296,0.0565395741315701
nan,nan,nan,nan,1.1705531930892866e-06,nan,17.640692693380547,0.0566871163951083
nan,nan,nan,nan,7.528217992202549e-07,nan,17.61273769476366,0.0567770903837002
Name:	200_10_80_12
Lambda:	200	Maximal Depth:	10	Filter time:	10 to 80 [us]
Chi2:	0.3767246278434894	RelRMS:	3.0790837215582463	AbsRMS:	5.57242566296785e-07	Phi model:	0.0054633119430322
depth_vector,start_model,resistivity_model,conductivity_model,E/I[V/A],modelled_thickness,rhoa,sigma
0.0,18.0559,20.48097643839592,0.0488257971004394,8.422747321532282e-05,1.0,18.23304445948037,0.0548454758733418
1.0,18.0559,20.3293354825194,0.0491899993907755,5.48232883109375e-05,1.0,18.1200500967798,0.0551874853909876
2.0,18.0559,20.033616991984964,0.0499160985457633,3.7652824348209294e-05,1.0,18.17223428359776,0.0550290065819038
3.0,18.0559,19.613981217442497,0.0509840398496308,2.3928092114046217e-05,1.0,18.198103980575688,0.0549507795464506
4.0,18.0559,19.09988446685318,0.0523563376383478,1.4474057036837571e-05,1.0,18.006636957794115,0.0555350786681548
5.0,18.0559,18.52573023828856,0.0539789788114922,9.474841897162817e-06,1.0,17.928527324870707,0.0557770296399518
6.0,18.0559,17.926649533040408,0.0557828722069291,6.5911085786524685e-06,1.5,17.900561489546085,0.0558641694331208
7.5,18.0559,17.33950265085372,0.0576717810271659,4.223518060391264e-06,1.5,17.873590072550744,0.0559484689948072
9.0,18.0559,16.821835601296705,0.0594465445805994,2.559015339491629e-06,nan,17.742462843299204,0.056361961066621
nan,nan,nan,nan,1.674690237418106e-06,nan,17.686726781368296,0.0565395741315701
nan,nan,nan,nan,1.1705531930892866e-06,nan,17.640692693380547,0.0566871163951083
nan,nan,nan,nan,7.528217992202549e-07,nan,17.61273769476366,0.0567770903837002
Name:	200_10_80_13
Lambda:	200	Maximal Depth:	10	Filter time:	10 to 80 [us]
Chi2:	0.3767246278434894	RelRMS:	3.0790837215582463	AbsRMS:	5.57242566296785e-07	Phi model:	0.0054633119430322
depth_vector,start_model,resistivity_model,conductivity_model,E/I[V/A],modelled_thickness,rhoa,sigma
0.0,18.0559,20.48097643839592,0.0488257971004394,8.422747321532282e-05,1.0,18.23304445948037,0.0548454758733418
1.0,18.0559,20.3293354825194,0.0491899993907755,5.48232883109375e-05,1.0,18.1200500967798,0.0551874853909876
2.0,18.0559,20.033616991984964,0.0499160985457633,3.7652824348209294e-05,1.0,18.17223428359776,0.0550290065819038
3.0,18.0559,19.613981217442497,0.0509840398496308,2.3928092114046217e-05,1.0,18.198103980575688,0.0549507795464506
4.0,18.0559,19.09988446685318,0.0523563376383478,1.4474057036837571e-05,1.0,18.006636957794115,0.0555350786681548
5.0,18.0559,18.52573023828856,0.0539789788114922,9.474841897162817e-06,1.0,17.928527324870707,0.0557770296399518
6.0,18.0559,17.926649533040408,0.0557828722069291,6.5911085786524685e-06,1.5,17.900561489546085,0.0558641694331208
7.5,18.0559,17.33950265085372,0.0576717810271659,4.223518060391264e-06,1.5,17.873590072550744,0.0559484689948072
9.0,18.0559,16.821835601296705,0.0594465445805994,2.559015339491629e-06,nan,17.742462843299204,0.056361961066621
nan,nan,nan,nan,1.674690237418106e-06,nan,17.686726781368296,0.0565395741315701
nan,nan,nan,nan,1.1705531930892866e-06,nan,17.640692693380547,0.0566871163951083
nan,nan,nan,nan,7.528217992202549e-07,nan,17.61273769476366,0.0567770903837002
Name:	200_10_80_14
Lambda:	200	Maximal Depth:	10	Filter time:	10 to 80 [us]
Chi2:	0.3767246278434894	RelRMS:	3.0790837215582463	AbsRMS:	5.57242566296785e-07	Phi model:	0.0054633119430322
depth_vector,start_model,resistivity_model,conductivity_model,E/I[V/A],modelled_thickness,rhoa,sigma
0.0,18.0559,20.48097643839592,0.0488257971004394,8.422747321532282e-05,1.0,18.23304445948037,0.0548454758733418
1.0,18.0559,20.3293354825194,0.0491899993907755,5.48232883109375e-05,1.0,18.1200500967798,0.0551874853909876
2.0,18.0559,20.033616991984964,0.0499160985457633,3.7652824348209294e-05,1.0,18.17223428359776,0.0550290065819038
3.0,18.0559,19.613981217442497,0.0509840398496308,2.3928092114046217e-05,1.0,18.198103980575688,0.0549507795464506
4.0,18.0559,19.09988446685318,0.0523563376383478,1.4474057036837571e-05,1.0,18.006636957794115,0.0555350786681548
5.0,18.0559,18.52573023828856,0.0539789788114922,9.474841897162817e-06,1.0,17.928527324870707,0.0557770296399518
6.0,18.0559,17.926649533040408,0.0557828722069291,6.5911085786524685e-06,1.5,17.900561489546085,0.0558641694331208
7.5,18.0559,17.33950265085372,0.0576717810271659,4.223518060391264e-06,1.5,17.873590072550744,0.0559484689948072
9.0,18.0559,16.821835601296705,0.0594465445805994,2.559015339491629e-06,nan,17.742462843299204,0.056361961066621
nan,nan,nan,nan,1.674690237418106e-06,nan,17.686726781368296,0.0565395741315701
nan,nan,nan,nan,1.1705531930892866e-06,nan,17.640692693380547,0.0566871163951083
nan,nan,nan,nan,7.528217992202549e-07,nan,17.61273769476366,0.0567770903837002
Name:	200_10_80_15
Lambda:	200	Maximal Depth:	10	Filter time:	10 to 80 [us]
Chi2:	0.3767246278434894	RelRMS:	3.0790837215582463	AbsRMS:	5.57242566296785e-07	Phi model:	0.0054633119430322
depth_vector,start_model,resistivity_model,conductivity_model,E/I[V/A],modelled_thickness,rhoa,sigma
0.0,18.0559,20.48097643839592,0.0488257971004394,8.422747321532282e-05,1.0,18.23304445948037,0.0548454758733418
1.0,18.0559,20.3293354825194,0.0491899993907755,5.48232883109375e-05,1.0,18.1200500967798,0.0551874853909876
2.0,18.0559,20.033616991984964,0.0499160985457633,3.7652824348209294e-05,1.0,18.17223428359776,0.0550290065819038
3.0,18.0559,19.613981217442497,0.0509840398496308,2.3928092114046217e-05,1.0,18.198103980575688,0.0549507795464506
4.0,18.0559,19.09988446685318,0.0523563376383478,1.4474057036837571e-05,1.0,18.006636957794115,0.0555350786681548
5.0,18.0559,18.52573023828856,0.0539789788114922,9.474841897162817e-06,1.0,17.928527324870707,0.0557770296399518
6.0,18.0559,17.926649533040408,0.0557828722069291,6.5911085786524685e-06,1.5,17.900561489546085,0.0558641694331208
7.5,18.0559,17.33950265085372,0.0576717810271659,4.223518060391264e-06,1.5,17.873590072550744,0.0559484689948072
9.0,18.0559,16.821835601296705,0.0594465445805994,2.559015339491629e-06,nan,17.742462843299204,0.056361961066621
nan,nan,nan,nan,1.674690237418106e-06,nan,17.686726781368296,0.0565395741315701
nan,nan,nan,nan,1.1705531930892866e-06,nan,17.640692693380547,0.0566871163951083
nan,nan,nan,nan,7.528217992202549e-07,nan,17.61273769476366,0.0567770903837002
Name:	200_10_80_16
Lambda:	200	Maximal Depth:	10	Filter time:	10 to 80 [us]
Chi2:	0.3767246278434894	RelRMS:	3.0790837215582463	AbsRMS:	5.57242566296785e-07	Phi model:	0.0054633119430322
depth_vector,start_model,resistivity_model,conductivity_model,E/I[V/A],modelled_thickness,rhoa,sigma
0.0,18.0559,20.48097643839592,0.0488257971004394,8.422747321532282e-05,1.0,18.23304445948037,0.0548454758733418
1.0,18.0559,20.3293354825194,0.0491899993907755,5.48232883109375e-05,1.0,18.1200500967798,0.0551874853909876
2.0,18.0559,20.033616991984964,0.0499160985457633,3.7652824348209294e-05,1.0,18.17223428359776,0.0550290065819038
3.0,18.0559,19.613981217442497,0.0509840398496308,2.3928092114046217e-05,1.0,18.198103980575688,0.0549507795464506
4.0,18.0559,19.09988446685318,0.0523563376383478,1.4474057036837571e-05,1.0,18.006636957794115,0.0555350786681548
5.0,18.0559,18.52573023828856,0.0539789788114922,9.474841897162817e-06,1.0,17.928527324870707,0.0557770296399518
6.0,18.0559,17.926649533040408,0.0557828722069291,6.5911085786524685e-06,1.5,17.900561489546085,0.0558641694331208
7.5,18.0559,17.33950265085372,0.0576717810271659,4.223518060391264e-06,1.5,17.873590072550744,0.0559484689948072
9.0,18.0559,16.821835601296705,0.0594465445805994,2.559015339491629e-06,nan,17.742462843299204,0.056361961066621
nan,nan,nan,nan,1.674690237418106e-06,nan,17.686726781368296,0.0565395741315701
nan,nan,nan,nan,1.1705531930892866e-06,nan,17.640692693380547,0.0566871163951083
nan,nan,nan,nan,7.528217992202549e-07,nan,17.61273769476366,0.0567770903837002
Name:	200_10_80_17
Lambda:	200	Maximal Depth:	10	Filter time:	10 to 80 [us]
Chi2:	0.3767246278434894	RelRMS:	3.0790837215582463	AbsRMS:	5.57242566296785e-07	Phi model:	0.0054633119430322
depth_vector,start_model,resistivity_model,conductivity_model,E/I[V/A],modelled_thickness,rhoa,sigma
0.0,18.0559,20.48097643839592,0.0488257971004394,8.422747321532282e-05,1.0,18.23304445948037,0.0548454758733418
1.0,18.0559,20.3293354825194,0.0491899993907755,5.48232883109375e-05,1.0,18.1200500967798,0.0551874853909876
2.0,18.0559,20.033616991984964,0.0499160985457633,3.7652824348209294e-05,1.0,18.17223428359776,0.0550290065819038
3.0,18.0559,19.613981217442497,0.0509840398496308,2.3928092114046217e-05,1.0,18.198103980575688,0.0549507795464506
4.0,18.0559,19.09988446685318,0.0523563376383478,1.4474057036837571e-05,1.0,18.006636957794115,0.0555350786681548
5.0,18.0559,18.52573023828856,0.0539789788114922,9.474841897162817e-06,1.0,17.928527324870707,0.0557770296399518
6.0,18.0559,17.926649533040408,0.0557828722069291,6.5911085786524685e-06,1.5,17.900561489546085,0.0558641694331208
7.5,18.0559,17.33950265085372,0.0576717810271659,4.223518060391264e-06,1.5,17.873590072550744,0.0559484689948072
9.0,18.0559,16.821835601296705,0.0594465445805994,2.559015339491629e-06,nan,17.742462843299204,0.056361961066621
nan,nan,nan,nan,1.674690237418106e-06,nan,17.686726781368296,0.0565395741315701
nan,nan,nan,nan,1.1705531930892866e-06,nan,17.640692693380547,0.0566871163951083
nan,nan,nan,nan,7.528217992202549e-07,nan,17.61273769476366,0.0567770903837002
Name:	200_10_80_18
Lambda:	200	Maximal Depth:	10	Filter time:	10 to 80 [us]
Chi2:	0.3767246278434894	RelRMS:	3.0790837215582463	AbsRMS:	5.57242566296785e-07	Phi model:	0.0054633119430322
depth_vector,start_model,resistivity_model,conductivity_model,E/I[V/A],modelled_thickness,rhoa,sigma
0.0,18.0559,20.48097643839592,0.0488257971004394,8.422747321532282e-05,1.0,18.23304445948037,0.0548454758733418
1.0,18.0559,20.3293354825194,0.0491899993907755,5.48232883109375e-05,1.0,18.1200500967798,0.0551874853909876
2.0,18.0559,20.033616991984964,0.0499160985457633,3.7652824348209294e-05,1.0,18.17223428359776,0.0550290065819038
3.0,18.0559,19.613981217442497,0.0509840398496308,2.3928092114046217e-05,1.0,18.198103980575688,0.0549507795464506
4.0,18.0559,19.09988446685318,0.0523563376383478,1.4474057036837571e-05,1.0,18.006636957794115,0.0555350786681548
5.0,18.0559,18.52573023828856,0.0539789788114922,9.474841897162817e-06,1.0,17.928527324870707,0.0557770296399518
6.0,18.0559,17.926649533040408,0.0557828722069291,6.5911085786524685e-06,1.5,17.900561489546085,0.0558641694331208
7.5,18.0559,17.33950265085372,0.0576717810271659,4.223518060391264e-06,1.5,17.873590072550744,0.0559484689948072
9.0,18.0559,16.821835601296705,0.0594465445805994,2.559015339491629e-06,nan,17.742462843299204,0.056361961066621
nan,nan,nan,nan,1.674690237418106e-06,nan,17.686726781368296,0.0565395741315701
nan,nan,nan,nan,1.1705531930892866e-06,nan,17.640692693380547,0.0566871163951083
nan,nan,nan,nan,7.528217992202549e-07,nan,17.61273769476366,0.0567770903837002
Name:	200_10_80_19
Lambda:	200	Maximal Depth:	10	Filter time:	10 to 80 [us]
Chi2:	0.3767246278434894	RelRMS:	3.0790837215582463	AbsRMS:	5.57242566296785e-07	Phi model:	0.0054633119430322
depth_vector,start_model,resistivity_model,conductivity_model,E/I[V/A],modelled_thickness,rhoa,sigma
0.0,18.0559,20.48097643839592,0.0488257971004394,8.422747321532282e-05,1.0,18.23304445948037,0.0548454758733418
1.0,18.0559,20.3293354825194,0.0491899993907755,5.48232883109375e-05,1.0,18.1200500967798,0.0551874853909876
2.0,18.0559,20.033616991984964,0.0499160985457633,3.7652824348209294e-05,1.0,18.17223428359776,0.0550290065819038
3.0,18.0559,19.613981217442497,0.0509840398496308,2.3928092114046217e-05,1.0,18.198103980575688,0.0549507795464506
4.0,18.0559,19.09988446685318,0.0523563376383478,1.4474057036837571e-05,1.0,18.006636957794115,0.0555350786681548
5.0,18.0559,18.52573023828856,0.0539789788114922,9.474841897162817e-06,1.0,17.928527324870707,0.0557770296399518
6.0,18.0559,17.926649533040408,0.0557828722069291,6.5911085786524685e-06,1.5,17.900561489546085,0.0558641694331208
7.5,18.0559,17.33950265085372,0.0576717810271659,4.223518060391264e-06,1.5,17.873590072550744,0.0559484689948072
9.0,18.0559,16.821835601296705,0.0594465445805994,2.559015339491629e-06,nan,17.742462843299204,0.056361961066621
nan,nan,nan,nan,1.674690237418106e-06,nan,17.686726781368296,0.0565395741315701
nan,nan,nan,nan,1.1705531930892866e-06,nan,17.640692693380547,0.0566871163951083
nan,nan,nan,nan,7.528217992202549e-07,nan,17.61273769476366,0.0567770903837002
Name:	200_10_80_20
Lambda:	200	Maximal Depth:	10	Filter time:	10 to 80 [us]
Chi2:	0.3767246278434894	RelRMS:	3.0790837215582463	AbsRMS:	5.57242566296785e-07	Phi model:	0.0054633119430322
depth_vector,start_model,resistivity_model,conductivity_model,E/I[V/A],modelled_thickness,rhoa,sigma
0.0,18.0559,20.48097643839592,0.0488257971004394,8.422747321532282e-05,1.0,18.23304445948037,0.0548454758733418
1.0,18.0559,20.3293354825194,0.0491899993907755,5.48232883109375e-05,1.0,18.1200500967798,0.0551874853909876
2.0,18.0559,20.033616991984964,0.0499160985457633,3.7652824348209294e-05,1.0,18.17223428359776,0.0550290065819038
3.0,18.0559,19.613981217442497,0.0509840398496308,2.3928092114046217e-05,1.0,18.198103980575688,0.0549507795464506
4.0,18.0559,19.09988446685318,0.0523563376383478,1.4474057036837571e-05,1.0,18.006636957794115,0.0555350786681548
5.0,18.0559,18.52573023828856,0.0539789788114922,9.474841897162817e-06,1.0,17.928527324870707,0.0557770296399518
6.0,18.0559,17.926649533040408,0.0557828722069291,6.5911085786524685e-06,1.5,17.900561489546085,0.0558641694331208
7.5,18.0559,17.33950265085372,0.0576717810271659,4.223518060391264e-06,1.5,17.873590072550744,0.0559484689948072
9.0,18.0559,16.821835601296705,0.0594465445805994,2.559015339491629e-06,nan,17.742462843299204,0.056361961066621
nan,nan,nan,nan,1.674690237418106e-06,nan,17.686726781368296,0.0565395741315701
nan,nan,nan,nan,1.1705531930892866e-06,nan,17.640692693380547,0.0566871163951083
nan,nan,nan,nan,7.528217992202549e-07,nan,17.61273769476366,0.0567770903837002
Name:	200_10_80_21
Lambda:	200	Maximal Depth:	10	Filter time:	10 to 80 [us]
Chi2:	0.3767246278434894	RelRMS:	3.0790837215582463	AbsRMS:	5.57242566296785e-07	Phi model:	0.0054633119430322
depth_vector,start_model,resistivity_model,conductivity_model,E/I[V/A],modelled_thickness,rhoa,sigma
0.0,18.0559,20.48097643839592,0.0488257971004394,8.422747321532282e-05,1.0,18.23304445948037,0.0548454758733418
1.0,18.0559,20.3293354825194,0.0491899993907755,5.48232883109375e-05,1.0,18.1200500967798,0.0551874853909876
2.0,18.0559,20.033616991984964,0.0499160985457633,3.7652824348209294e-05,1.0,18.17223428359776,0.0550290065819038
3.0,18.0559,19.613981217442497,0.0509840398496308,2.3928092114046217e-05,1.0,18.198103980575688,0.0549507795464506
4.0,18.0559,19.09988446685318,0.0523563376383478,1.4474057036837571e-05,1.0,18.006636957794115,0.0555350786681548
5.0,18.0559,18.52573023828856,0.0539789788114922,9.474841897162817e-06,1.0,17.928527324870707,0.0557770296399518
6.0,18.0559,17.926649533040408,0.0557828722069291,6.5911085786524685e-06,1.5,17.900561489546085,0.0558641694331208
7.5,18.0559,17.33950265085372,0.0576717810271659,4.223518060391264e-06,1.5,17.873590072550744,0.0559484689948072
9.0,18.0559,16.821835601296705,0.0594465445805994,2.559015339491629e-06,nan,17.742462843299204,0.056361961066621
nan,nan,nan,nan,1.674690237418106e-06,nan,17.686726781368296,0.0565395741315701
nan,nan,nan,nan,1.1705531930892866e-06,nan,17.640692693380547,0.0566871163951083
nan,nan,nan,nan,7.528217992202549e-07,nan,17.61273769476366,0.0567770903837002
Name:	200_10_80_22
Lambda:	200	Maximal Depth:	10	Filter time:	10 to 80 [us]
Chi2:	0.3767246278434894	RelRMS:	3.0790837215582463	AbsRMS:	5.57242566296785e-07	Phi model:	0.0054633119430322
depth_vector,start_model,resistivity_model,conductivity_model,E/I[V/A],modelled_thickness,rhoa,sigma
0.0,18.0559,20.48097643839592,0.0488257971004394,8.422747321532282e-05,1.0,18.23304445948037,0.0548454758733418
1.0,18.0559,20.3293354825194,0.0491899993907755,5.48232883109375e-05,1.0,18.1200500967798,0.0551874853909876
2.0,18.0559,20.033616991984964,0.0499160985457633,3.7652824348209294e-05,1.0,18.17223428359776,0.0550290065819038
3.0,18.0559,19.613981217442497,0.0509840398496308,2.3928092114046217e-05,1.0,18.198103980575688,0.0549507795464506
4.0,18.0559,19.09988446685318,0.0523563376383478,1.4474057036837571e-05,1.0,18.006636957794115,0.0555350786681548
5.0,18.0559,18.52573023828856,0.0539789788114922,9.474841897162817e-06,1.0,17.928527324870707,0.0557770296399518
6.0,18.0559,17.926649533040408,0.0557828722069291,6.5911085786524685e-06,1.5,17.900561489546085,0.0558641694331208
7.5,18.0559,17.33950265085372,0.0576717810271659,4.223518060391264e-06,1.5,17.873590072550744,0.0559484689948072
9.0,18.0559,16.821835601296705,0.0594465445805994,2.559015339491629e-06,nan,17.742462843299204,0.056361961066621
nan,nan,nan,nan,1.674690237418106e-06,nan,17.686726781368296,0.0565395741315701
nan,nan,nan,nan,1.1705531930892866e-06,nan,17.640692693380547,0.0566871163951083
nan,nan,nan,nan,7.528217992202549e-07,nan,17.61273769476366,0.0567770903837002
Name:	200_10_80_23
Lambda:	200	Maximal Depth:	10	Filter time:	10 to 80 [us]
Chi2:	0.3767246278434894	RelRMS:	3.0790837215582463	AbsRMS:	5.57242566296785e-07	Phi model:	0.0054633119430322
depth_vector,start_model,resistivity_model,conductivity_model,E/I[V/A],modelled_thickness,rhoa,sigma
0.0,18.0559,20.48097643839592,0.0488257971004394,8.422747321532282e-05,1.0,18.23304445948037,0.0548454758733418
1.0,18.0559,20.3293354825194,0.0491899993907755,5.48232883109375e-05,1.0,18.1200500967798,0.0551874853909876
2.0,18.0559,20.033616991984964,0.0499160985457633,3.7652824348209294e-05,1.0,18.17223428359776,0.0550290065819038
3.0,18.0559,19.613981217442497,0.0509840398496308,2.3928092114046217e-05,1.0,18.198103980575688,0.0549507795464506
4.0,18.0559,19.09988446685318,0.0523563376383478,1.4474057036837571e-05,1.0,18.006636957794115,0.0555350786681548
5.0,18.0559,18.52573023828856,0.0539789788114922,9.474841897162817e-06,1.0,17.928527324870707,0.0557770296399518
6.0,18.0559,17.926649533040408,0.0557828722069291,6.5911085786524685e-06,1.5,17.900561489546085,0.0558641694331208
7.5,18.0559,17.33950265085372,0.0576717810271659,4.223518060391264e-06,1.5,17.873590072550744,0.0559484689948072
9.0,18.0559,16.821835601296705,0.0594465445805994,2.559015339491629e-06,nan,17.742462843299204,0.056361961066621
nan,nan,nan,nan,1.674690237418106e-06,nan,17.686726781368296,0.0565395741315701
nan,nan,nan,nan,1.1705531930892866e-06,nan,17.640692693380547,0.0566871163951083
nan,nan,nan,nan,7.528217992202549e-07,nan,17.61273769476366,0.0567770903837002
Name:	200_10_80_24
Lambda:	200	Maximal Depth:	10	Filter time:	10 to 80 [us]
Chi2:	0.3767246278434894	RelRMS:	3.0790837215582463	AbsRMS:	5.57242566296785e-07	Phi model:	0.0054633119430322
depth_vector,start_model,resistivity_model,conductivity_model,E/I[V/A],modelled_thickness,rhoa,sigma
0.0,18.0559,20.48097643839592,0.0488257971004394,8.422747321532282e-05,1.0,18.23304445948037,0.0548454758733418
1.0,18.0559,20.3293354825194,0.0491899993907755,5.48232883109375e-05,1.0,18.1200500967798,0.0551874853909876
2.0,18.0559,20.033616991984964,0.0499160985457633,3.7652824348209294e-05,1.0,18.17223428359776,0.0550290065819038
3.0,18.0559,19.613981217442497,0.0509840398496308,2.3928092114046217e-05,1.0,18.198103980575688,0.0549507795464506
4.0,18.0559,19.09988446685318,0.0523563376383478,1.4474057036837571e-05,1.0,18.006636957794115,0.0555350786681548
5.0,18.0559,18.52573023828856,0.0539789788114922,9.474841897162817e-06,1.0,17.928527324870707,0.0557770296399518
6.0,18.0559,17.926649533040408,0.0557828722069291,6.5911085786524685e-06,1.5,17.900561489546085,0.0558641694331208
7.5,18.0559,17.33950265085372,0.0576717810271659,4.223518060391264e-06,1.5,17.873590072550744,0.0559484689948072
9.0,18.0559,16.821835601296705,0.0594465445805994,2.559015339491629e-06,nan,17.742462843299204,0.056361961066621
nan,nan,nan,nan,1.674690237418106e-06,nan,17.686726781368296,0.0565395741315701
nan,nan,nan,nan,1.1705531930892866e-06,nan,17.640692693380547,0.0566871163951083
nan,nan,nan,nan,7.528217992202549e-07,nan,17.61273769476366,0.0567770903837002
Name:	200_10_80_25
Lambda:	200	Maximal Depth:	10	Filter time:	10 to 80 [us]
Chi2:	0.3767246278434894	RelRMS:	3.0790837215582463	AbsRMS:	5.57242566296785e-07	Phi model:	0.0054633119430322
depth_vector,start_model,resistivity_model,conductivity_model,E/I[V/A],modelled_thickness,rhoa,sigma
0.0,18.0559,20.48097643839592,0.0488257971004394,8.422747321532282e-05,1.0,18.23304445948037,0.0548454758733418
1.0,18.0559,20.3293354825194,0.0491899993907755,5.48232883109375e-05,1.0,18.1200500967798,0.0551874853909876
2.0,18.0559,20.033616991984964,0.0499160985457633,3.7652824348209294e-05,1.0,18.17223428359776,0.0550290065819038
3.0,18.0559,19.613981217442497,0.0509840398496308,2.3928092114046217e-05,1.0,18.198103980575688,0.0549507795464506
4.0,18.0559,19.09988446685318,0.0523563376383478,1.4474057036837571e-05,1.0,18.006636957794115,0.0555350786681548
5.0,18.0559,18.52573023828856,0.0539789788114922,9.474841897162817e-06,1.0,17.928527324870707,0.0557770296399518
6.0,18.0559,17.926649533040408,0.0557828722069291,6.5911085786524685e-06,1.5,17.900561489546085,0.0558641694331208
7.5,18.0559,17.33950265085372,0.0576717810271659,4.223518060391264e-06,1.5,17.873590072550744,0.0559484689948072
9.0,18.0559,16.821835601296705,0.0594465445805994,2.559015339491629e-06,nan,17.742462843299204,0.056361961066621
nan,nan,nan,nan,1.674690237418106e-06,nan,17.686726781368296,0.0565395741315701
nan,nan,nan,nan,1.1705531930892866e-06,nan,17.640692693380547,0.0566871163951083
nan,nan,nan,nan,7.528217992202549e-07,nan,17.61273769476366,0.0567770903837002
Name:	200_10_80_26
Lambda:	200	Maximal Depth:	10	Filter time:	10 to 80 [us]
Chi2:	0.3767246278434894	RelRMS:	3.0790837215582463	AbsRMS:	5.57242566296785e-07	Phi model:	0.0054633119430322
depth_vector,start_model,resistivity_model,conductivity_model,E/I[V/A],modelled_thickness,rhoa,sigma
0.0,18.0559,20.48097643839592,0.0488257971004394,8.422747321532282e-05,1.0,18.23304445948037,0.0548454758733418
1.0,18.0559,20.3293354825194,0.0491899993907755,5.48232883109375e-05,1.0,18.1200500967798,0.0551874853909876
2.0,18.0559,20.033616991984964,0.0499160985457633,3.7652824348209294e-05,1.0,18.17223428359776,0.0550290065819038
3.0,18.0559,19.613981217442497,0.0509840398496308,2.3928092114046217e-05,1.0,18.198103980575688,0.0549507795464506
4.0,18.0559,19.09988446685318,0.0523563376383478,1.4474057036837571e-05,1.0,18.006636957794115,0.0555350786681548
5.0,18.0559,18.52573023828856,0.0539789788114922,9.474841897162817e-06,1.0,17.928527324870707,0.0557770296399518
6.0,18.0559,17.926649533040408,0.0557828722069291,6.5911085786524685e-06,1.5,17.900561489546085,0.0558641694331208
7.5,18.0559,17.33950265085372,0.0576717810271659,4.223518060391264e-06,1.5,17.873590072550744,0.0559484689948072
9.0,18.0559,16.821835601296705,0.0594465445805994,2.559015339491629e-06,nan,17.742462843299204,0.056361961066621
nan,nan,nan,nan,1.674690237418106e-06,nan,17.686726781368296,0.0565395741315701
nan,nan,nan,nan,1.1705531930892866e-06,nan,17.640692693380547,0.0566871163951083
nan,nan,nan,nan,7.528217992202549e-07,nan,17.61273769476366,0.0567770903837002
Name:	200_10_80_27
Lambda:	200	Maximal Depth:	10	Filter time:	10 to 80 [us]
Chi2:	0.3767246278434894	RelRMS:	3.0790837215582463	AbsRMS:	5.57242566296785e-07	Phi model:	0.0054633119430322
depth_vector,start_model,resistivity_model,conductivity_model,E/I[V/A],modelled_thickness,rhoa,sigma
0.0,18.0559,20.48097643839592,0.0488257971004394,8.422747321532282e-05,1.0,18.23304445948037,0.0548454758733418
1.0,18.0559,20.3293354825194,0.0491899993907755,5.48232883109375e-05,1.0,18.1200500967798,0.0551874853909876
2.0,18.0559,20.033616991984964,0.0499160985457633,3.7652824348209294e-05,1.0,18.17223428359776,0.0550290065819038
3.0,18.0559,19.613981217442497,0.0509840398496308,2.3928092114046217e-05,1.0,18.198103980575688,0.0549507795464506
4.0,18.0559,19.09988446685318,0.0523563376383478,1.4474057036837571e-05,1.0,18.006636957794115,0.0555350786681548
5.0,18.0559,18.52573023828856,0.0539789788114922,9.474841897162817e-06,1.0,17.928527324870707,0.0557770296399518
6.0,18.0559,17.926649533040408,0.0557828722069291,6.5911085786524685e-06,1.5,17.900561489546085,0.0558641694331208
7.5,18.0559,17.33950265085372,0.0576717810271659,4.223518060391264e-06,1.5,17.873590072550744,0.0559484689948072
9.0,18.0559,16.821835601296705,0.0594465445805994,2.559015339491629e-06,nan,17.742462843299204,0.056361961066621
nan,nan,nan,nan,1.674690237418106e-06,nan,17.686726781368296,0.0565395741315701
nan,nan,nan,nan,1.1705531930892866e-06,nan,17.640692693380547,0.0566871163951083
nan,nan,nan,nan,7.528217992202549e-07,nan,17.61273769476366,0.0567770903837002
Name:	200_10_80_28
Lambda:	200	Maximal Depth:	10	Filter time:	10 to 80 [us]
Chi2:	0.3767246278434894	RelRMS:	3.0790837215582463	AbsRMS:	5.57242566296785e-07	Phi model:	0.0054633119430322
depth_vector,start_model,resistivity_model,conductivity_model,E/I[V/A],modelled_thickness,rhoa,sigma
0.0,18.0559,20.48097643839592,0.0488257971004394,8.422747321532282e-05,1.0,18.23304445948037,0.0548454758733418
1.0,18.0559,20.3293354825194,0.0491899993907755,5.48232883109375e-05,1.0,18.1200500967798,0.0551874853909876
2.0,18.0559,20.033616991984964,0.0499160985457633,3.7652824348209294e-05,1.0,18.17223428359776,0.0550290065819038
3.0,18.0559,19.613981217442497,0.0509840398496308,2.3928092114046217e-05,1.0,18.198103980575688,0.0549507795464506
4.0,18.0559,19.09988446685318,0.0523563376383478,1.4474057036837571e-05,1.0,18.006636957794115,0.0555350786681548
5.0,18.0559,18.52573023828856,0.0539789788114922,9.474841897162817e-06,1.0,17.928527324870707,0.0557770296399518
6.0,18.0559,17.926649533040408,0.0557828722069291,6.5911085786524685e-06,1.5,17.900561489546085,0.0558641694331208
7.5,18.0559,17.33950265085372,0.0576717810271659,4.223518060391264e-06,1.5,17.873590072550744,0.0559484689948072
9.0,18.0559,16.821835601296705,0.0594465445805994,2.559015339491629e-06,nan,17.742462843299204,0.056361961066621
nan,nan,nan,nan,1.674690237418106e-06,nan,17.686726781368296,0.0565395741315701
nan,nan,nan,nan,1.1705531930892866e-06,nan,17.640692693380547,0.0566871163951083
nan,nan,nan,nan,7.528217992202549e-07,nan,17.61273769476366,0.0567770903837002
Name:	200_10_80_29
Lambda:	200	Maximal Depth:	10	Filter time:	10 to 80 [us]
Chi2:	0.3767246278434894	RelRMS:	3.0790837215582463	AbsRMS:	5.57242566296785e-07	Phi model:	0.0054633119430322
depth_vector,start_model,resistivity_model,conductivity_model,E/I[V/A],modelled_thickness,rhoa,sigma
0.0,18.0559,20.48097643839592,0.0488257971004394,8.422747321532282e-05,1.0,18.23304445948037,0.0548454758733418
1.0,18.0559,20.3293354825194,0.0491899993907755,5.48232883109375e-05,1.0,18.1200500967798,0.0551874853909876
2.0,18.0559,20.033616991984964,0.0499160985457633,3.7652824348209294e-05,1.0,18.17223428359776,0.0550290065819038
3.0,18.0559,19.613981217442497,0.0509840398496308,2.3928092114046217e-05,1.0,18.198103980575688,0.0549507795464506
4.0,18.0559,19.09988446685318,0.0523563376383478,1.4474057036837571e-05,1.0,18.006636957794115,0.0555350786681548
5.0,18.0559,18.52573023828856,0.0539789788114922,9.474841897162817e-06,1.0,17.928527324870707,0.0557770296399518
6.0,18.0559,17.926649533040408,0.0557828722069291,6.5911085786524685e-06,1.5,17.900561489546085,0.0558641694331208
7.5,18.0559,17.33950265085372,0.0576717810271659,4.223518060391264e-06,1.5,17.873590072550744,0.0559484689948072
9.0,18.0559,16.821835601296705,0.0594465445805994,2.559015339491629e-06,nan,17.742462843299204,0.056361961066621
nan,nan,nan,nan,1.674690237418106e-06,nan,17.686726781368296,0.0565395741315701
nan,nan,nan,nan,1.1705531930892866e-06,nan,17.640692693380547,0.0566871163951083
nan,nan,nan,nan,7.528217992202549e-07,nan,17.61273769476366,0.0567770903837002
Name:	200_10_80_30
Lambda:	200	Maximal Depth:	10	Filter time:	10 to 80 [us]
Chi2:	0.3767246278434894	RelRMS:	3.0790837215582463	AbsRMS:	5.57242566296785e-07	Phi model:	0.0054633119430322
depth_vector,start_model,resistivity_model,conductivity_model,E/I[V/A],modelled_thickness,rhoa,sigma
0.0,18.0559,20.48097643839592,0.0488257971004394,8.422747321532282e-05,1.0,18.23304445948037,0.0548454758733418
1.0,18.0559,20.3293354825194,0.0491899993907755,5.48232883109375e-05,1.0,18.1200500967798,0.0551874853909876
2.0,18.0559,20.033616991984964,0.0499160985457633,3.7652824348209294e-05,1.0,18.17223428359776,0.0550290065819038
3.0,18.0559,19.613981217442497,0.0509840398496308,2.3928092114046217e-05,1.0,18.198103980575688,0.0549507795464506
4.0,18.0559,19.09988446685318,0.0523563376383478,1.4474057036837571e-05,1.0,18.006636957794115,0.0555350786681548
5.0,18.0559,18.52573023828856,0.0539789788114922,9.474841897162817e-06,1.0,17.928527324870707,0.0557770296399518
6.0,18.0559,17.926649533040408,0.0557828722069291,6.5911085786524685e-06,1.5,17.900561489546085,0.0558641694331208
7.5,18.0559,17.33950265085372,0.0576717810271659,4.223518060391264e-06,1.5,17.873590072550744,0.0559484689948072
9.0,18.0559,16.821835601296705,0.0594465445805994,2.559015339491629e-06,nan,17.742462843299204,0.056361961066621
nan,nan,nan,nan,1.674690237418106e-06,nan,17.686726781368296,0.0565395741315701
nan,nan,nan,nan,1.1705531930892866e-06,nan,17.640692693380547,0.0566871163951083
nan,nan,nan,nan,7.528217992202549e-07,nan,17.61273769476366,0.0567770903837002
Name:	183_10_80_1
Lambda:	183	Maximal Depth:	10	Filter time:	10 to 80 [us]
Chi2:	0.376387964865596	RelRMS:	3.08571054972775	AbsRMS:	5.518836651543514e-07	Phi model:	0.0055588275392704
depth_vector,start_model,resistivity_model,conductivity_model,E/I[V/A],modelled_thickness,rhoa,sigma
0.0,18.0559,20.50955383177907,0.0487577647081977,8.420890087696988e-05,1.0,18.23572523566968,0.0548374132137046
1.0,18.0559,20.35448099338012,0.0491292310683445,5.4816014421236014e-05,1.0,18.121653038698412,0.0551826038090741
2.0,18.0559,20.052326987332663,0.0498695239027228,3.765085843245957e-05,1.0,18.172866845902863,0.0550270911287424
3.0,18.0559,19.624234736793618,0.0509574010611019,2.3928978332818243e-05,1.0,18.19765466202175,0.0549521363369415
4.0,18.0559,19.10099989907043,0.0523532802096222,1.4475672152548992e-05,1.0,18.00529754535108,0.0555392099175943
5.0,18.0559,18.518467450908663,0.0540001489135609,9.476484980228456e-06,1.0,17.926454903079144,0.0557834778491666
6.0,18.0559,17.91309326220781,0.0558250875693117,6.592604273607002e-06,1.5,17.897853931108763,0.0558726204744509
7.5,18.0559,17.32457173680256,0.0577214845591652,4.2247290072531725e-06,1.5,17.870174468554477,0.0559591626684823
9.0,18.0559,16.812102378100427,0.0594809606502639,2.5598836962043666e-06,nan,17.738450250095337,0.0563747106371158
nan,nan,nan,nan,1.675330905367784e-06,nan,17.682217407020467,0.0565539930304761
nan,nan,nan,nan,1.1710427815640409e-06,nan,17.635775547807558,0.0567029216996537
nan,nan,nan,nan,7.531671996506645e-07,nan,17.607352514019844,0.0567944555664317
Name:	183_10_80_2
Lambda:	183.0	Maximal Depth:	10	Filter time:	10.0 to 80.0 [us]
Chi2:	0.37638796486559606	RelRMS:	3.08571054972775	AbsRMS:	5.518836651543514e-07	Phi model:	0.0055588275392704865
depth_vector,start_model,resistivity_model,conductivity_model,E/I[V/A],modelled_thickness,rhoa,sigma
0.0,18.0559,20.50955383177907,0.04875776470819778,8.420890087696988e-05,1.0,18.23572523566968,0.05483741321370466
1.0,18.0559,20.354480993380122,0.04912923106834458,5.4816014421236014e-05,1.0,18.121653038698415,0.055182603809074186
2.0,18.0559,20.052326987332663,0.04986952390272281,3.765085843245957e-05,1.0,18.172866845902863,0.05502709112874249
3.0,18.0559,19.624234736793618,0.05095740106110191,2.3928978332818243e-05,1.0,18.19765466202175,0.05495213633694159
4.0,18.0559,19.10099989907043,0.05235328020962222,1.4475672152548993e-05,1.0,18.00529754535108,0.055539209917594354
5.0,18.0559,18.518467450908666,0.05400014891356098,9.476484980228457e-06,1.0,17.926454903079144,0.05578347784916663
6.0,18.0559,17.91309326220781,0.055825087569311795,6.592604273607002e-06,1.5,17.897853931108763,0.055872620474450956
7.5,18.0559,17.32457173680256,0.057721484559165266,4.2247290072531725e-06,1.5,17.870174468554477,0.055959162668482346
9.0,18.0559,16.812102378100427,0.059480960650263925,2.5598836962043666e-06,nan,17.738450250095337,0.056374710637115855
nan,nan,nan,nan,1.675330905367784e-06,nan,17.682217407020467,0.056553993030476174
nan,nan,nan,nan,1.1710427815640407e-06,nan,17.635775547807558,0.05670292169965374
nan,nan,nan,nan,7.531671996506645e-07,nan,17.607352514019844,0.05679445556643173
