Name:	10.0_10_80_1
Lambda:	10	Maximal Depth:	10	Filter time:	10 to 80 [us]
Chi2:	0.174907506013722	RelRMS:	3.168904597402752	AbsRMS:	1.555412808560378e-07	Phi model:	0.0426063796589769
depth_vector,start_model,resistivity_model,conductivity_model,E/I[V/A],modelled_thickness,rhoa,sigma
0.0,20.6304,29.48617354717916,0.0339142004438099,6.244084960190824e-05,1.0,22.25952213367962,0.0449245942475538
1.0,20.6304,29.007680405717707,0.0344736285705523,4.135563647582501e-05,1.0,21.86651850402016,0.0457320171849099
2.0,20.6304,28.078055212486312,0.0356150022653741,2.8864558775143225e-05,1.0,21.69518797234973,0.046093170581167
3.0,20.6304,26.747830952994825,0.0373862090633571,1.868484465422968e-05,1.0,21.46043541098996,0.0465973770265582
4.0,20.6304,25.09960657279997,0.0398412619376944,1.149237307828674e-05,1.0,21.000017226275165,0.0476190085572312
5.0,20.6304,23.23187174782689,0.0430443147609722,7.62862303964994e-06,1.0,20.71548768039742,0.0482730609787321
6.0,20.6304,21.25184759523336,0.0470547323247458,5.370626585327319e-06,1.5,20.518974869865502,0.0487353781727476
7.5,20.6304,19.211442582175728,0.0520523118304397,3.4888758669889e-06,1.5,20.30194679169637,0.0492563600062732
9.0,20.6304,17.31737021091658,0.0577454883634477,2.1410794228422995e-06,nan,19.982077793452248,0.050044845703067
nan,nan,nan,nan,1.4159636986655418e-06,nan,19.78042930913711,0.0505550200337701
nan,nan,nan,nan,9.982135891091649e-07,nan,19.616766316349537,0.0509768013684576
nan,nan,nan,nan,6.483532991350553e-07,nan,19.457207393853043,0.051394836872424
Name:	12.742749857031335_10_80_1
Lambda:	12.742749857031336	Maximal Depth:	10	Filter time:	10 to 80 [us]
Chi2:	0.1751733476505516	RelRMS:	3.1674694143803377	AbsRMS:	1.5487466939136128e-07	Phi model:	0.0423203240454443
depth_vector,start_model,resistivity_model,conductivity_model,E/I[V/A],modelled_thickness,rhoa,sigma
0.0,20.6304,29.38929257264999,0.0340259976495865,6.24556896700716e-05,1.0,22.25599594403936,0.0449317119986186
1.0,20.6304,28.92421973430181,0.0345731020295797,4.1361678416618285e-05,1.0,21.86438900586437,0.0457364712881656
2.0,20.6304,28.01543143302321,0.0356946136057447,2.8866500640530667e-05,1.0,21.694214996616186,0.0460952378390265
3.0,20.6304,26.715257870864505,0.0374317929040315,1.868461107443566e-05,1.0,21.460614264543786,0.0465969886822928
4.0,20.6304,25.097297451812857,0.0398449276030621,1.1491580535756303e-05,1.0,21.00098275725312,0.0476168192488339
5.0,20.6304,23.25549730104232,0.0430005854983449,7.62775909706296e-06,1.0,20.71705184919737,0.0482694162894969
6.0,20.6304,21.293847207034705,0.0469619223936967,5.369815989274578e-06,1.5,20.52103976763693,0.0487304742509718
7.5,20.6304,19.248926738583027,0.0519509484129094,3.488213480949945e-06,1.5,20.30451683710285,0.0492501253796239
9.0,20.6304,17.322709856213525,0.0577276885833949,2.140609676907397e-06,nan,19.98500099695072,0.0500375256499901
nan,nan,nan,nan,1.4156194503046353e-06,nan,19.783635963963945,0.0505468257615287
nan,nan,nan,nan,9.979510818408394e-07,nan,19.620206243147443,0.0509678638240237
nan,nan,nan,nan,6.481688791669047e-07,nan,19.460897921167675,0.0513850904542434
Name:	16.237767391887218_10_80_1
Lambda:	16.237767391887218	Maximal Depth:	10	Filter time:	10 to 80 [us]
Chi2:	0.1755444463441843	RelRMS:	3.165594975525913	AbsRMS:	1.54315423613321e-07	Phi model:	0.0420015658675609
depth_vector,start_model,resistivity_model,conductivity_model,E/I[V/A],modelled_thickness,rhoa,sigma
0.0,20.6304,29.2998302515886,0.0341298905629591,6.247439761765774e-05,1.0,22.251552686168782,0.0449406840998374
1.0,20.6304,28.84767416614556,0.034664839676176,4.136969166249505e-05,1.0,21.861565515612728,0.0457423782979236
2.0,20.6304,27.955773269633248,0.035770786604792,2.886941121276428e-05,1.0,21.69275685255333,0.0460983362694306
3.0,20.6304,26.6820825365322,0.0374783339580347,1.8684667507071785e-05,1.0,21.460571053369165,0.0465970825060131
4.0,20.6304,25.090640500445023,0.0398554991046268,1.1490741964837363e-05,1.0,21.00200448409315,0.0476145027374599
5.0,20.6304,23.2712475177826,0.0429714822652225,7.626736697081297e-06,1.0,20.718903286761662,0.0482651029429221
6.0,20.6304,21.327661358946564,0.0468874661487682,5.368817161023162e-06,1.5,20.52358487930109,0.0487244312278281
7.5,20.6304,19.28074415165547,0.0518652180711675,3.4873689229608e-06,1.5,20.30779488620142,0.049242175509635
9.0,20.6304,17.331155434709963,0.0576995575261676,2.139990505447952e-06,nan,19.988855701156183,0.0500278762801893
nan,nan,nan,nan,1.4151558851590416e-06,nan,19.78795610214865,0.050535790297787
nan,nan,nan,nan,9.975928677060298e-07,nan,19.624902758051213,0.0509556664982579
nan,nan,nan,nan,6.479134147709749e-07,nan,19.466013048972165,0.0513715878790496
Name:	20.6913808111479_10_80_1
Lambda:	20.6913808111479	Maximal Depth:	10	Filter time:	10 to 80 [us]
Chi2:	0.1760981013455657	RelRMS:	3.1633382086842348	AbsRMS:	1.5400406880523729e-07	Phi model:	0.0416272354424887
depth_vector,start_model,resistivity_model,conductivity_model,E/I[V/A],modelled_thickness,rhoa,sigma
0.0,20.6304,29.212445149736777,0.0342319855415804,6.249792957640119e-05,1.0,22.245966842624465,0.0449519684657601
1.0,20.6304,28.77385081191564,0.0347537771894572,4.138007673505344e-05,1.0,21.8579076612463,0.0457500331458066
2.0,20.6304,27.89662832033272,0.0358466259261568,2.887342724630747e-05,1.0,21.69074529458759,0.0461026113404008
3.0,20.6304,26.64640105642201,0.03752852018862,1.8685004959474547e-05,1.0,21.460312666387,0.0465976435453471
4.0,20.6304,25.07964103299635,0.0398729789905819,1.148980501996258e-05,1.0,21.003146218178163,0.0476119144061618
5.0,20.6304,23.280022919080093,0.0429552841711512,7.625496123576522e-06,1.0,20.72115036464916,0.0482598688973381
6.0,20.6304,21.35475802972804,0.0468279714810112,5.367573117702634e-06,1.5,20.526755926619984,0.0487169041018876
7.5,20.6304,19.30855347988817,0.0517905186963695,3.486294686121764e-06,1.5,20.31196631808345,0.0492320627328785
9.0,20.6304,17.343178527229508,0.0576595575274716,2.139187333565517e-06,nan,19.99385868590337,0.050015358001157
nan,nan,nan,nan,1.4145472333122889e-06,nan,19.79363194065124,0.0505212991227874
nan,nan,nan,nan,9.971190948654478e-07,nan,19.631118672036507,0.0509395321125763
nan,nan,nan,nan,6.475727885510089e-07,nan,19.47283859137206,0.0513535813131566
Name:	26.366508987303583_10_80_1
Lambda:	26.366508987303583	Maximal Depth:	10	Filter time:	10 to 80 [us]
Chi2:	0.1769546298582722	RelRMS:	3.1608225492752258	AbsRMS:	1.541956077986523e-07	Phi model:	0.041174214400855
depth_vector,start_model,resistivity_model,conductivity_model,E/I[V/A],modelled_thickness,rhoa,sigma
0.0,20.6304,29.13331924032347,0.0343249593961781,6.25274944861741e-05,1.0,22.23895390803281,0.0449661438274214
1.0,20.6304,28.695516106338275,0.0348486500920302,4.139337712327891e-05,1.0,21.85322520157249,0.0457598359407399
2.0,20.6304,27.83842908947201,0.0359215671540238,2.887876450014309e-05,1.0,21.68807268302659,0.0461082925447135
3.0,20.6304,26.60463221437483,0.037587439358011,1.8685643839632736e-05,1.0,21.45982349776109,0.0465987057211505
4.0,20.6304,25.05947432548165,0.0399050669224594,1.1488717051588288e-05,1.0,21.004472179879063,0.047608908780766
5.0,20.6304,23.284621123301267,0.0429468014405132,7.6239667033104674e-06,1.0,20.723921475721003,0.0482534158012297
6.0,20.6304,21.37131924257842,0.046791683220364,5.366012769195165e-06,1.5,20.53073496311074,0.0487074623386246
7.5,20.6304,19.33539099414085,0.051718633479045,3.484928875043469e-06,1.5,20.31727307331525,0.0492192036003789
9.0,20.6304,17.359540552927832,0.0576052112065455,2.138153255164305e-06,nan,20.00030460715212,0.0499992384937177
nan,nan,nan,nan,1.4137576878592868e-06,nan,19.80100072714081,0.0505024980191693
nan,nan,nan,nan,9.965018027703075e-07,nan,19.639224951804994,0.0509185063287384
nan,nan,nan,nan,6.471268227965398e-07,nan,19.481784001248872,0.0513300013969919
Name:	33.59818286283781_10_80_1
Lambda:	33.59818286283781	Maximal Depth:	10	Filter time:	10 to 80 [us]
Chi2:	0.178299270209755	RelRMS:	3.1583493275244137	AbsRMS:	1.5530876379473233e-07	Phi model:	0.0406194054747013
depth_vector,start_model,resistivity_model,conductivity_model,E/I[V/A],modelled_thickness,rhoa,sigma
0.0,20.6304,29.04512331751738,0.0344291876150131,6.256456054789821e-05,1.0,22.230169468987715,0.0449839125785817
1.0,20.6304,28.61506626548844,0.034946625344917,4.141023754244144e-05,1.0,21.847293020443484,0.0457722610789472
2.0,20.6304,27.772346852873945,0.0360070398550606,2.8885670839727662e-05,1.0,21.684615578750552,0.0461156434324771
3.0,20.6304,26.557896510429703,0.0376535844850244,1.8686605141593333e-05,1.0,21.459087514343224,0.0466003039193349
4.0,20.6304,25.03452565503651,0.039944835136064,1.1487422452059534e-05,1.0,21.006050246045167,0.0476053321917703
5.0,20.6304,23.28101257174885,0.042953458184782,7.622074676010835e-06,1.0,20.727350865997792,0.0482454321570081
6.0,20.6304,21.385719095824445,0.046760176523372,5.364062076115172e-06,1.5,20.53571212843385,0.0486956572894004
7.5,20.6304,19.35960930078079,0.0516539349768628,3.4832076905448613e-06,1.5,20.323965543632934,0.0492029962289164
9.0,20.6304,17.380970839938254,0.0575341854726656,2.1368407953750474e-06,nan,20.00849330305351,0.0499787757555632
nan,nan,nan,nan,1.4127513457020394e-06,nan,19.81040281425107,0.0504785293553257
nan,nan,nan,nan,9.957130515994237e-07,nan,19.649595019265814,0.0508916341033762
nan,nan,nan,nan,6.465554348849277e-07,nan,19.49326021951116,0.0512997820138409
Name:	42.81332398719393_10_80_1
Lambda:	42.81332398719393	Maximal Depth:	10	Filter time:	10 to 80 [us]
Chi2:	0.1804209169373074	RelRMS:	3.1564362664538512	AbsRMS:	1.58014680723627e-07	Phi model:	0.0399364971553326
depth_vector,start_model,resistivity_model,conductivity_model,E/I[V/A],modelled_thickness,rhoa,sigma
0.0,20.6304,28.94839354199589,0.0345442312213036,6.261095617729809e-05,1.0,22.21918619292452,0.0450061487993849
1.0,20.6304,28.525666077944607,0.0350561489876366,4.143149135270352e-05,1.0,21.83982079880097,0.0457879214858256
2.0,20.6304,27.6981883125622,0.0361034443377822,2.8894488569492614e-05,1.0,21.68020369223453,0.0461250278916052
3.0,20.6304,26.502042663503826,0.0377329405396025,1.868793695625796e-05,1.0,21.458067966564823,0.0466025180625843
4.0,20.6304,25.00239965557735,0.039996160919575,1.1485856922182782e-05,1.0,21.00795896169236,0.0476010069242558
5.0,20.6304,23.27030795696636,0.0429732172796893,7.619725990836868e-06,1.0,20.73160994487966,0.0482355206691018
6.0,20.6304,21.396227454442982,0.0467372111335611,5.361624123307439e-06,1.5,20.54193677262409,0.0486809014684868
7.5,20.6304,19.383492811210303,0.051590289208437,3.481045635056057e-06,1.5,20.33238006395884,0.0491826336540206
9.0,20.6304,17.408571323181782,0.0574429676873236,2.13518475819594e-06,nan,20.01883761540133,0.0499529502767262
nan,nan,nan,nan,1.4114782459276062e-06,nan,19.822313178252266,0.0504481990072245
nan,nan,nan,nan,9.947137171986786e-07,nan,19.66275339802733,0.0508575772557024
nan,nan,nan,nan,6.458303133740116e-07,nan,19.5078485081728,0.0512614191965377
Name:	54.5559478116852_10_80_1
Lambda:	54.5559478116852	Maximal Depth:	10	Filter time:	10 to 80 [us]
Chi2:	0.1837649739532002	RelRMS:	3.1559899239977507	AbsRMS:	1.633134401007397e-07	Phi model:	0.0390965522219496
depth_vector,start_model,resistivity_model,conductivity_model,E/I[V/A],modelled_thickness,rhoa,sigma
0.0,20.6304,28.838951120702863,0.0346753249039671,6.266889118797634e-05,1.0,22.205490219425283,0.0450339078362342
1.0,20.6304,28.42442776754068,0.0351810072722713,4.145814895370224e-05,1.0,21.83045778809528,0.0458075597729941
2.0,20.6304,27.61093860961688,0.0362175300933703,2.890563572546512e-05,1.0,21.674629504785017,0.046136890126737
3.0,20.6304,26.436522880827354,0.0378264571520195,1.8689701803545182e-05,1.0,21.45671710466701,0.0466054520419851
4.0,20.6304,24.9595672601327,0.04006479718089,1.1483946404030277e-05,1.0,21.01028887934408,0.0475957282521295
5.0,20.6304,23.253732168735134,0.0430038495646092,7.616809944155355e-06,1.0,20.7369009163017,0.0482232134896241
6.0,20.6304,21.40215870189789,0.0467242587034607,5.358584200678681e-06,1.5,20.549704993150016,0.0486624990642608
7.5,20.6304,19.408789281985747,0.0515230489378412,3.478341211146402e-06,1.5,20.34291770214624,0.0491571570333048
9.0,20.6304,17.44367923136675,0.0573273554699301,2.1331076299354628e-06,nan,20.031831161305355,0.0499205485483353
nan,nan,nan,nan,1.4098789242079263e-06,nan,19.837300879112888,0.0504100838160357
nan,nan,nan,nan,9.934571922821723e-07,nan,19.67932954209433,0.050814739285756
nan,nan,nan,nan,6.449177012657302e-07,nan,19.526247654346182,0.0512131167084433
Name:	69.51927961775606_10_80_1
Lambda:	69.51927961775606	Maximal Depth:	10	Filter time:	10 to 80 [us]
Chi2:	0.1890009822213489	RelRMS:	3.158507535433454	AbsRMS:	1.72567891379363e-07	Phi model:	0.0380697319451703
depth_vector,start_model,resistivity_model,conductivity_model,E/I[V/A],modelled_thickness,rhoa,sigma
0.0,20.6304,28.711922840276056,0.034828736673715,6.274090362098121e-05,1.0,22.18849569818774,0.0450684000214433
1.0,20.6304,28.30590872518668,0.0353283128872028,4.149137732496173e-05,1.0,21.818800949833,0.0458320327638194
2.0,20.6304,27.50863109940052,0.0363522269205824,2.8919601118656203e-05,1.0,21.66765109846977,0.0461517492346285
3.0,20.6304,26.356741512683584,0.0379409571368589,1.8691980142283685e-05,1.0,21.454973516862225,0.0466092395413149
4.0,20.6304,24.90652911769036,0.0401501146657054,1.1481612828701275e-05,1.0,21.013135600842737,0.0475892802956972
5.0,20.6304,23.229183311411923,0.0430492965074981,7.613204942624253e-06,1.0,20.743446618720583,0.0482079964039109
6.0,20.6304,21.40526824028967,0.0467174710811504,5.354815017187813e-06,1.5,20.559346972655952,0.0486396771906231
7.5,20.6304,19.43620535438852,0.0514503722185775,3.4749811510549844e-06,1.5,20.356029027971093,0.0491254948902807
9.0,20.6304,17.487835444161117,0.0571826057714811,2.130522656241162e-06,nan,20.048031033173903,0.0498802100987013
nan,nan,nan,nan,1.4078867269175705e-06,nan,19.85601000861631,0.0503625854119765
nan,nan,nan,nan,9.918911898566024e-07,nan,19.7000373069256,0.0507613251904069
nan,nan,nan,nan,6.43779700391802e-07,nan,19.549251740397057,0.0511528529725552
Name:	88.58667904100822_10_80_1
Lambda:	88.58667904100822	Maximal Depth:	10	Filter time:	10 to 80 [us]
Chi2:	0.1971281150205362	RelRMS:	3.1663409172938346	AbsRMS:	1.8745388781119304e-07	Phi model:	0.0368248174537108
depth_vector,start_model,resistivity_model,conductivity_model,E/I[V/A],modelled_thickness,rhoa,sigma
0.0,20.6304,28.56263022583162,0.0350107812933703,6.282993568525682e-05,1.0,22.167529530784257,0.0451110259540329
1.0,20.6304,28.166079931801026,0.0355036981511561,4.153253290275331e-05,1.0,21.804384721317792,0.04586233515786
2.0,20.6304,27.38694696435553,0.0365137450808778,2.8936955518498043e-05,1.0,21.65898705232411,0.0461702108960213
3.0,20.6304,26.260455852004547,0.0380800701113368,1.869486819100164e-05,1.0,21.45276383366244,0.0466140403984151
4.0,20.6304,24.840753999756235,0.04025642699935,1.1478766859802024e-05,1.0,21.01660869513453,0.04758141594136
5.0,20.6304,23.19647911218697,0.0431099907517697,7.60877046451629e-06,1.0,20.75150551404764,0.048189274716625
6.0,20.6304,21.40549799142752,0.0467169696495956,5.35016918699163e-06,1.5,20.571247084409347,0.0486115399760029
7.5,20.6304,19.467189851512263,0.0513684824377627,3.470834144867685e-06,1.5,20.372240265837647,0.0490864032109864
9.0,20.6304,17.542873378756664,0.0570032045725723,2.127329168117067e-06,nan,20.068089719077417,0.0498303532622422
nan,nan,nan,nan,1.4054242809828853e-06,nan,19.87919640384036,0.0503038442643896
nan,nan,nan,nan,9.899550101514026e-07,nan,19.725715504001524,0.0506952459999304
nan,nan,nan,nan,6.423723144496333e-07,nan,19.57779521344256,0.0510782746012879
Name:	112.88378916846884_10_80_1
Lambda:	112.88378916846884	Maximal Depth:	10	Filter time:	10 to 80 [us]
Chi2:	0.2095974594443637	RelRMS:	3.183018878457402	AbsRMS:	2.097811405927705e-07	Phi model:	0.03533244702425
depth_vector,start_model,resistivity_model,conductivity_model,E/I[V/A],modelled_thickness,rhoa,sigma
0.0,20.6304,28.3863049305718,0.0352282554015337,6.293923950453558e-05,1.0,22.141857178411595,0.0451633298843154
1.0,20.6304,28.000498102544803,0.0357136503907091,4.158311852241807e-05,1.0,21.78669786340472,0.0458995670784835
2.0,20.6304,27.24206344152384,0.0367079388882027,2.8958334734939385e-05,1.0,21.64832554682712,0.0461929490960821
3.0,20.6304,26.144710519249355,0.0382486545132614,1.869847758945511e-05,1.0,21.45000303620993,0.0466200400210616
4.0,20.6304,24.760325634158733,0.0403871909754056,1.1475314521625164e-05,1.0,21.020823702505687,0.0475718751154741
5.0,20.6304,23.15482564616591,0.0431875417798961,7.603355331550733e-06,1.0,20.76135720208815,0.048166407921512
6.0,20.6304,21.403166798906422,0.0467220579737337,5.344487373774738e-06,1.5,20.58582425839765,0.0485771173137294
7.5,20.6304,19.503065473858083,0.0512739908164898,3.465757933319289e-06,1.5,20.3921278969799,0.0490385311945842
9.0,20.6304,17.61084623240715,0.0567831884284934,2.1234180591314005e-06,nan,20.09272434400046,0.0497692589058284
nan,nan,nan,nan,1.4024077333669092e-06,nan,19.907692664871828,0.0502318383568655
nan,nan,nan,nan,9.875828821937097e-07,nan,19.757289704029628,0.0506142297339519
nan,nan,nan,nan,6.40647890854337e-07,nan,19.61291100291286,0.0509868218874537
Name:	143.8449888287663_10_80_1
Lambda:	143.8449888287663	Maximal Depth:	10	Filter time:	10 to 80 [us]
Chi2:	0.2284590462289198	RelRMS:	3.2135638613753854	AbsRMS:	2.412454377328929e-07	Phi model:	0.0335685360295767
depth_vector,start_model,resistivity_model,conductivity_model,E/I[V/A],modelled_thickness,rhoa,sigma
0.0,20.6304,28.178446646311823,0.0354881165932149,6.307222896947437e-05,1.0,22.110721768904742,0.0452269270289648
1.0,20.6304,27.80495939311861,0.0359648070641487,4.164470662239547e-05,1.0,21.765212423310803,0.0459448766476998
2.0,20.6304,27.070346302007472,0.0369407908138154,2.898439989837733e-05,1.0,21.635344960674367,0.0462206635400386
3.0,20.6304,26.006675195438525,0.0384516664465973,1.87029202250538e-05,1.0,21.44660612210969,0.046627424139108
4.0,20.6304,24.663390921769405,0.0405459250583965,1.1471154084179383e-05,1.0,21.025906047070123,0.0475603761265425
5.0,20.6304,23.103447448722243,0.0432835836391726,7.5967991638750785e-06,1.0,20.77330042232317,0.0481387155468753
6.0,20.6304,21.39859930279741,0.0467320307207804,5.337601462495968e-06,1.5,20.60352530500608,0.048535383396599
7.5,20.6304,19.54520516288173,0.0511634434975949,3.459603013302048e-06,1.5,20.416306919657192,0.0489804548851674
9.0,20.6304,17.69397779971289,0.0565164041302361,2.118675059554071e-06,nan,20.122700392985383,0.0496951194656057
nan,nan,nan,nan,1.398749468318978e-06,nan,19.942388374340435,0.0501444451501448
nan,nan,nan,nan,9.847061982845905e-07,nan,19.79574979869682,0.0505158940767088
nan,nan,nan,nan,6.385568161978297e-07,nan,19.65570511717533,0.0508758141231062
Name:	183.29807108324357_10_80_1
Lambda:	183.2980710832436	Maximal Depth:	10	Filter time:	10 to 80 [us]
Chi2:	0.2565074313845379	RelRMS:	3.264682346465199	AbsRMS:	2.832351801191464e-07	Phi model:	0.0315190222163857
depth_vector,start_model,resistivity_model,conductivity_model,E/I[V/A],modelled_thickness,rhoa,sigma
0.0,20.6304,27.93521381472473,0.0357971127993621,6.323226960730258e-05,1.0,22.07339791067573,0.0453034011368205
1.0,20.6304,27.575871077798027,0.0362635870025198,4.171883996479192e-05,1.0,21.73942061972632,0.0459993859768554
2.0,20.6304,26.86868393655746,0.0372180491743178,2.9015794006776404e-05,1.0,21.619736337170195,0.046254033092935
3.0,20.6304,25.843924701342363,0.0386938134031964,1.870829955404035e-05,1.0,21.44249479604188,0.0466363643555409
4.0,20.6304,24.548372460969208,0.0407358981370334,1.1466182005812333e-05,1.0,21.031983914347016,0.0475466320282723
5.0,20.6304,23.041722594887585,0.0433995329941988,7.588942644486946e-06,1.0,20.787635110572577,0.0481055201652736
6.0,20.6304,21.39218012192227,0.0467460536654335,5.3293456039021726e-06,1.5,20.624798198711915,0.0484853228800295
7.5,20.6304,19.594994868851074,0.0510334402582384,3.4522227027854894e-06,1.5,20.445394469078053,0.0489107706634086
9.0,20.6304,17.794548120747255,0.0561969875949851,2.112988636242025e-06,nan,20.15878669856224,0.0496061600806224
nan,nan,nan,nan,1.3943642742253224e-06,nan,19.98417825240259,0.0500395856847291
nan,nan,nan,nan,9.812584029681363e-07,nan,19.84209286646989,0.0503979094710239
nan,nan,nan,nan,6.360511035597287e-07,nan,19.7072934956655,0.0507426349650673
Name:	233.57214690901213_10_80_1
Lambda:	233.57214690901213	Maximal Depth:	10	Filter time:	10 to 80 [us]
Chi2:	0.9770800162825536	RelRMS:	3.870829788735856	AbsRMS:	9.72149803561182e-07	Phi model:	0.0264937642736004
depth_vector,start_model,resistivity_model,conductivity_model,E/I[V/A],modelled_thickness,rhoa,sigma
0.0,20.6304,27.10714370309996,0.036890644435018,6.519175354343444e-05,1.0,21.62884178709048,0.0462345607704646
1.0,20.6304,26.741385614543884,0.0373952200687808,4.293358729197119e-05,1.0,21.327404040504923,0.0468880318533284
2.0,20.6304,26.02768905105587,0.0384206219014835,2.9810268064206816e-05,1.0,21.2338842314108,0.0470945395153244
3.0,20.6304,25.01127383869453,0.0399819699887862,1.9182973021313374e-05,1.0,21.087296900587766,0.0474219149431204
4.0,20.6304,23.75721941745829,0.0420924680800454,1.1735783036706798e-05,1.0,20.70863214972917,0.048289041631032
5.0,20.6304,22.340914825585944,0.0447609244208186,7.755575112489703e-06,1.0,20.488803300929472,0.0488071453131006
6.0,20.6304,20.838510984850192,0.0479880736549271,5.439293702885028e-06,1.5,20.345918066433526,0.0491499079439324
7.5,20.6304,19.27588642157173,0.0518782886622996,3.5181708076208977e-06,1.5,20.18909027059081,0.0495317018546738
9.0,20.6304,17.767022130810396,0.0562840521409531,2.1502903805616364e-06,nan,19.92497365281388,0.0501882721364992
nan,nan,nan,nan,1.4173229827219591e-06,nan,19.76778033542655,0.0505873690941346
nan,nan,nan,nan,9.964701691582497e-07,nan,19.63964058982774,0.0509174287292174
nan,nan,nan,nan,6.452022317454286e-07,nan,19.520506590262823,0.051228178704072
Name:	297.63514416313194_10_80_1
Lambda:	297.63514416313194	Maximal Depth:	10	Filter time:	10 to 80 [us]
Chi2:	0.946514933042239	RelRMS:	3.829912851645698	AbsRMS:	9.85613748076306e-07	Phi model:	0.0246527770928626
depth_vector,start_model,resistivity_model,conductivity_model,E/I[V/A],modelled_thickness,rhoa,sigma
0.0,20.6304,26.892837479531483,0.0371846221419035,6.525889824984194e-05,1.0,21.61400333672579,0.0462663017313795
1.0,20.6304,26.54276632672248,0.0376750481728511,4.294410527789568e-05,1.0,21.323921521511966,0.0468956893782966
2.0,20.6304,25.859189056407875,0.0386709729303054,2.979596115812174e-05,1.0,21.24068083223347,0.0470794701873428
3.0,20.6304,24.884510887747464,0.0401856401562779,1.9157858236438395e-05,1.0,21.10572231722272,0.0473805153393863
4.0,20.6304,23.67999496407478,0.0422297387105492,1.171159841645797e-05,1.0,20.737131430201973,0.0482226774405055
5.0,20.6304,22.31688850999031,0.0448091139386363,7.734726214714922e-06,1.0,20.52560505948357,0.0487196356503002
6.0,20.6304,20.86750875369974,0.0479213887868959,5.421752792923289e-06,1.5,20.389777653153924,0.0490441836596152
7.5,20.6304,19.35596540165913,0.0516636592000873,3.5046632231207155e-06,1.5,20.24093185970861,0.0494048400009976
9.0,20.6304,17.89209399528072,0.0558906073410839,2.140796021481325e-06,nan,19.98384125683925,0.0500404295224153
nan,nan,nan,nan,1.410395320775474e-06,nan,19.83245848296799,0.050422392204113
nan,nan,nan,nan,9.912167924941042e-07,nan,19.70897187920962,0.0507383138059509
nan,nan,nan,nan,6.415147242774954e-07,nan,19.595239329733914,0.0510328035893185
Name:	379.26901907322497_10_80_1
Lambda:	379.26901907322497	Maximal Depth:	10	Filter time:	10 to 80 [us]
Chi2:	0.9293201298506722	RelRMS:	3.824002459120312	AbsRMS:	1.003479720664053e-06	Phi model:	0.0225722494351338
depth_vector,start_model,resistivity_model,conductivity_model,E/I[V/A],modelled_thickness,rhoa,sigma
0.0,20.6304,26.643093329387384,0.037533179336087,6.53420011892532e-05,1.0,21.59567344039861,0.0463055714729099
1.0,20.6304,26.311170244871185,0.0380066713374305,4.295902250499888e-05,1.0,21.318984845059628,0.0469065486592217
2.0,20.6304,25.662483307086127,0.0389673901794169,2.9780806694812667e-05,1.0,21.247886005862085,0.0470635055046939
3.0,20.6304,24.736262860398146,0.0404264785527066,1.912934625494212e-05,1.0,21.126688936364555,0.0473334938102268
4.0,20.6304,23.58944733042107,0.0423918367392353,1.1683776540947174e-05,1.0,20.77003843617681,0.0481462758517683
5.0,20.6304,22.28856571884696,0.0448660543084838,7.710618596821639e-06,1.0,20.568365654027783,0.0486183499856332
6.0,20.6304,20.90153526827452,0.0478433754824629,5.401415400765408e-06,1.5,20.440926606505,0.0489214613040959
7.5,20.6304,19.450472863524983,0.0514126318170534,3.488971263392015e-06,1.5,20.301576722435293,0.0492572578806107
9.0,20.6304,18.04034805150276,0.0554313030516448,2.129754429309669e-06,nan,20.052851780388373,0.0498682187926007
nan,nan,nan,nan,1.4023337262196852e-06,nan,19.908393068090582,0.0502300711353148
nan,nan,nan,nan,9.851011474297633e-07,nan,19.790458405017773,0.0505294005593349
nan,nan,nan,nan,6.372206320911727e-07,nan,19.683172809761725,0.0508048173770062
Name:	483.2930238571752_10_80_1
Lambda:	483.2930238571752	Maximal Depth:	10	Filter time:	10 to 80 [us]
Chi2:	0.9338172501480518	RelRMS:	3.872188542321716	AbsRMS:	1.0268332256095183e-06	Phi model:	0.0202818165622524
depth_vector,start_model,resistivity_model,conductivity_model,E/I[V/A],modelled_thickness,rhoa,sigma
0.0,20.6304,26.35744004581816,0.037939951613725,6.544366976451601e-05,1.0,21.57330132262322,0.0463535916476229
1.0,20.6304,26.046104230367785,0.0383934576608994,4.29797232917532e-05,1.0,21.31213890067557,0.0469216161109151
2.0,20.6304,25.43705809249641,0.0393127222638606,2.976556074983258e-05,1.0,21.25514084322108,0.0470474417166203
3.0,20.6304,24.56603772981468,0.0407066052327333,1.909778343222483e-05,1.0,21.14995985329723,0.0472814136261399
4.0,20.6304,23.48519504731461,0.0425800168142245,1.1652463096852943e-05,1.0,20.80723174523109,0.0480602134990491
5.0,20.6304,22.25580307637735,0.0449321013745585,7.683314612746544e-06,1.0,20.61706566247117,0.0485035075491019
6.0,20.6304,20.940833426844343,0.0477535912547819,5.378305817959529e-06,1.5,20.499438668022965,0.0487818235510954
7.5,20.6304,19.56019966976701,0.0511242224968509,3.471097737409237e-06,1.5,20.371208884420284,0.049088888424525
9.0,20.6304,18.213244771219305,0.0549050986005638,2.1171614700804025e-06,nan,20.132289924375684,0.0496714483924267
nan,nan,nan,nan,1.39313260876559e-06,nan,19.99595516271561,0.0500101141387132
nan,nan,nan,nan,9.78117755080757e-07,nan,19.884544282407933,0.050290315221592
nan,nan,nan,nan,6.323154120636708e-07,nan,19.784837145589485,0.0505437569509094
Name:	615.8482110660261_10_80_1
Lambda:	615.8482110660261	Maximal Depth:	10	Filter time:	10 to 80 [us]
Chi2:	0.9692136828396644	RelRMS:	3.992505857106461	AbsRMS:	1.0567459920360683e-06	Phi model:	0.0178353993536758
depth_vector,start_model,resistivity_model,conductivity_model,E/I[V/A],modelled_thickness,rhoa,sigma
0.0,20.6304,26.03765905500032,0.0384059103734196,6.556621376483084e-05,1.0,21.54641244507533,0.0464114386814572
1.0,20.6304,25.7491569614176,0.0388362229294883,4.300770968405744e-05,1.0,21.30289227038297,0.0469419826804589
2.0,20.6304,25.184155405139663,0.0397075059263618,2.9751263480726857e-05,1.0,21.261949879175816,0.0470323750024173
3.0,20.6304,24.37465199876594,0.0410262267560016,1.906384941028612e-05,1.0,21.175050639302945,0.0472253888330214
4.0,20.6304,23.367643343362843,0.0427942169993805,1.1618092724329769e-05,1.0,20.848248239898098,0.0479656606393558
5.0,20.6304,22.218697790565955,0.0450071381062034,7.653114871286814e-06,1.0,20.67126766946727,0.0483763267928198
6.0,20.6304,20.98536272763189,0.047652261863612,5.352643929829378e-06,1.5,20.56490598510657,0.0486265291328934
7.5,20.6304,19.685176159815185,0.0507996469973875,3.451193281215276e-06,1.5,20.44945990040168,0.0489010470139779
9.0,20.6304,18.41109778258784,0.0543150664783141,2.1031157853976966e-06,nan,20.22182627789753,0.0494515176946703
nan,nan,nan,nan,1.382860877798415e-06,nan,20.094851413857874,0.0497639907558797
nan,nan,nan,nan,9.70317388768143e-07,nan,19.990969701165884,0.0500225859449769
nan,nan,nan,nan,6.268338602862333e-07,nan,19.90001296517205,0.0502512235419216
Name:	784.7599703514607_10_80_1
Lambda:	784.7599703514607	Maximal Depth:	10	Filter time:	10 to 80 [us]
Chi2:	0.861059910565518	RelRMS:	4.435323963732111	AbsRMS:	7.758521851363543e-07	Phi model:	0.0149265314762215
depth_vector,start_model,resistivity_model,conductivity_model,E/I[V/A],modelled_thickness,rhoa,sigma
0.0,20.6304,25.734028268175585,0.038859054228858,6.484341430052398e-05,1.0,21.70623278512237,0.0460697169287435
1.0,20.6304,25.499059818625884,0.0392171322045978,4.246296355477649e-05,1.0,21.484697705133467,0.0465447554219515
2.0,20.6304,25.03470811831215,0.0399445440016346,2.9329405392794376e-05,1.0,21.46534438131544,0.0465867205405962
3.0,20.6304,24.35777234540789,0.0410546574546882,1.8760839187572148e-05,1.0,21.402443023179387,0.0467236379938951
4.0,20.6304,23.4948807410661,0.0425624633306661,1.1415800817251902e-05,1.0,21.093818587821357,0.0474072532593674
5.0,20.6304,22.48058922464888,0.0444828198232254,7.510177717947181e-06,1.0,20.932726023634668,0.0477720865820783
6.0,20.6304,21.355027232976997,0.046827381163709,5.246858613016084e-06,1.5,20.84040031275663,0.0479837232007433
7.5,20.6304,20.11126719459576,0.0497233710001484,3.3787221092307974e-06,1.5,20.740841908163443,0.048214050539887
9.0,20.6304,18.839746494297383,0.0530792704828958,2.056558317665541e-06,nan,20.52588120178928,0.0487189802069412
nan,nan,nan,nan,1.350955508309096e-06,nan,20.410004250665207,0.048995580192856
nan,nan,nan,nan,9.47189673053022e-07,nan,20.31507519598869,0.0492245286001921
nan,nan,nan,nan,6.113434650197625e-07,nan,20.2347639286823,0.0494198995117765
Name:	1000.0_10_80_1
Lambda:	1000.0	Maximal Depth:	10	Filter time:	10.0 to 80.0 [us]
Chi2:	1.0742772510994005	RelRMS:	4.800504953694917	AbsRMS:	8.896201287510421e-07	Phi model:	0.012157661514924138
depth_vector,start_model,resistivity_model,conductivity_model,E/I[V/A],modelled_thickness,rhoa,sigma
0.0,20.6304,25.29219540682354,0.03953788842427698,6.520087899784037e-05,1.0,21.626823638287117,0.04623887523776939
1.0,20.6304,25.08199249368076,0.03986924086082648,4.262717808320736e-05,1.0,21.429484594783634,0.046664678078324855
2.0,20.6304,24.66625991242369,0.0405412090665731,2.9397937113003333e-05,1.0,21.43197176492955,0.046659262664593526
3.0,20.6304,24.059532253470902,0.041563567797779484,1.877167221473147e-05,1.0,21.394208077465535,0.04674162261015389
4.0,20.6304,23.284981469523565,0.04294613681822531,1.140422114777807e-05,1.0,21.108095063549467,0.04737518932851743
5.0,20.6304,22.37275878522179,0.04469721457241763,7.492538174133047e-06,1.0,20.965567498419986,0.047697254084601445
6.0,20.6304,21.357956162443234,0.04682095947731384,5.228519656745602e-06,1.5,20.889103469160325,0.047871848663890826
7.5,20.6304,20.233993196704105,0.049421781962588035,3.3624729502401177e-06,1.5,20.807608319164544,0.04805934371029873
9.0,20.6304,19.080858370208794,0.052408543714223765,2.044147307804239e-06,nan,20.608879077130435,0.04852277488054626
nan,nan,nan,nan,1.3414414956054846e-06,nan,20.50639420461874,0.04876527730919977
nan,nan,nan,nan,9.397407118217557e-07,nan,20.42228703241193,0.04896611228766464
nan,nan,nan,nan,6.059561436633473e-07,nan,20.35451987979144,0.04912913720911831
