Name:	10.0_10_80_1
Lambda:	10	Maximal Depth:	10	Filter time:	10 to 80 [us]
Chi2:	0.3543689010712383	RelRMS:	2.536585408119956	AbsRMS:	3.9218477397527867e-07	Phi model:	0.0152727694946176
depth_vector,start_model,resistivity_model,conductivity_model,E/I[V/A],modelled_thickness,rhoa,sigma
0.0,21.0242,25.90688925240483,0.038599771290842,6.519467390610017e-05,1.0,21.62819588020014,0.0462359415246218
1.0,21.0242,25.63090611368758,0.0390153978780318,4.2704016687236814e-05,1.0,21.40377107485497,0.0467207389063693
2.0,21.0242,25.09400468557923,0.039850155944805,2.9502336181843224e-05,1.0,21.381381430251786,0.0467696628144491
3.0,21.0242,24.3222304617918,0.0411146503019497,1.8875362407822025e-05,1.0,21.315784660946804,0.0469135908391927
4.0,21.0242,23.35976723198605,0.0428086457398736,1.148682512919393e-05,1.0,21.00677845917884,0.0476036819231105
5.0,21.0242,22.26153207515164,0.0449205381113998,7.557556397801329e-06,1.0,20.84514885740075,0.0479727924631713
6.0,21.0242,21.08802139518861,0.0474202857280938,5.28035598659625e-06,1.5,20.75216903165549,0.0481877339411891
7.5,21.0242,19.87963808450821,0.0503027266265616,3.400522387550426e-06,1.5,20.652102478415145,0.0484212201176691
9.0,21.0242,18.75842792561297,0.0533093713378075,2.0698906671498825e-06,nan,20.43764696271535,0.0489293117658951
nan,nan,nan,nan,1.3597452544021913e-06,nan,20.3219521727954,0.0492078709514276
nan,nan,nan,nan,9.5337373943304e-07,nan,20.227130683584,0.0494385494236996
nan,nan,nan,nan,6.15346544954215e-07,nan,20.14691158215988,0.049635399248265
Name:	12.742749857031335_10_80_1
Lambda:	12.742749857031336	Maximal Depth:	10	Filter time:	10 to 80 [us]
Chi2:	0.351938287004876	RelRMS:	2.528327883706483	AbsRMS:	3.915852333646429e-07	Phi model:	0.0152115430103506
depth_vector,start_model,resistivity_model,conductivity_model,E/I[V/A],modelled_thickness,rhoa,sigma
0.0,21.0242,25.88099125785494,0.0386383964214082,6.519495321457765e-05,1.0,21.62813410708757,0.0462360735812294
1.0,21.0242,25.60832301137728,0.0390498042201248,4.270280849337241e-05,1.0,21.4041747919852,0.0467198576781596
2.0,21.0242,25.07693885128522,0.0398772755291361,2.9500676359341945e-05,1.0,21.382183422377626,0.0467679086015811
3.0,21.0242,24.313132762354098,0.041130034939322,1.887378044671115e-05,1.0,21.316975740865924,0.0469109695557301
4.0,21.0242,23.36026329037763,0.0428077366924161,1.148566160658775e-05,1.0,21.008197123585933,0.0476004672898512
5.0,21.0242,22.271807289990683,0.0448998137860781,7.556689270571365e-06,1.0,20.846743475525745,0.0479691229075662
6.0,21.0242,21.10613566688109,0.047379587423441,5.279688811895796e-06,1.5,20.753917244611493,0.0481836748317784
7.5,21.0242,19.89778592519791,0.0502568478603256,3.400054222769096e-06,1.5,20.653998206059,0.0484167757749994
9.0,21.0242,18.760781029838785,0.0533026849153834,2.069590986383739e-06,nan,20.43961985556767,0.048924588963312
nan,nan,nan,nan,1.3595407107963032e-06,nan,20.32399042052608,0.0492029360036529
nan,nan,nan,nan,9.532256046291456e-07,nan,20.22922621019796,0.0494334281306261
nan,nan,nan,nan,6.152478598277629e-07,nan,20.14906588722382,0.0496300923128194
Name:	16.237767391887218_10_80_1
Lambda:	16.237767391887218	Maximal Depth:	10	Filter time:	10 to 80 [us]
Chi2:	0.3494970194194289	RelRMS:	2.5184921416668966	AbsRMS:	3.91389130152789e-07	Phi model:	0.0151408772619081
depth_vector,start_model,resistivity_model,conductivity_model,E/I[V/A],modelled_thickness,rhoa,sigma
0.0,21.0242,25.85621243814261,0.0386754248091193,6.519687590559692e-05,1.0,21.62770888810761,0.0462369826213939
1.0,21.0242,25.58654681763643,0.0390830387205949,4.270239029123821e-05,1.0,21.404314538369533,0.0467195526494152
2.0,21.0242,25.060254282523623,0.0399038249463164,2.9499366314860515e-05,1.0,21.382816462056493,0.0467665240345903
3.0,21.0242,24.303729701961625,0.0411459480607738,1.88722630356254e-05,1.0,21.31811837655268,0.0469084551617781
4.0,21.0242,23.359556100805385,0.0428090326581814,1.1484434672600328e-05,1.0,21.0096933639534,0.0475970773431521
5.0,21.0242,22.27994216101713,0.0448834199286964,7.555722138112091e-06,1.0,20.848522359734552,0.0479650299788791
6.0,21.0242,21.12146253046664,0.047345206259157,5.278916810257245e-06,1.5,20.755940597533183,0.0481789777389731
7.5,21.0242,19.91385478537697,0.0502162946741137,3.399491544189075e-06,1.5,20.656277221740748,0.0484114339319332
9.0,21.0242,18.76471318241812,0.0532915153180686,2.0692171659322846e-06,nan,20.442081500807543,0.048918697440889
nan,nan,nan,nan,1.359278439075777e-06,nan,20.326604668586263,0.0491966079089169
nan,nan,nan,nan,9.530318877620772e-07,nan,20.231967363374856,0.0494267305813403
nan,nan,nan,nan,6.151158715402984e-07,nan,20.151948103647825,0.0496229940081566
Name:	20.6913808111479_10_80_1
Lambda:	20.6913808111479	Maximal Depth:	10	Filter time:	10 to 80 [us]
Chi2:	0.3469515389404232	RelRMS:	2.5065911005838486	AbsRMS:	3.916129757404037e-07	Phi model:	0.0150561141614825
depth_vector,start_model,resistivity_model,conductivity_model,E/I[V/A],modelled_thickness,rhoa,sigma
0.0,21.0242,25.831676487289936,0.0387121602615313,6.520061748528378e-05,1.0,21.626881466800384,0.0462387515987965
1.0,21.0242,25.56477749152669,0.0391163193316055,4.270278811837216e-05,1.0,21.40418160044044,0.046719842817042
2.0,21.0242,25.04326557317007,0.0399308946781821,2.949836863563697e-05,1.0,21.38329859202865,0.0467654695881571
3.0,21.0242,24.293531309277263,0.0411632210759791,1.887074768617805e-05,1.0,21.31925961261124,0.0469059441167674
4.0,21.0242,23.357434745884834,0.0428129206344537,1.1483087223375144e-05,1.0,21.011336879085626,0.0475933542808209
5.0,21.0242,22.286064080466723,0.0448710905788195,7.554607145311098e-06,1.0,20.850573680217263,0.0479603110848113
6.0,21.0242,21.13446654485553,0.0473160748049927,5.27800036786998e-06,1.5,20.758343158099034,0.0481734015274644
7.5,21.0242,19.92846893472823,0.0501794695455683,3.398804451321201e-06,1.5,20.65906100503996,0.0484049105501959
9.0,21.0242,18.770487815977564,0.0532751204872146,2.068748693519011e-06,nan,20.44516748538721,0.0489113136742328
nan,nan,nan,nan,1.3589437230091822e-06,nan,20.32994224211534,0.0491885312850721
nan,nan,nan,nan,9.527815528101532e-07,nan,20.23551105556116,0.0494180748513973
nan,nan,nan,nan,6.149429338200308e-07,nan,20.155726089588764,0.0496136926824253
Name:	26.366508987303583_10_80_1
Lambda:	26.366508987303583	Maximal Depth:	10	Filter time:	10 to 80 [us]
Chi2:	0.344206106938193	RelRMS:	2.492043130505849	AbsRMS:	3.922916289388568e-07	Phi model:	0.0149520987693819
depth_vector,start_model,resistivity_model,conductivity_model,E/I[V/A],modelled_thickness,rhoa,sigma
0.0,21.0242,25.80635160162316,0.0387501501737697,6.520643568285209e-05,1.0,21.62559497476265,0.0462415023108965
1.0,21.0242,25.54207722056237,0.0391510835772965,4.2704059436531526e-05,1.0,21.4037567905569,0.046720770086548
2.0,21.0242,25.02518927140662,0.0399597377328364,2.9497653139141928e-05,1.0,21.38364437351104,0.0467647133731212
3.0,21.0242,24.28199329183866,0.0411827805065783,1.886916580395266e-05,1.0,21.3204511186197,0.0469033227503649
4.0,21.0242,23.35366900458971,0.0428198241485511,1.148155244106059e-05,1.0,21.013209280343045,0.0475891134314003
5.0,21.0242,22.290300085411097,0.044862563364703,7.553286725811008e-06,1.0,20.853003589473005,0.0479547224796345
6.0,21.0242,21.14561503722607,0.047291128597562,5.276891091970769e-06,1.5,20.761252184479705,0.0481666515638955
7.5,21.0242,19.942262373505105,0.0501447619768848,3.397955911235306e-06,1.5,20.66250019266454,0.0483968537532071
9.0,21.0242,18.778456137756816,0.0532525140865736,2.0681598681475176e-06,nan,20.4490479275602,0.0489020321895891
nan,nan,nan,nan,1.3585179796847744e-06,nan,20.334189461172016,0.0491782572356519
nan,nan,nan,nan,9.524605908399988e-07,nan,20.24005680078795,0.0494069759705946
nan,nan,nan,nan,6.147192860910385e-07,nan,20.160614509582228,0.0496016626638392
Name:	33.59818286283781_10_80_1
Lambda:	33.59818286283781	Maximal Depth:	10	Filter time:	10 to 80 [us]
Chi2:	0.3411688020644703	RelRMS:	2.474177287396649	AbsRMS:	3.934814714807327e-07	Phi model:	0.0148230340396297
depth_vector,start_model,resistivity_model,conductivity_model,E/I[V/A],modelled_thickness,rhoa,sigma
0.0,21.0242,25.77906640648673,0.0387911642815882,6.521467954659058e-05,1.0,21.6237724585669,0.0462453996829688
1.0,21.0242,25.517380639013894,0.0391889753163412,4.2706296932876494e-05,1.0,21.403009184243945,0.0467224020413055
2.0,21.0242,25.00514239429601,0.0399917738612083,2.949719807959389e-05,1.0,21.38386429963188,0.0467642324131852
3.0,21.0242,24.26850319656496,0.0412056727149758,1.8867442374615703e-05,1.0,21.32174943031213,0.0469004667402359
4.0,21.0242,23.34798733155805,0.0428302442432954,1.1479752965312488e-05,1.0,21.015405133209747,0.0475841409509513
5.0,21.0242,22.292754156875667,0.0448576247224963,7.551692704426242e-06,1.0,20.85593793948552,0.0479479754351756
6.0,21.0242,21.15536576921112,0.0472693316158763,5.275530974118541e-06,1.5,20.764820423916905,0.0481583745770418
7.5,21.0242,19.955885070492045,0.0501105311274146,3.3969010621250927e-06,1.5,20.6667775603098,0.0483868371390653
9.0,21.0242,18.78906729314663,0.053222439645248,2.067419283674309e-06,nan,20.45393109873449,0.048890357319228
nan,nan,nan,nan,1.3579783707963557e-06,nan,20.339575792825045,0.0491652338370182
nan,nan,nan,nan,9.520517197045022e-07,nan,20.24585129185463,0.049392835380665
nan,nan,nan,nan,6.14432838910213e-07,nan,20.16687991100149,0.0495862525295485
Name:	42.81332398719393_10_80_1
Lambda:	42.81332398719393	Maximal Depth:	10	Filter time:	10 to 80 [us]
Chi2:	0.3377598526126395	RelRMS:	2.4522288304521416	AbsRMS:	3.95268155562687e-07	Phi model:	0.0146622000441726
depth_vector,start_model,resistivity_model,conductivity_model,E/I[V/A],modelled_thickness,rhoa,sigma
0.0,21.0242,25.748495251378053,0.038837220980767,6.52258165889648e-05,1.0,21.62131094116385,0.0462506645744659
1.0,21.0242,25.48947774942959,0.039231874808513,4.2709639822651736e-05,1.0,21.401892358561888,0.0467248401798426
2.0,21.0242,24.98212027529766,0.0400286280339783,2.949699375448234e-05,1.0,21.38396304993054,0.0467640164578028
3.0,21.0242,24.25235414234469,0.0412331105727174,1.886549513092297e-05,1.0,21.32321658600568,0.0468972397277198
4.0,21.0242,23.3400502502125,0.0428448092133347,1.1477598606755814e-05,1.0,21.01803479487721,0.0475781874832433
5.0,21.0242,22.29348605979736,0.0448561520310336,7.549743806839859e-06,1.0,20.859526965340024,0.0479397256544498
6.0,21.0242,21.16415582033216,0.0472496993732824,5.273850059625136e-06,1.5,20.769232385240624,0.048148144401843
7.5,21.0242,19.9700090500368,0.0500750899758934,3.395585273669597e-06,1.5,20.67211612970048,0.0483743412491408
9.0,21.0242,18.80289505501301,0.0531832995437259,2.066488395853469e-06,nan,20.460073204722026,0.0488756804530498
nan,nan,nan,nan,1.3572967249410533e-06,nan,20.346385027226177,0.0491487799263538
nan,nan,nan,nan,9.51533550636661e-07,nan,20.25320070653978,0.0493749118714405
nan,nan,nan,nan,6.140685780799835e-07,nan,20.174854349696048,0.0495666527582671
Name:	54.5559478116852_10_80_1
Lambda:	54.5559478116852	Maximal Depth:	10	Filter time:	10 to 80 [us]
Chi2:	0.3339265212335207	RelRMS:	2.425360411206237	AbsRMS:	3.9777379855478933e-07	Phi model:	0.0144617869474281
depth_vector,start_model,resistivity_model,conductivity_model,E/I[V/A],modelled_thickness,rhoa,sigma
0.0,21.0242,25.713138038862223,0.0388906246483266,6.5240453312171e-05,1.0,21.618076986749628,0.0462575834387549
1.0,21.0242,25.45699340776997,0.0392819365579432,4.271428210193831e-05,1.0,21.4003416615983,0.0467282259233479
2.0,21.0242,24.954974793644563,0.0400721703094918,2.9497044885319625e-05,1.0,21.38393833829688,0.0467640704990755
3.0,21.0242,24.23272330943208,0.0412665133518349,1.8863233653979525e-05,1.0,21.324920818343408,0.0468934918220101
4.0,21.0242,23.329432295163443,0.042864309227418,1.147498448825622e-05,1.0,21.02122675548391,0.0475709629904984
5.0,21.0242,22.29250081825528,0.0448581344979071,7.547343719991484e-06,1.0,20.863949008829973,0.047929564991593
6.0,21.0242,21.17240275276173,0.0472312949870349,5.271764664835104e-06,1.5,20.77470926021699,0.0481354510175973
7.5,21.0242,19.985343315984817,0.0500366685820289,3.393942686205417e-06,1.5,20.67878546653136,0.0483587395216465
9.0,21.0242,18.82065784222401,0.0531331055685262,2.065320458505124e-06,nan,20.467785916458,0.0488572630220793
nan,nan,nan,nan,1.3564387453919366e-06,nan,20.35496383577847,0.0491280656683001
nan,nan,nan,nan,9.508799797154916e-07,nan,20.262480102066974,0.0493523001608273
nan,nan,nan,nan,6.136081325636376e-07,nan,20.184945762918787,0.0495418720340122
Name:	69.51927961775606_10_80_1
Lambda:	69.51927961775606	Maximal Depth:	10	Filter time:	10 to 80 [us]
Chi2:	0.3296673857797944	RelRMS:	2.392711520640035	AbsRMS:	4.011666015885054e-07	Phi model:	0.0142127816021948
depth_vector,start_model,resistivity_model,conductivity_model,E/I[V/A],modelled_thickness,rhoa,sigma
0.0,21.0242,25.671293786538765,0.0389540164323299,6.525935962299725e-05,1.0,21.61390146492557,0.0462665197961955
1.0,21.0242,25.418361711508577,0.0393416385898401,4.272048283413503e-05,1.0,21.398270820492417,0.0467327480986142
2.0,21.0242,24.922389875811,0.0401245628923642,2.9497374095162995e-05,1.0,21.383779232245303,0.0467644184472343
3.0,21.0242,24.208650448386084,0.0413075483960596,1.886055897717619e-05,1.0,21.32693687463998,0.0468890589341551
4.0,21.0242,23.315606319965227,0.0428897274330668,1.147178940967366e-05,1.0,21.02512974170756,0.0475621321858623
5.0,21.0242,22.28974191680852,0.0448636867906446,7.544379256886815e-06,1.0,20.86941412443521,0.0479170135796547
6.0,21.0242,21.180509035007592,0.0472132184522656,5.269175641844014e-06,1.5,20.781513840902925,0.0481196898193125
7.5,21.0242,20.00265005316079,0.0499933757448294,3.3918947642797684e-06,1.5,20.68710810638916,0.0483392842951863
9.0,21.0242,18.843240358370995,0.0530694286641499,2.063859462070731e-06,nan,20.47744414362186,0.0488342193970272
nan,nan,nan,nan,1.3553632161955024e-06,nan,20.365730673411367,0.0491020929244418
nan,nan,nan,nan,9.500595763749536e-07,nan,20.274143240695828,0.0493239091846171
nan,nan,nan,nan,6.130293397330991e-07,nan,20.197648868083668,0.0495107131791067
Name:	88.58667904100822_10_80_1
Lambda:	88.58667904100822	Maximal Depth:	10	Filter time:	10 to 80 [us]
Chi2:	0.3250704911445597	RelRMS:	2.3535000762679203	AbsRMS:	4.056726601101062e-07	Phi model:	0.0139049837441589
depth_vector,start_model,resistivity_model,conductivity_model,E/I[V/A],modelled_thickness,rhoa,sigma
0.0,21.0242,25.62103838765801,0.0390304243282236,6.52834932491168e-05,1.0,21.6085744015326,0.0462779256705187
1.0,21.0242,25.37180478624396,0.0394138299748458,4.2728577315372206e-05,1.0,21.395568283037864,0.0467386510501236
2.0,21.0242,24.88286186432153,0.0401883033170656,2.9498026578730195e-05,1.0,21.383463897795068,0.0467651080657289
3.0,21.0242,24.17902154143568,0.0413581665530301,1.8857364410940245e-05,1.0,21.32934542575005,0.0468837641305551
4.0,21.0242,23.29793271676088,0.0429222631963644,1.1467875236016788e-05,1.0,21.029913617039742,0.0475513127733315
5.0,21.0242,22.285088404208885,0.0448730551058139,7.540719354580017e-06,1.0,20.876166251220106,0.0479015154394813
6.0,21.0242,21.18886870038279,0.047194591374382,5.265967323328077e-06,1.5,20.78995381570276,0.0481001549529511
7.5,21.0242,20.02276035760768,0.0499431637866079,3.38934936546202e-06,1.5,20.69746414548916,0.0483150975873506
9.0,21.0242,18.871711739465177,0.0529893638587519,2.062039434334854e-06,nan,20.48949177480629,0.048805505328814
nan,nan,nan,nan,1.3540214722311746e-06,nan,20.379182496141617,0.0490696817789099
nan,nan,nan,nan,9.49035171372075e-07,nan,20.288730124857384,0.0492884470267963
nan,nan,nan,nan,6.123059500906516e-07,nan,20.21355365619864,0.0494717562784088
Name:	112.88378916846884_10_80_1
Lambda:	112.88378916846884	Maximal Depth:	10	Filter time:	10 to 80 [us]
Chi2:	0.3203701121320347	RelRMS:	2.3072062267968088	AbsRMS:	4.115901036894048e-07	Phi model:	0.0135272195805333
depth_vector,start_model,resistivity_model,conductivity_model,E/I[V/A],modelled_thickness,rhoa,sigma
0.0,21.0242,25.560216712420985,0.0391232989630346,6.531402218286995e-05,1.0,21.60184038927833,0.0462923520394276
1.0,21.0242,25.31532512874911,0.0395017640466469,4.273898894902174e-05,1.0,21.3920933628354,0.046746243251598
2.0,21.0242,24.834692036801364,0.0402662532926982,2.94990765683515e-05,1.0,21.38295647968871,0.0467662178029442
3.0,21.0242,24.142562441714524,0.0414206239463694,1.8853538503547984e-05,1.0,21.33223087315516,0.0468774225230431
4.0,21.0242,23.27565568887988,0.0429633439060433,1.1463088158967158e-05,1.0,21.035768049390715,0.0475380788403855
5.0,21.0242,22.278355502639705,0.0448866165135713,7.536215628626644e-06,1.0,20.884482641855502,0.0478824406210502
6.0,21.0242,21.19787355838152,0.0471745431090471,5.262007750832036e-06,1.5,20.80038190230465,0.0480760403677589
7.5,21.0242,20.046585377601843,0.0498838072002678,3.386200781088135e-06,1.5,20.710292212782203,0.0482851709539283
9.0,21.0242,18.907336303987712,0.0528895230889341,2.0597844169697e-06,nan,20.504443415015054,0.0487699168302084
nan,nan,nan,nan,1.352357360788246e-06,nan,20.395897150806068,0.0490294686527422
nan,nan,nan,nan,9.477638178699788e-07,nan,20.306869935803206,0.0492444184239783
nan,nan,nan,nan,6.114075947385267e-07,nan,20.233348972530823,0.0494233555383055
Name:	143.8449888287663_10_80_1
Lambda:	143.8449888287663	Maximal Depth:	10	Filter time:	10 to 80 [us]
Chi2:	0.3159750436865679	RelRMS:	2.2537248264680074	AbsRMS:	4.192665699322496e-07	Phi model:	0.0130675935547769
depth_vector,start_model,resistivity_model,conductivity_model,E/I[V/A],modelled_thickness,rhoa,sigma
0.0,21.0242,25.48647799992657,0.0392364923863894,6.535224070777962e-05,1.0,21.59341761289332,0.0463104089369764
1.0,21.0242,25.24674112396061,0.0396090725171235,4.27521688046297e-05,1.0,21.387696561486287,0.0467558531665696
2.0,21.0242,24.77601778487169,0.0403616113244236,2.9500582076597776e-05,1.0,21.382228980119503,0.0467678089562022
3.0,21.0242,24.097865600691176,0.0414974511257676,1.8848933503311923e-05,1.0,21.33570519629201,0.046869788966422
4.0,21.0242,23.24792515445749,0.0430145913390581,1.1457238081585546e-05,1.0,21.04292802982517,0.0475219037285424
5.0,21.0242,22.26931250043766,0.0449048438284903,7.5306880378399715e-06,1.0,20.894700987149303,0.0478590241906319
6.0,21.0242,21.20793404553019,0.0471521647442486,5.2571382051218055e-06,1.5,20.813224476363963,0.0480463755693225
7.5,21.0242,20.07513104057956,0.0498128753420645,3.3823226660001483e-06,1.5,20.72611990755802,0.0482482975327831
9.0,21.0242,18.95162437722384,0.0527659255003916,2.0570039825188502e-06,nan,20.522916373893185,0.0487260183582914
nan,nan,nan,nan,1.3503042017601334e-06,nan,20.41656677240674,0.0489798314842784
nan,nan,nan,nan,9.46194606757487e-07,nan,20.329315610500768,0.0491900474742724
nan,nan,nan,nan,6.102983365743846e-07,nan,20.25785853095781,0.0493635592563652
Name:	183.29807108324357_10_80_1
Lambda:	183.2980710832436	Maximal Depth:	10	Filter time:	10 to 80 [us]
Chi2:	0.3128250672105679	RelRMS:	2.19461786675229	AbsRMS:	4.293023915089875e-07	Phi model:	0.0125156775931427
depth_vector,start_model,resistivity_model,conductivity_model,E/I[V/A],modelled_thickness,rhoa,sigma
0.0,21.0242,25.397266093439388,0.039374316759957,6.540006277977635e-05,1.0,21.58288991799046,0.0463329982129245
1.0,21.0242,25.16366363432813,0.0397398413256408,4.276895888906932e-05,1.0,21.38209865838952,0.0467680940012704
2.0,21.0242,24.70478469991133,0.0404779888651929,2.9502862270358925e-05,1.0,21.381127250786133,0.0467702188135675
3.0,21.0242,24.04335232776645,0.041591537917329,1.884356305908423e-05,1.0,21.33975880945285,0.0468608857733214
4.0,21.0242,23.21375135968057,0.0430779146595356,1.1450230906467524e-05,1.0,21.05151222041073,0.0475025256869878
5.0,21.0242,22.257630735343447,0.0449284118283117,7.524018634342953e-06,1.0,20.907046748898345,0.0478307630920035
6.0,21.0242,21.219392712124588,0.0471267021430169,5.25124274762223e-06,1.5,20.828799269893416,0.048010448756181
7.5,21.0242,20.109420067360627,0.0497279382821729,3.377615877971497e-06,1.5,20.74537033220272,0.0482035260873466
9.0,21.0242,19.006033750702443,0.0526148702626102,2.0536241663778105e-06,nan,20.545427689195776,0.0486726299947442
nan,nan,nan,nan,1.3478060927398732e-06,nan,20.44178655614806,0.0489194032651339
nan,nan,nan,nan,9.442841667340876e-07,nan,20.356726041535616,0.0491238128351097
nan,nan,nan,nan,6.089470985648817e-07,nan,20.287815238278714,0.0492906697076586
Name:	233.57214690901213_10_80_1
Lambda:	233.57214690901213	Maximal Depth:	10	Filter time:	10 to 80 [us]
Chi2:	0.3120095234099577	RelRMS:	2.132281836351823	AbsRMS:	4.421867611649926e-07	Phi model:	0.0118614035745424
depth_vector,start_model,resistivity_model,conductivity_model,E/I[V/A],modelled_thickness,rhoa,sigma
0.0,21.0242,25.29009627189508,0.0395411701580314,6.545902406969955e-05,1.0,21.56992764972401,0.046360841642081
1.0,21.0242,25.063781407624347,0.0398982094416049,4.278989176484944e-05,1.0,21.375124654356902,0.0467833529006423
2.0,21.0242,24.619004661826004,0.0406190263877966,2.950598268661161e-05,1.0,21.37961977813326,0.0467735165722069
3.0,21.0242,23.9775017721617,0.0417057627396786,1.883724896859129e-05,1.0,21.344527150527544,0.0468504171091597
4.0,21.0242,23.17219365753096,0.0431551718745022,1.1441839259589606e-05,1.0,21.06180399640653,0.0474793137458982
5.0,21.0242,22.24302892621342,0.0449579058372531,7.515992723454883e-06,1.0,20.92192775005299,0.047796742821534
6.0,21.0242,21.23268388111089,0.0470972019175411,5.244132460826979e-06,1.5,20.847622248516306,0.0479671009038533
7.5,21.0242,20.15058182067905,0.0496263586282046,3.3719303188644267e-06,1.5,20.768683567527752,0.048149416728729
9.0,21.0242,19.072439259463497,0.0524316783184307,2.049537754416024e-06,nan,20.57272789603397,0.0486080409488515
nan,nan,nan,nan,1.3447840976394616e-06,nan,20.47239958180881,0.0488462525364428
nan,nan,nan,nan,9.4197230393533e-07,nan,20.39001982160607,0.049043601171018
nan,nan,nan,nan,6.073114502079994e-07,nan,20.324225830175585,0.0492023661002275
Name:	297.63514416313194_10_80_1
Lambda:	297.63514416313194	Maximal Depth:	10	Filter time:	10 to 80 [us]
Chi2:	0.3153732295506339	RelRMS:	2.0723082901319327	AbsRMS:	4.586557601195369e-07	Phi model:	0.0110994560742681
depth_vector,start_model,resistivity_model,conductivity_model,E/I[V/A],modelled_thickness,rhoa,sigma
0.0,21.0242,25.16262045196074,0.039741488844898,6.553116467854296e-05,1.0,21.554094436496143,0.0463948974031943
1.0,21.0242,24.944893966601505,0.0400883644299667,4.281586173190946e-05,1.0,21.36648039040125,0.0468022801008089
2.0,21.0242,24.516769994553908,0.0407884072910965,2.9510279796462448e-05,1.0,21.37754427980656,0.0467780577091172
3.0,21.0242,23.89883076514384,0.0418430512282001,1.8830002994550785e-05,1.0,21.350002524841592,0.0468384019550564
4.0,21.0242,23.12230585882853,0.0432482818152057,1.1431961745860987e-05,1.0,21.073934216097097,0.0474519845106169
5.0,21.0242,22.225182358427794,0.0449940065225516,7.5064844513656655e-06,1.0,20.939591536583976,0.0477564234360961
6.0,21.0242,21.248151070453744,0.0470629184009583,5.235684139366354e-06,1.5,20.87004276091318,0.0479155702485127
7.5,21.0242,20.19966100773886,0.0495057812909276,3.365161036215556e-06,1.5,20.79652611762274,0.0480849539170203
9.0,21.0242,19.152497767928484,0.0522125109798751,2.044666764290664e-06,nan,20.60538841239372,0.048530994902213
nan,nan,nan,nan,1.3411794529200709e-06,nan,20.509065174873705,0.0487589264295249
nan,nan,nan,nan,9.39213527952616e-07,nan,20.42992838554516,0.0489477976196692
nan,nan,nan,nan,6.053588815101119e-07,nan,20.367905863494528,0.0490968490674489
Name:	379.26901907322497_10_80_1
Lambda:	379.26901907322497	Maximal Depth:	10	Filter time:	10 to 80 [us]
Chi2:	0.3253569496084137	RelRMS:	2.023611617185987	AbsRMS:	4.794904545498247e-07	Phi model:	0.0102304399950176
depth_vector,start_model,resistivity_model,conductivity_model,E/I[V/A],modelled_thickness,rhoa,sigma
0.0,21.0242,25.012991466327914,0.0399792244500696,6.561845592077609e-05,1.0,21.534974804673546,0.0464360886915446
1.0,21.0242,24.80526462045545,0.0403140226601476,4.284776586738339e-05,1.0,21.355872856266817,0.046825526951316
2.0,21.0242,24.396562758528425,0.0409893807540746,2.951612320677308e-05,1.0,21.37472272848284,0.0467842326051533
3.0,21.0242,23.80614619395625,0.0420059589591982,1.882188169509246e-05,1.0,21.35614350833628,0.0468249335189967
4.0,21.0242,23.06331699958452,0.0433588975956066,1.1420537937382872e-05,1.0,21.08798518707173,0.0474203671488285
5.0,21.0242,22.20382502302304,0.0450372851958212,7.495402669709119e-06,1.0,20.960225592732986,0.0477094101671646
6.0,21.0242,21.26609509151259,0.0470232073964112,5.225803555764785e-06,1.5,20.896340888903104,0.0478552683130779
7.5,21.0242,20.257572762357626,0.0493642556159634,3.357225337454246e-06,1.5,20.829285316228628,0.0480093284439708
9.0,21.0242,19.247720553738343,0.0519542039904448,2.0389489167344475e-06,nan,20.64389304607083,0.048440475726565
nan,nan,nan,nan,1.3369448977679677e-06,nan,20.55234842794122,0.0486562401131972
nan,nan,nan,nan,9.359711005103308e-07,nan,20.477083952989616,0.0488350783879069
nan,nan,nan,nan,6.030630557547313e-07,nan,20.419566070505823,0.0489726371533628
Name:	483.2930238571752_10_80_1
Lambda:	483.2930238571752	Maximal Depth:	10	Filter time:	10 to 80 [us]
Chi2:	0.3450044296183807	RelRMS:	1.9987551971917696	AbsRMS:	5.054757098520653e-07	Phi model:	0.0092634220544674
depth_vector,start_model,resistivity_model,conductivity_model,E/I[V/A],modelled_thickness,rhoa,sigma
0.0,21.0242,24.84022370307112,0.0402572864058533,6.572266776053612e-05,1.0,21.51220444839972,0.0464852406176527
1.0,21.0242,24.64395492813036,0.0405779024883108,4.288648310369443e-05,1.0,21.34301775949616,0.046853730398789
2.0,21.0242,24.2575424232256,0.0412242915029405,2.9523943580878324e-05,1.0,21.37094803607441,0.0467924959768742
3.0,21.0242,23.69876549860683,0.0421962907755168,1.881303548419024e-05,1.0,21.362837666300724,0.0468102606788737
4.0,21.0242,22.99477020516564,0.0434881493086352,1.1407595453843367e-05,1.0,21.103932416811887,0.0473845338513014
5.0,21.0242,22.17879725910699,0.0450881077236676,7.482731414264036e-06,1.0,20.983881613092688,0.0476556253241564
6.0,21.0242,21.28672257801422,0.0469776404674357,5.2144594449204754e-06,1.5,20.926636715581324,0.0477859874757337
7.5,21.0242,20.324954785506986,0.0492006014553629,3.348088887275797e-06,1.5,20.8671615068866,0.04792218623841
9.0,21.0242,19.35920333922861,0.0516550181573662,2.032355915149976e-06,nan,20.68851506542468,0.0483359968967145
nan,nan,nan,nan,1.3320579753848435e-06,nan,20.602584689258983,0.0485375992907017
nan,nan,nan,nan,9.322271007739943e-07,nan,20.531873871736884,0.0487047605224454
nan,nan,nan,nan,6.004108562944022e-07,nan,20.4796548896215,0.0488289478211261
Name:	615.8482110660261_10_80_1
Lambda:	615.8482110660261	Maximal Depth:	10	Filter time:	10 to 80 [us]
Chi2:	0.377769627564014	RelRMS:	2.012602303189669	AbsRMS:	5.372976032935093e-07	Phi model:	0.0082177376043442
depth_vector,start_model,resistivity_model,conductivity_model,E/I[V/A],modelled_thickness,rhoa,sigma
0.0,21.0242,24.644589388747967,0.0405768578338161,6.584510612630346e-05,1.0,21.485528346677047,0.0465429559778389
1.0,21.0242,24.46119593493869,0.0408810755884453,4.2932775528108015e-05,1.0,21.327672875695523,0.0468874408299639
2.0,21.0242,24.09986784308592,0.0414940034738361,2.953421138146083e-05,1.0,21.365994563723223,0.0468033443057162
3.0,21.0242,23.576767782767504,0.0424146350006004,1.880372927731108e-05,1.0,21.369885580000343,0.0467948223801385
4.0,21.0242,22.916685213841525,0.0436363283201187,1.1393281113777654e-05,1.0,21.12160515106041,0.0473448865674773
5.0,21.0242,22.150106801001648,0.0451465091786726,7.468560591575511e-06,1.0,21.0104163923715,0.047595439391819
6.0,21.0242,21.31009682264443,0.046926112458456,5.20171104121618e-06,1.5,20.960814233680725,0.047708070347437
7.5,21.0242,20.402002826560462,0.0490147956796743,3.3377879067157983e-06,1.5,20.91007252444825,0.0478238417791612
9.0,21.0242,19.487340571795023,0.0513153652914214,2.024909457504924e-06,nan,20.7392043716804,0.0482178574490307
nan,nan,nan,nan,1.3265328943736311e-06,nan,20.659752301248307,0.0484032908729296
nan,nan,nan,nan,9.279915076884476e-07,nan,20.59430162835673,0.0485571211904111
nan,nan,nan,nan,5.974088148197456e-07,nan,20.54820582190403,0.0486660494189725
Name:	784.7599703514607_10_80_1
Lambda:	784.7599703514607	Maximal Depth:	10	Filter time:	10 to 80 [us]
Chi2:	0.4270985039784442	RelRMS:	2.078662376791275	AbsRMS:	5.753992850273127e-07	Phi model:	0.0071233298957355
depth_vector,start_model,resistivity_model,conductivity_model,E/I[V/A],modelled_thickness,rhoa,sigma
0.0,21.0242,24.42796363734292,0.0409366910335212,6.598627160746246e-05,1.0,21.45487452195317,0.0466094546009474
1.0,21.0242,24.258713435045543,0.0412223015320895,4.298713676202589e-05,1.0,21.309688532778896,0.046927011554476
2.0,21.0242,23.924982829647707,0.0417973131734416,2.9547377885431944e-05,1.0,21.35964687470739,0.0468172533874673
3.0,21.0242,23.44122058383461,0.0426598946255219,1.879433781125969e-05,1.0,21.37700395952778,0.0467792400606399
4.0,21.0242,22.829708789672598,0.0438025736207536,1.1377875668526535e-05,1.0,21.140666374624505,0.0473021986289096
5.0,21.0242,22.11798769017173,0.0452120696515423,7.4531052322339295e-06,1.0,21.039452290800565,0.0475297543956145
6.0,21.0242,21.336093521532607,0.0468689359179453,5.187727221829278e-06,1.5,20.998464724531605,0.0476225292238504
7.5,21.0242,20.488310857759966,0.0488083184086036,3.3264456217710933e-06,1.5,20.9575773693054,0.0477154387827577
9.0,21.0242,19.631547352867635,0.0509384197804421,2.016693504703697e-06,nan,20.795493486263837,0.0480873416473879
nan,nan,nan,nan,1.3204297905328525e-06,nan,20.72336375161366,0.0482547144366045
nan,nan,nan,nan,9.233093767823884e-07,nan,20.6638658183704,0.0483936553203413
nan,nan,nan,nan,5.940882432838283e-07,nan,20.624702182557023,0.048485548598405
Name:	1000.0_10_80_1
Lambda:	1000.0	Maximal Depth:	10	Filter time:	10.0 to 80.0 [us]
Chi2:	0.49580985712768116	RelRMS:	2.204180824200026	AbsRMS:	6.198288134014771e-07	Phi model:	0.0060189329769397976
depth_vector,start_model,resistivity_model,conductivity_model,E/I[V/A],modelled_thickness,rhoa,sigma
0.0,21.0242,24.194005586660662,0.04133255224803903,6.614551331790127e-05,1.0,21.420426398339853,0.04668441147733189
1.0,21.0242,24.039901853191868,0.041597507598277746,4.3049619767295604e-05,1.0,21.28906402725334,0.04697247369446789
2.0,21.0242,23.735774151590473,0.04213049861417697,2.956379058170152e-05,1.0,21.35174076535699,0.04683458885106413
3.0,21.0242,23.294311352259328,0.042928935948261436,1.878531589937392e-05,1.0,21.383847816116926,0.04676426846090364
4.0,21.0242,22.735206826341937,0.04398464494465734,1.136178818896523e-05,1.0,21.160617449430074,0.047257600227867326
5.0,21.0242,22.08293847721315,0.04528382855532907,7.436708469093683e-06,1.0,21.070366708621904,0.0474600187945853
6.0,21.0242,21.364370004197028,0.04680690326012656,5.1727925170101116e-06,1.5,21.03886265392728,0.04753108646837106
7.5,21.0242,20.582754032900727,0.048584363317053646,3.3142789119092564e-06,1.5,21.0088361832535,0.04759901934963522
9.0,21.0242,19.790043207128303,0.0505304606732644,2.007859777853271e-06,nan,20.85644305136384,0.047946814206874466
nan,nan,nan,nan,1.313859096156045e-06,nan,20.79239887876072,0.04809449865938713
nan,nan,nan,nan,9.182643295935995e-07,nan,20.739483079320852,0.04821720947312765
nan,nan,nan,nan,5.905077900204504e-07,nan,20.707987967492485,0.04829054380221804
