Name:	10.0_10_80_1
Lambda:	10	Maximal Depth:	10	Filter time:	10 to 80 [us]
Chi2:	0.9540972017566424	RelRMS:	3.631791520971828	AbsRMS:	7.247399450351604e-07	Phi model:	0.0216010820055273
depth_vector,start_model,resistivity_model,conductivity_model,E/I[V/A],modelled_thickness,rhoa,sigma
0.0,18.2263,23.396046395974786,0.0427422643584792,7.847691544431005e-05,1.0,19.11321548075489,0.0523198203361909
1.0,18.2263,23.081739626605145,0.0433242908107043,5.160899084412272e-05,1.0,18.86481439773509,0.0530087377970736
2.0,18.2263,22.469286143262668,0.0445051967216077,3.578767686634201e-05,1.0,18.798261839748346,0.0531964076532613
3.0,18.2263,21.60192866337397,0.0462921628704152,2.2996861443724223e-05,1.0,18.68612046773176,0.0535156562715549
4.0,18.2263,20.541905995563543,0.0486809744050026,1.4052421418481102e-05,1.0,18.365045900395103,0.0544512660313299
5.0,18.2263,19.363050123493007,0.0516447560493947,9.277538510825904e-06,1.0,18.18182282755152,0.0549999859466602
6.0,18.2263,18.14046263166384,0.055125385736002,6.501340443081571e-06,1.5,18.06496088192407,0.0553557799840356
7.5,18.2263,16.937617991970185,0.0590401791133842,4.201264567989807e-06,1.5,17.936650369643395,0.0557517696666727
9.0,18.2263,15.879686080975,0.0629735370649468,2.565725806101638e-06,nan,17.71151327378818,0.0564604494569038
nan,nan,nan,nan,1.6900389203533166e-06,nan,17.57947854743264,0.056884508678788
nan,nan,nan,nan,1.187567051462171e-06,nan,17.47179976991422,0.0572350881517061
nan,nan,nan,nan,7.684623338455932e-07,nan,17.372937922765857,0.0575607881894045
Name:	12.742749857031335_10_80_1
Lambda:	12.742749857031336	Maximal Depth:	10	Filter time:	10 to 80 [us]
Chi2:	0.9472709882670416	RelRMS:	3.62567821278117	AbsRMS:	7.219972692623644e-07	Phi model:	0.02151013276534
depth_vector,start_model,resistivity_model,conductivity_model,E/I[V/A],modelled_thickness,rhoa,sigma
0.0,18.2263,23.358348960654272,0.0428112449935755,7.847161867220101e-05,1.0,19.114075555683904,0.052317466104325
1.0,18.2263,23.04932699457447,0.04338521468481,5.160369626387885e-05,1.0,18.86610473896955,0.0530051122813081
2.0,18.2263,22.447181013152807,0.0445490237466368,3.578301607263139e-05,1.0,18.79989413961729,0.0531917888778259
3.0,18.2263,21.593494001649404,0.0463102451101065,2.2993356583419217e-05,1.0,18.688019293824848,0.0535102187276975
4.0,18.2263,20.54843451377088,0.0486655077947584,1.405021344047851e-05,1.0,18.36696988328475,0.0544455621343437
5.0,18.2263,19.382826847792284,0.0515920617695607,9.276068680275563e-06,1.0,18.183743432343924,0.0549941767337781
6.0,18.2263,18.16868744810345,0.0550397491759585,6.500303390922905e-06,1.5,18.06688220850892,0.0553498931613686
7.5,18.2263,16.961613672847903,0.0589566546725914,4.200606673115296e-06,1.5,17.938523134421626,0.0557459492348694
9.0,18.2263,15.879384682209958,0.0629747323345798,2.5653494101879974e-06,nan,17.713245689700614,0.0564549274321561
nan,nan,nan,nan,1.6898055986423128e-06,nan,17.58109671370053,0.0568792730217292
nan,nan,nan,nan,1.1874107533956972e-06,nan,17.473332936994204,0.0572300661588619
nan,nan,nan,nan,7.683680914392912e-07,nan,17.37435845200198,0.0575560820137663
Name:	16.237767391887218_10_80_1
Lambda:	16.237767391887218	Maximal Depth:	10	Filter time:	10 to 80 [us]
Chi2:	0.9408462256128826	RelRMS:	3.619786219828881	AbsRMS:	7.199992561718014e-07	Phi model:	0.0214202491259432
depth_vector,start_model,resistivity_model,conductivity_model,E/I[V/A],modelled_thickness,rhoa,sigma
0.0,18.2263,23.32360384046995,0.0428750208089562,7.846860466911584e-05,1.0,19.114565004206167,0.0523161264606309
1.0,18.2263,23.01947120857845,0.0434414844259037,5.1599707503901885e-05,1.0,18.867076984713457,0.0530023808568875
2.0,18.2263,22.426628653664164,0.0445898496578805,3.5779110360066664e-05,1.0,18.801262268416075,0.0531879182218463
3.0,18.2263,21.58529426579176,0.0463278372620934,2.29901945488598e-05,1.0,18.689732801388192,0.0535053128167634
4.0,18.2263,20.55361870525468,0.0486532330068156,1.4048104753183377e-05,1.0,18.36880781695893,0.0544401144573331
5.0,18.2263,19.399850594202324,0.0515467887313962,9.274599968499217e-06,1.0,18.18566308195223,0.0549883716361388
6.0,18.2263,18.193313279380973,0.0549652493003201,6.499228388234122e-06,1.5,18.06887438464819,0.0553437905821973
7.5,18.2263,16.98290582254617,0.0588827383516677,4.199893022974633e-06,1.5,17.94055516507344,0.0557396351895951
9.0,18.2263,15.880312928943184,0.0629710512931654,2.5649184222234853e-06,nan,17.71522989365723,0.0564486041673125
nan,nan,nan,nan,1.6895250771702664e-06,nan,17.58304271960445,0.0568729778996121
nan,nan,nan,nan,1.187214960586283e-06,nan,17.475253992591387,0.0572237748546572
nan,nan,nan,nan,7.68243393257241e-07,nan,17.376238491865664,0.0575498546747116
Name:	20.6913808111479_10_80_1
Lambda:	20.6913808111479	Maximal Depth:	10	Filter time:	10 to 80 [us]
Chi2:	0.934624486523376	RelRMS:	3.613908006787818	AbsRMS:	7.188475057792161e-07	Phi model:	0.0213228458483744
depth_vector,start_model,resistivity_model,conductivity_model,E/I[V/A],modelled_thickness,rhoa,sigma
0.0,18.2263,23.291229823398144,0.0429346156292446,7.846832719098551e-05,1.0,19.11461006587477,0.0523160031281671
1.0,18.2263,22.99151101847677,0.0434943140186117,5.159717930794938e-05,1.0,18.867693288146828,0.0530006495615564
2.0,18.2263,22.4070447996586,0.0446288213792135,3.5775975260252305e-05,1.0,18.80236064001999,0.0531848111599106
3.0,18.2263,21.57680712678001,0.0463460601063097,2.298731828169106e-05,1.0,18.691291792689704,0.0535008500798808
4.0,18.2263,20.557139704144603,0.0486448997473314,1.4046023888818436e-05,1.0,18.37062195094268,0.0544347383921144
5.0,18.2263,19.414038430362183,0.051509118187181,9.273065063377992e-06,1.0,18.18766978971035,0.054982304581192
6.0,18.2263,18.21451446776561,0.0549012712784471,6.498056195022928e-06,1.5,18.071047298569432,0.0553371358880325
7.5,18.2263,17.001855025370002,0.0588171113391926,4.199076443998709e-06,1.5,17.942880978949027,0.0557324100390133
9.0,18.2263,15.882828311883792,0.0629610784907738,2.5643989932529e-06,nan,17.717622005294572,0.0564409828644707
nan,nan,nan,nan,1.689172338237313e-06,nan,17.585490469801364,0.0568650616664486
nan,nan,nan,nan,1.1869605362526e-06,nan,17.47775111073181,0.0572155990587354
nan,nan,nan,nan,7.680746963335865e-07,nan,17.378782698133502,0.057541429533347
Name:	26.366508987303583_10_80_1
Lambda:	26.366508987303583	Maximal Depth:	10	Filter time:	10 to 80 [us]
Chi2:	0.9284027391555232	RelRMS:	3.607853517258495	AbsRMS:	7.185696300270475e-07	Phi model:	0.0212112028909494
depth_vector,start_model,resistivity_model,conductivity_model,E/I[V/A],modelled_thickness,rhoa,sigma
0.0,18.2263,23.26044637091128,0.0429914363660091,7.84709973531948e-05,1.0,19.114176450053865,0.0523171899460613
1.0,18.2263,22.96472089822044,0.0435450534945317,5.15961370305289e-05,1.0,18.867947380870483,0.0529999358072125
2.0,18.2263,22.387823764277496,0.0446671373925866,3.5773557681878987e-05,1.0,18.803207739971704,0.0531824151404873
3.0,18.2263,21.567616974530907,0.046365808572217,2.298464435313527e-05,1.0,18.692741404267853,0.0534967011190602
4.0,18.2263,20.558837551758334,0.0486408824177159,1.4043895252581956e-05,1.0,18.37247819681045,0.0544292386300724
5.0,18.2263,19.42552068932915,0.0514786715884182,9.271400791760262e-06,1.0,18.18984625457554,0.0549757257980372
6.0,18.2263,18.23269577760309,0.0548465247376305,6.496734594153864e-06,1.5,18.073497955569163,0.0553296325071296
7.5,18.2263,17.01898546848593,0.0587579090335144,4.198117530154261e-06,1.5,17.94561315941111,0.0557239249011436
9.0,18.2263,15.88716554139707,0.0629438899842962,2.56376405090778e-06,nan,17.720547184560814,0.0564316659968185
nan,nan,nan,nan,1.6887279359530049e-06,nan,17.588575509629056,0.056855087522724
nan,nan,nan,nan,1.1866328854790477e-06,nan,17.480968244543835,0.0572050693079955
nan,nan,nan,nan,7.678518768622224e-07,nan,17.382144582573453,0.0575303004326954
Name:	33.59818286283781_10_80_1
Lambda:	33.59818286283781	Maximal Depth:	10	Filter time:	10 to 80 [us]
Chi2:	0.9219575752985482	RelRMS:	3.601417069648867	AbsRMS:	7.19221250631189e-07	Phi model:	0.0210779524925936
depth_vector,start_model,resistivity_model,conductivity_model,E/I[V/A],modelled_thickness,rhoa,sigma
0.0,18.2263,23.23023071363649,0.0430473555052978,7.847694081935772e-05,1.0,19.11321136065901,0.0523198316143938
1.0,18.2263,22.938170015050343,0.0435954568016486,5.1596647094934106e-05,1.0,18.86782303320119,0.0530002851012714
2.0,18.2263,22.368219508409705,0.0447062851660604,3.57718112147638e-05,1.0,18.803819747315924,0.0531806842140539
3.0,18.2263,21.55724398688538,0.0463881190289613,2.2982077816641417e-05,1.0,18.69413305998789,0.0534927186401789
4.0,18.2263,20.558556384224044,0.0486415476510484,1.4041627684699303e-05,1.0,18.374456111869176,0.0544233796043649
5.0,18.2263,19.434478966795865,0.0514549426155708,9.269529018557104e-06,1.0,18.19229485945983,0.0549683263010663
6.0,18.2263,18.24833049453869,0.0547995335956501,6.495198068891178e-06,1.5,18.076348193658443,0.055320908254623
7.5,18.2263,17.034881504078406,0.0587030793117395,4.196966214769094e-06,1.5,17.948894913414353,0.0557137364068378
9.0,18.2263,15.893642775846825,0.0629182380718708,2.56297884995357e-06,nan,17.724166275471568,0.0564201432359556
nan,nan,nan,nan,1.6881667431746666e-06,nan,17.592473242599947,0.0568424908885757
nan,nan,nan,nan,1.1862130619238226e-06,nan,17.485092567929616,0.0571915759733612
nan,nan,nan,nan,7.675617278612016e-07,nan,17.38652476813154,0.0575158068294901
Name:	42.81332398719393_10_80_1
Lambda:	42.81332398719393	Maximal Depth:	10	Filter time:	10 to 80 [us]
Chi2:	0.9150609154539748	RelRMS:	3.594399925257512	AbsRMS:	7.208861998326294e-07	Phi model:	0.0209151339407812
depth_vector,start_model,resistivity_model,conductivity_model,E/I[V/A],modelled_thickness,rhoa,sigma
0.0,18.2263,23.1993804755628,0.0431045993255447,7.848659269124766e-05,1.0,19.11164436649804,0.0523241214007184
1.0,18.2263,22.910772108355093,0.0436475905425867,5.1598816365289554e-05,1.0,18.867294213629314,0.0530017706130655
2.0,18.2263,22.34737259543412,0.0447479897571634,3.5770697325193944e-05,1.0,18.80421010910275,0.0531795802215547
3.0,18.2263,21.54514474656748,0.0464141694921459,2.2979514023146192e-05,1.0,18.69552348700115,0.053488740269578
4.0,18.2263,20.5561227915707,0.0486473062133128,1.4039116002133374e-05,1.0,18.376647580575497,0.0544168894579564
5.0,18.2263,19.44111225221743,0.0514373862475868,9.26735789314238e-06,1.0,18.195136101599108,0.0549597427804958
6.0,18.2263,18.26193298605353,0.0547587158907926,6.493368817363779e-06,1.5,18.07974290151614,0.0553105210315873
7.5,18.2263,17.050181805571164,0.0586504009988473,4.195562520111719e-06,1.5,17.952898089483718,0.055701313237319
9.0,18.2263,15.902659147371551,0.0628825651567388,2.5620014721098047e-06,nan,17.728673716588432,0.0564057986505959
nan,nan,nan,nan,1.687458302864487e-06,nan,17.59739675993044,0.0568265871163976
nan,nan,nan,nan,1.1856780280941912e-06,nan,17.490352237856445,0.0571743774168013
nan,nan,nan,nan,7.671881376324025e-07,nan,17.39216867596556,0.0574971424571055
Name:	54.5559478116852_10_80_1
Lambda:	54.5559478116852	Maximal Depth:	10	Filter time:	10 to 80 [us]
Chi2:	0.9074943591742756	RelRMS:	3.5866324580651296	AbsRMS:	7.236933342339827e-07	Phi model:	0.0207137464154021
depth_vector,start_model,resistivity_model,conductivity_model,E/I[V/A],modelled_thickness,rhoa,sigma
0.0,18.2263,23.1665213211267,0.0431657384437796,7.850055213101518e-05,1.0,19.10937860106713,0.0523303253798193
1.0,18.2263,22.88128537742447,0.0437038384647148,5.16028180805258e-05,1.0,18.86631878221684,0.053004510924653
2.0,18.2263,22.32429725666149,0.0447942431738407,3.57701966832733e-05,1.0,18.80438556529772,0.0531790840241776
3.0,18.2263,21.530685479204863,0.0464453396509756,2.297684068751721e-05,1.0,18.696973597588386,0.0534845917592237
4.0,18.2263,20.55130922441857,0.0486587004788884,1.4036239066991873e-05,1.0,18.37915853891659,0.054409455029324
5.0,18.2263,19.445598321818327,0.0514255197217552,9.264778778367011e-06,1.0,18.198512700831618,0.0549495454073179
6.0,18.2263,18.274025773975644,0.0547224794562847,6.491153524502676e-06,1.5,18.083856155801826,0.0552979404052144
7.5,18.2263,17.065569123090665,0.0585975183591705,4.193833651733287e-06,1.5,17.957831692521257,0.0556860102668442
9.0,18.2263,15.914728284340484,0.0628348773622458,2.5607805585443107e-06,nan,17.73430831591782,0.0563878772256614
nan,nan,nan,nan,1.6865650672275714e-06,nan,17.60360947991642,0.0568065317025396
nan,nan,nan,nan,1.1849992663378003e-06,nan,17.497030525616193,0.0571525550313219
nan,nan,nan,nan,7.667110760582304e-07,nan,17.399382410426657,0.0574733043053726
Name:	69.51927961775606_10_80_1
Lambda:	69.51927961775606	Maximal Depth:	10	Filter time:	10 to 80 [us]
Chi2:	0.8990735724965919	RelRMS:	3.5780139789024785	AbsRMS:	7.278280733051855e-07	Phi model:	0.0204634716493172
depth_vector,start_model,resistivity_model,conductivity_model,E/I[V/A],modelled_thickness,rhoa,sigma
0.0,18.2263,23.13010467214296,0.0432336997248595,7.851961706242157e-05,1.0,19.106285244693023,0.0523387977931377
1.0,18.2263,22.848306116499018,0.0437669206155238,5.160890754480495e-05,1.0,18.86483469688914,0.0530086807580085
2.0,18.2263,22.297868301467165,0.0448473363677639,3.577031538000086e-05,1.0,18.80434396618141,0.0531792016673618
3.0,18.2263,21.513122288344,0.0464832573624986,2.297393834107169e-05,1.0,18.69854825003589,0.0534800876853143
4.0,18.2263,20.54381069344952,0.0486764609994607,1.4032857996926256e-05,1.0,18.38211059746701,0.0544007171917351
5.0,18.2263,19.44807228986456,0.0514189779375282,9.26166392322176e-06,1.0,18.20259278510668,0.0549372285479131
6.0,18.2263,18.28512669539176,0.0546892573761614,6.488441047168497e-06,1.5,18.088895746722905,0.0552825343239189
7.5,18.2263,17.08177455342947,0.058541927062211,4.191691988948815e-06,1.5,17.963947972953946,0.0556670505562348
9.0,18.2263,15.930500570938117,0.0627726665302841,2.559253781722543e-06,nan,17.741360798594435,0.0563654621171576
nan,nan,nan,nan,1.6854412299230096e-06,nan,17.61143389793472,0.0567812936638435
nan,nan,nan,nan,1.184141867344158e-06,nan,17.50547553093031,0.0571249834506412
nan,nan,nan,nan,7.661059363228446e-07,nan,17.408543608220466,0.0574430591383756
Name:	88.58667904100822_10_80_1
Lambda:	88.58667904100822	Maximal Depth:	10	Filter time:	10 to 80 [us]
Chi2:	0.8896873448261542	RelRMS:	3.5685766132603205	AbsRMS:	7.335461181281189e-07	Phi model:	0.0201524381883611
depth_vector,start_model,resistivity_model,conductivity_model,E/I[V/A],modelled_thickness,rhoa,sigma
0.0,18.2263,23.088390770973835,0.0433118102478227,7.854482352997673e-05,1.0,19.10219732223641,0.0523499984389714
1.0,18.2263,22.810250369954847,0.0438399396666499,5.161743971558463e-05,1.0,18.86275578161206,0.0530145229879309
2.0,18.2263,22.26680085876217,0.04490990898706,3.5771091773382364e-05,1.0,18.804071872706142,0.0531799711663241
3.0,18.2263,21.49158001046433,0.0465298502722041,2.297068075983872e-05,1.0,18.70031602815521,0.0534750321061098
4.0,18.2263,20.53322545658764,0.0487015545664878,1.4028814199925316e-05,1.0,18.385642849112536,0.054390265720204
5.0,18.2263,19.448612908775647,0.0514175486288164,9.257863940091363e-06,1.0,18.2075734023012,0.0549222006636871
6.0,18.2263,18.295744760961963,0.0546575180767564,6.485099916117367e-06,1.5,18.095108160169342,0.0552635547214458
7.5,18.2263,17.09958764801671,0.0584809423820219,4.189032931619164e-06,1.5,17.971549109259623,0.0556435059615847
9.0,18.2263,15.95078724147888,0.062692830445357,2.557346223089336e-06,nan,17.750182047163175,0.0563374503620834
nan,nan,nan,nan,1.6840314915909189e-06,nan,17.62126112936192,0.0567496272065182
nan,nan,nan,nan,1.1830635682809491e-06,nan,17.516110784521953,0.0570902988855063
nan,nan,nan,nan,7.653428428851773e-07,nan,17.42011327179252,0.0574049080162554
Name:	112.88378916846884_10_80_1
Lambda:	112.88378916846884	Maximal Depth:	10	Filter time:	10 to 80 [us]
Chi2:	0.8793599157582684	RelRMS:	3.5585862337420204	AbsRMS:	7.411890002743001e-07	Phi model:	0.0197671183881113
depth_vector,start_model,resistivity_model,conductivity_model,E/I[V/A],modelled_thickness,rhoa,sigma
0.0,18.2263,23.03942754998473,0.043403856186551,7.857748608115047e-05,1.0,19.09690344174901,0.0523645104584774
1.0,18.2263,22.765332829255065,0.0439264388313677,5.162888781111032e-05,1.0,18.859967283151057,0.0530223613321625
2.0,18.2263,22.229629876123354,0.0449850044995167,3.5772604322616365e-05,1.0,18.803541815595263,0.0531814702680439
3.0,18.2263,21.465033738309053,0.046587394745869,2.296693631001544e-05,1.0,18.702348529473284,0.0534692206395408
4.0,18.2263,20.51904085099733,0.0487352214590183,1.402392820331968e-05,1.0,18.389913025615563,0.0543776361860486
5.0,18.2263,19.447235361396785,0.0514211907973831,9.253205948655988e-06,1.0,18.21368325637197,0.0549037767882646
6.0,18.2263,18.30638229891902,0.0546257574910936,6.480976393299645e-06,1.5,18.102782691158907,0.0552401261762029
7.5,18.2263,17.11986982763668,0.0584116590878334,4.185733178379729e-06,1.5,17.98099291691301,0.055614281403748
9.0,18.2263,15.97658265718236,0.0625916080714823,2.554969064046332e-06,nan,17.76119026013499,0.0563025329583063
nan,nan,nan,nan,1.6822700608733314e-06,nan,17.633559280273893,0.0567100483859017
nan,nan,nan,nan,1.1817139735973594e-06,nan,17.52944461043431,0.0570468729742159
nan,nan,nan,nan,7.643860906072952e-07,nan,17.434646292335596,0.0573570569332173
Name:	143.8449888287663_10_80_1
Lambda:	143.8449888287663	Maximal Depth:	10	Filter time:	10 to 80 [us]
Chi2:	0.8683340738239401	RelRMS:	3.548684598252277	AbsRMS:	7.511952465572811e-07	Phi model:	0.0192924056166321
depth_vector,start_model,resistivity_model,conductivity_model,E/I[V/A],modelled_thickness,rhoa,sigma
0.0,18.2263,22.98103820194253,0.0435141350539799,7.861922140394833e-05,1.0,19.090144399465185,0.0523830505979837
1.0,18.2263,22.711554630946445,0.0440304512944884,5.164385163024256e-05,1.0,18.85632398698757,0.0530326059676362
2.0,18.2263,22.184698652175555,0.0450761137520312,3.5774972786006696e-05,1.0,18.80271188732692,0.0531838176318599
3.0,18.2263,21.43229923939996,0.0466585497351425,2.2962565437831127e-05,1.0,18.704721753901307,0.0534624365524938
4.0,18.2263,20.500627283629992,0.0487789952065765,1.4017996397816868e-05,1.0,18.39510053326732,0.0543623014286609
5.0,18.2263,19.44389066934589,0.0514300361489144,9.247490501836869e-06,1.0,18.221187174527948,0.0548811661074387
6.0,18.2263,18.31754207593685,0.0545924773015079,6.475891773264117e-06,1.5,18.11225718866065,0.0552112301401097
7.5,18.2263,17.14356863701543,0.0583309123773014,4.181648593295979e-06,1.5,17.992700092894623,0.055578095274033
9.0,18.2263,16.009087804454477,0.062464520915536,2.552018074726681e-06,nan,17.77487955366134,0.0562591716574538
nan,nan,nan,nan,1.6800795502948896e-06,nan,17.648883201242114,0.0566608089926971
nan,nan,nan,nan,1.1800337185563777e-06,nan,17.546080831189638,0.0569927842930266
nan,nan,nan,nan,7.631935597710755e-07,nan,17.452803278604936,0.0572973856426767
Name:	183.29807108324357_10_80_1
Lambda:	183.2980710832436	Maximal Depth:	10	Filter time:	10 to 80 [us]
Chi2:	0.8572480893544796	RelRMS:	3.5401415858955025	AbsRMS:	7.64138023238044e-07	Phi model:	0.018712198345085
depth_vector,start_model,resistivity_model,conductivity_model,E/I[V/A],modelled_thickness,rhoa,sigma
0.0,18.2263,22.910819811697063,0.0436474996625591,7.867202869214115e-05,1.0,19.081600815969573,0.0524065045508703
1.0,18.2263,22.64670106349328,0.0441565417054058,5.16631114376849e-05,1.0,18.85163731949416,0.0530457902967355
2.0,18.2263,22.1301553922318,0.0451872109470602,3.577839646577564e-05,1.0,18.8015123647589,0.0531872107200469
3.0,18.2263,21.392028646607145,0.0467463846706564,2.295744616913103e-05,1.0,18.707502287867168,0.0534544903222358
4.0,18.2263,20.47723408412272,0.0488347203480651,1.4010807419623064e-05,1.0,18.401392374809337,0.0543437137598866
5.0,18.2263,19.4384631087642,0.0514443963190243,9.240502899265184e-06,1.0,18.230371838639925,0.0548535163655007
6.0,18.2263,18.32972540198804,0.0545561909995411,6.469650626338468e-06,1.5,18.12390367961759,0.055175751189001
7.5,18.2263,17.17171971152168,0.0582352855042836,4.176619799826497e-06,1.5,18.007139748184937,0.0555335280330012
9.0,18.2263,16.049697734952623,0.0623064693500255,2.5483772174694403e-06,nan,17.791805462086934,0.0562056505243904
nan,nan,nan,nan,1.67737345593552e-06,nan,17.66785997735322,0.0565999504909936
nan,nan,nan,nan,1.1779562732135055e-06,nan,17.566704300807835,0.0569258742491619
nan,nan,nan,nan,7.617179327662437e-07,nan,17.475336133762003,0.0572235058796963
Name:	233.57214690901213_10_80_1
Lambda:	233.57214690901213	Maximal Depth:	10	Filter time:	10 to 80 [us]
Chi2:	0.8473174699885311	RelRMS:	3.535135174685685	AbsRMS:	7.807419755758537e-07	Phi model:	0.0180103398763338
depth_vector,start_model,resistivity_model,conductivity_model,E/I[V/A],modelled_thickness,rhoa,sigma
0.0,18.2263,22.82618532651352,0.0438093350113328,7.873830674840198e-05,1.0,19.07089134085748,0.0524359340172842
1.0,18.2263,22.568379882591334,0.0443097823238687,5.168764424310697e-05,1.0,18.84567173977717,0.053062581891911
2.0,18.2263,22.063985204210983,0.0453227279997063,3.5783168927368404e-05,1.0,18.79984060131969,0.0531919403577178
3.0,18.2263,21.342734314380337,0.0468543526461939,2.2951486355077364e-05,1.0,18.71074066666999,0.0534452386367221
4.0,18.2263,20.44800480615423,0.0489045268465033,1.4002151453063802e-05,1.0,18.40897527762503,0.05432132885829
5.0,18.2263,19.430777699755296,0.0514647439980023,9.232020391979632e-06,1.0,18.241537006845068,0.0548199419612916
6.0,18.2263,18.34343300068879,0.0545154224927498,6.462046504359624e-06,1.5,18.13811892442524,0.0551325087329411
7.5,18.2263,17.205442100134313,0.058121145285316,4.170476388820919e-06,1.5,18.024819282149945,0.0554790583110203
9.0,18.2263,16.09998908660875,0.0621118433447731,2.543921550520078e-06,nan,17.812574246171568,0.056140116873614
nan,nan,nan,nan,1.6740582575992196e-06,nan,17.69117782169462,0.0565253489665173
nan,nan,nan,nan,1.175409527530195e-06,nan,17.59206952448318,0.0568437953595103
nan,nan,nan,nan,7.599078052786835e-07,nan,17.503076377181465,0.0571328135951967
Name:	297.63514416313194_10_80_1
Lambda:	297.63514416313194	Maximal Depth:	10	Filter time:	10 to 80 [us]
Chi2:	0.8404506262337965	RelRMS:	3.5369963639871003	AbsRMS:	8.018282674135749e-07	Phi model:	0.0171717738855725
depth_vector,start_model,resistivity_model,conductivity_model,E/I[V/A],modelled_thickness,rhoa,sigma
0.0,18.2263,22.724482896384604,0.0440054017756811,7.882067947312972e-05,1.0,19.057602146198462,0.052472498498426
1.0,18.2263,22.47413360745077,0.0444955973594672,5.171851447998591e-05,1.0,18.838171804826192,0.0530837073979656
2.0,18.2263,21.98410729422664,0.0454874053613546,3.578960568535116e-05,1.0,18.79758643377,0.0531983190248027
3.0,18.2263,21.28286594277392,0.0469861532130509,2.2944579785032063e-05,1.0,18.7144952370294,0.053434516257823
4.0,18.2263,20.412031322585687,0.0489907145543869,1.3991794875994548e-05,1.0,18.418058241874046,0.0542945400034878
5.0,18.2263,19.42063053732487,0.0514916340166237,9.221796291816765e-06,1.0,18.255017305780747,0.0547794605312882
6.0,18.2263,18.359181147336766,0.0544686602291662,6.45285133990688e-06,1.5,18.1553457690491,0.055080195812342
7.5,18.2263,17.245929061742007,0.0579846986740991,4.163030482419685e-06,1.5,18.04630541535024,0.0554130043232781
9.0,18.2263,16.161744593231354,0.0618745083014618,2.538513552828492e-06,nan,17.83786363629996,0.0560605249815345
nan,nan,nan,nan,1.6700311431290945e-06,nan,17.71960675090069,0.0564346609977204
nan,nan,nan,nan,1.1723142786465605e-06,nan,17.62302134982554,0.0567439589471926
nan,nan,nan,nan,7.577067747053206e-07,nan,17.53695595526599,0.0570224389312969
Name:	379.26901907322497_10_80_1
Lambda:	379.26901907322497	Maximal Depth:	10	Filter time:	10 to 80 [us]
Chi2:	0.8396912692345483	RelRMS:	3.550678947289337	AbsRMS:	8.284138951014638e-07	Phi model:	0.016185528864357
depth_vector,start_model,resistivity_model,conductivity_model,E/I[V/A],modelled_thickness,rhoa,sigma
0.0,18.2263,22.60313283296724,0.0442416547913869,7.892218948997383e-05,1.0,19.041257334798903,0.0525175403292537
1.0,18.2263,22.36156301297784,0.0447195931438082,5.175705164758095e-05,1.0,18.82881965046988,0.0531100737360902
2.0,18.2263,21.88847539199929,0.0456861422319766,3.57982003760843e-05,1.0,18.79457760640536,0.05320683555342
3.0,18.2263,21.21087946751675,0.0471456170184476,2.29367317299839e-05,1.0,18.71876390721757,0.0534223309272264
4.0,18.2263,20.368386675242565,0.0490956900978064,1.39795718418266e-05,1.0,18.428792560217165,0.0542629147695076
5.0,18.2263,19.407784793748924,0.0515257156150088,9.20962878383815e-06,1.0,18.271092451569103,0.0547312648464061
6.0,18.2263,18.377449990695883,0.0544145134665733,6.44186870521254e-06,1.5,18.17597507453196,0.0550176810817259
7.5,18.2263,17.294369741571003,0.0578222863823866,4.154114971748277e-06,1.5,18.07211669463684,0.0553338613786599
9.0,18.2263,16.236761896696837,0.0615886348745088,2.5320287559938893e-06,nan,17.86830710355605,0.05596501079842
nan,nan,nan,nan,1.6651981354826462e-06,nan,17.75387599512211,0.0563257285493461
nan,nan,nan,nan,1.1685976800581007e-06,nan,17.660366981155928,0.056623964896484
nan,nan,nan,nan,7.550626824950663e-07,nan,17.577872918333984,0.056889704723999
Name:	483.2930238571752_10_80_1
Lambda:	483.2930238571752	Maximal Depth:	10	Filter time:	10 to 80 [us]
Chi2:	0.8493047546476461	RelRMS:	3.582795156702854	AbsRMS:	8.616119210227186e-07	Phi model:	0.0150472726641793
depth_vector,start_model,resistivity_model,conductivity_model,E/I[V/A],modelled_thickness,rhoa,sigma
0.0,18.2263,22.45991153251099,0.0445237728809611,7.904598902380758e-05,1.0,19.02137089854717,0.0525724462938882
1.0,18.2263,22.228592231883304,0.0449871044269579,5.180468936189744e-05,1.0,18.817275014033363,0.0531426574386689
2.0,18.2263,21.775305372406265,0.0459235809968113,3.580954035857479e-05,1.0,18.790609549676127,0.0532180713646533
3.0,18.2263,21.125413085372287,0.0473363524755131,2.2928024797939792e-05,1.0,18.723502582353746,0.0534088104296503
4.0,18.2263,20.316240066258487,0.0492217062182098,1.396537462099197e-05,1.0,18.44128027045802,0.0542261700562052
5.0,18.2263,19.392020405464105,0.0515676025030496,9.195360777126992e-06,1.0,18.28998782756185,0.0546747220079099
6.0,18.2263,18.39867715853415,0.0543517336264664,6.428937467534645e-06,1.5,18.200339819332687,0.0549440290635554
7.5,18.2263,17.351876522582863,0.0576306544539165,4.143588683562187e-06,1.5,18.102710441599207,0.055240346644558
9.0,18.2263,16.32678068315082,0.0612490618577363,2.5243605249332112e-06,nan,17.90447442322792,0.0558519605972167
nan,nan,nan,nan,1.6594781274970712e-06,nan,17.7946494810147,0.0561966674908045
nan,nan,nan,nan,1.164196586205275e-06,nan,17.704847466140677,0.056481706601112
nan,nan,nan,nan,7.5193016137036e-07,nan,17.626658386110833,0.0567322505545329
Name:	615.8482110660261_10_80_1
Lambda:	615.8482110660261	Maximal Depth:	10	Filter time:	10 to 80 [us]
Chi2:	0.8748871753809558	RelRMS:	3.6413732942046986	AbsRMS:	9.02579918324166e-07	Phi model:	0.0137628229898294
depth_vector,start_model,resistivity_model,conductivity_model,E/I[V/A],modelled_thickness,rhoa,sigma
0.0,18.2263,22.29329152001273,0.044856543462965,7.919514749990354e-05,1.0,18.997479787849738,0.0526385610705885
1.0,18.2263,22.07378407775496,0.0453026085820853,5.186291971513657e-05,1.0,18.803187341844005,0.0531824728339876
2.0,18.2263,21.64334329173911,0.0462035826221766,3.582432728366734e-05,1.0,18.78543849274128,0.0532327206727913
3.0,18.2263,21.025489348143683,0.0475613187137681,2.291867099217271e-05,1.0,18.72859665596156,0.0533942835317395
4.0,18.2263,20.25498007832505,0.0493705743542105,1.3949207326090554e-05,1.0,18.455526626148952,0.0541843113045139
5.0,18.2263,19.373171823670724,0.0516177737492716,9.178927529540645e-06,1.0,18.31181131287414,0.0546095622608861
6.0,18.2263,18.42320681358771,0.0542793667855081,6.413972466206817e-06,1.5,18.22863869405352,0.0548587317343788
7.5,18.2263,17.419350593604076,0.057407421397625,4.131368111297755e-06,1.5,18.13839136767192,0.0551316806286527
9.0,18.2263,16.43325450294809,0.060852218884616,2.515442589311744e-06,nan,17.946766981215195,0.0557203423350119
nan,nan,nan,nan,1.6528194312787236e-06,nan,17.84241019249668,0.0560462397855045
nan,nan,nan,nan,1.1590701576940274e-06,nan,17.757013339527692,0.0563157768076891
nan,nan,nan,nan,7.482795242959772e-07,nan,17.683942079969498,0.0565484774536043
Name:	784.7599703514607_10_80_1
Lambda:	784.7599703514607	Maximal Depth:	10	Filter time:	10 to 80 [us]
Chi2:	0.923156619787886	RelRMS:	3.734925735119064	AbsRMS:	9.52393013481766e-07	Phi model:	0.0123512089867212
depth_vector,start_model,resistivity_model,conductivity_model,E/I[V/A],modelled_thickness,rhoa,sigma
0.0,18.2263,22.10284636854773,0.0452430417026739,7.937227910130027e-05,1.0,18.96920537512468,0.0527170210994369
1.0,18.2263,21.896717390551355,0.0456689458133806,5.1933146494937816e-05,1.0,18.786232401749416,0.0532304710500056
2.0,18.2263,21.49218909337501,0.0465285316286488,3.584333831827786e-05,1.0,18.77879546941707,0.0532515518169729
3.0,18.2263,20.910762935438928,0.0478222627786205,2.290903320575225e-05,1.0,18.733849010905683,0.0533793135312376
4.0,18.2263,20.184369678981103,0.0495432860131047,1.393122475781556e-05,1.0,18.471404933848117,0.0541377336256399
5.0,18.2263,19.351179763627965,0.0516764358666946,9.160396456344755e-06,1.0,18.33649897854992,0.0545360377228936
6.0,18.2263,18.451234381960244,0.0541969160056683,6.397000887009795e-06,1.5,18.260865478291034,0.0547619170180528
7.5,18.2263,17.49731766510381,0.0571516171301143,4.117457184883483e-06,1.5,18.179222387073395,0.0550078534003228
9.0,18.2263,16.557085945199894,0.0603971014772628,2.505270793951827e-06,nan,17.99531197498184,0.0555700285380025
nan,nan,nan,nan,1.6452160286057616e-06,nan,17.897340668128447,0.0558742227989657
nan,nan,nan,nan,1.1532123765718356e-06,nan,17.81709411242766,0.0561258751674037
nan,nan,nan,nan,7.441056791190827e-07,nan,17.75000904439996,0.0563379994623436
Name:	1000.0_10_80_1
Lambda:	1000.0	Maximal Depth:	10	Filter time:	10.0 to 80.0 [us]
Chi2:	0.906231241524965	RelRMS:	3.954099257135957	AbsRMS:	7.508679773428939e-07	Phi model:	0.010659473416812176
depth_vector,start_model,resistivity_model,conductivity_model,E/I[V/A],modelled_thickness,rhoa,sigma
0.0,18.2263,21.91453467565042,0.04563181535910574,7.888083598615132e-05,1.0,19.047911709191435,0.052499193363934854
1.0,18.2263,21.7408191688636,0.045996426916248084,5.1549544499902554e-05,1.0,18.879314736935196,0.05296802420712949
2.0,18.2263,21.397333751662895,0.046734794699469735,3.5538936014642575e-05,1.0,18.88587388006742,0.0529496281903811
3.0,18.2263,20.896481257970994,0.04785494685228636,2.2685628673347613e-05,1.0,18.85664003686102,0.053031717105762044
4.0,18.2263,20.25795942492749,0.04936331340310103,1.3779792216378284e-05,1.0,18.606485510588595,0.05374470097702864
5.0,18.2263,19.507277975817715,0.05126291844713827,9.052257167754598e-06,1.0,18.482243017949425,0.05410598697511058
6.0,18.2263,18.673930292305858,0.05355059081547637,6.316336223022306e-06,1.5,18.416006997535902,0.05430058753419251
7.5,18.2263,17.755428876358472,0.05632080232832392,4.0617605501040885e-06,1.5,18.345032502395306,0.05451066929804732
9.0,18.2263,16.817928064611227,0.059460356600301384,2.4692635090540707e-06,nan,18.169830316795274,0.05503628721703859
nan,nan,nan,nan,1.6204263664235685e-06,nan,18.07941020913887,0.05531153884071478
nan,nan,nan,nan,1.135180738161523e-06,nan,18.00527372976721,0.055539283379332935
nan,nan,nan,nan,7.31984633799061e-07,nan,17.945422265266426,0.05572451766351086
