Name:	10.0_10_80_1
Lambda:	10	Maximal Depth:	10	Filter time:	10 to 80 [us]
Chi2:	0.9021621595325576	RelRMS:	11.193549946913068	AbsRMS:	3.7072764230269533e-07	Phi model:	0.1004533002022047
depth_vector,start_model,resistivity_model,conductivity_model,E/I[V/A],modelled_thickness,rhoa,sigma
0.0,17.9965,21.12531427574808,0.0473365738822642,9.162941858122094e-05,1.0,17.23739969057762,0.0580133905316719
1.0,17.9965,20.441131077047213,0.0489209719477251,5.866811710335984e-05,1.0,17.31947332690119,0.0577384762876574
2.0,17.9965,19.21349537241643,0.0520467505061903,3.9628250242037786e-05,1.0,17.563191430171003,0.056937260177108
3.0,17.9965,17.688956540064463,0.0565324471081749,2.464620754052585e-05,1.0,17.842873203171898,0.0560447854229122
4.0,17.9965,16.19516104809771,0.0617468388878701,1.4566852863507884e-05,1.0,17.93008325071001,0.0557721894548594
5.0,17.9965,15.083663676959054,0.0662968905576662,9.343067495732848e-06,1.0,18.096709205599645,0.0552586654644685
6.0,17.9965,14.706402954463035,0.0679975928237791,6.384698949224374e-06,1.5,18.284314451575067,0.0546916868361918
7.5,17.9965,16.20236854037936,0.0617193713072142,4.003674164764749e-06,1.5,18.52204265157711,0.0539897255832553
9.0,17.9965,20.94158032973161,0.0477518880740943,2.3731720904819183e-06,nan,18.657051444301228,0.0535990374998643
nan,nan,nan,nan,1.5248040638790428e-06,nan,18.82757699280754,0.0531135791069672
nan,nan,nan,nan,1.0499504704436869e-06,nan,18.96693673036651,0.0527233266086123
nan,nan,nan,nan,6.633876253398103e-07,nan,19.162113758491014,0.0521863095378444
Name:	12.742749857031335_10_80_1
Lambda:	12.742749857031336	Maximal Depth:	10	Filter time:	10 to 80 [us]
Chi2:	0.9336852019194568	RelRMS:	11.357832263812858	AbsRMS:	3.908050847842984e-07	Phi model:	0.0681455993637049
depth_vector,start_model,resistivity_model,conductivity_model,E/I[V/A],modelled_thickness,rhoa,sigma
0.0,17.9965,20.15338680733575,0.0496194515373467,9.173957596642495e-05,1.0,17.223598252706328,0.0580598772293629
1.0,17.9965,19.62623067352626,0.0509522188256401,5.8685211754831854e-05,1.0,17.316109790874183,0.0577496915922196
2.0,17.9965,18.67842276361627,0.0535377110077999,3.961233970939488e-05,1.0,17.56789402250313,0.0569220191514746
3.0,17.9965,17.5029970811217,0.057133072431268,2.462532424134279e-05,1.0,17.852959443651848,0.0560131222588745
4.0,17.9965,16.3631565630765,0.0611129030114215,1.4557830140916098e-05,1.0,17.93749101496143,0.0557491568450633
5.0,17.9965,15.549139672104396,0.0643122398465574,9.340209581412889e-06,1.0,18.100400500875534,0.0552473963187515
6.0,17.9965,15.359167041415862,0.0651076973968385,6.384509068780192e-06,1.5,18.284676976608004,0.0546906024798426
7.5,17.9965,16.74681536206492,0.0597128455996004,4.005601961527229e-06,1.5,18.51609937531195,0.05400705514323
9.0,17.9965,20.75273777811498,0.048186413315286,2.376257171704314e-06,nan,18.64089971863688,0.0536454793005627
nan,nan,nan,nan,1.5278696835978054e-06,nan,18.802383958461128,0.0531847452008869
nan,nan,nan,nan,1.0526444606036628e-06,nan,18.934562038102783,0.0528134740052428
nan,nan,nan,nan,6.655691058035831e-07,nan,19.1202201421296,0.0523006530555887
Name:	16.237767391887218_10_80_1
Lambda:	16.237767391887218	Maximal Depth:	10	Filter time:	10 to 80 [us]
Chi2:	0.9610111804389548	RelRMS:	11.497068447652111	AbsRMS:	4.078686078703197e-07	Phi model:	0.0463195295374241
depth_vector,start_model,resistivity_model,conductivity_model,E/I[V/A],modelled_thickness,rhoa,sigma
0.0,17.9965,19.388522886054915,0.0515769048460749,9.182796136192288e-05,1.0,17.212544547257234,0.0580971626394045
1.0,17.9965,18.988613376329088,0.0526631397554591,5.8697561645216585e-05,1.0,17.31368084775688,0.0577577933192385
2.0,17.9965,18.268863364834072,0.0547379429157541,3.95980401994036e-05,1.0,17.572123140203136,0.0569083196163192
3.0,17.9965,17.38079511236067,0.0575347671688984,2.4607512705751982e-05,1.0,17.861573351588852,0.0559861094157781
4.0,17.9965,16.53490590544655,0.0604781185764475,1.4550249504465058e-05,1.0,17.943720726857407,0.0557298018188191
5.0,17.9965,15.968674470575415,0.0626226053917402,9.337875078958354e-06,1.0,18.10341715213487,0.0552381902044429
6.0,17.9965,15.931504297383803,0.0627687116880868,6.3844235662734014e-06,1.5,18.28484022624326,0.0546901141944217
7.5,17.9965,17.211916717556925,0.0580992818179253,4.007283101733884e-06,1.5,18.51092041569718,0.0540221651621388
9.0,17.9965,20.59632595065714,0.0485523487245109,2.378889333122064e-06,nan,18.62714682729418,0.0536850871081721
nan,nan,nan,nan,1.530472221835275e-06,nan,18.781062520745504,0.0532451238525724
nan,nan,nan,nan,1.0549268952015442e-06,nan,18.90724103057084,0.0528897895987635
nan,nan,nan,nan,6.674142442065122e-07,nan,19.084963949134504,0.0523972695293118
Name:	20.6913808111479_10_80_1
Lambda:	20.6913808111479	Maximal Depth:	10	Filter time:	10 to 80 [us]
Chi2:	0.9843019505297566	RelRMS:	11.61447821255414	AbsRMS:	4.211863922262141e-07	Phi model:	0.0317841194879723
depth_vector,start_model,resistivity_model,conductivity_model,E/I[V/A],modelled_thickness,rhoa,sigma
0.0,17.9965,18.787130216956108,0.0532279272274092,9.18955880380124e-05,1.0,17.204098947812742,0.0581256828987917
1.0,17.9965,18.48990450001279,0.0540835676030294,5.870486468427537e-05,1.0,17.3122449064604,0.0577625839631479
2.0,17.9965,17.95539258180511,0.0556935748101291,3.95846564264464e-05,1.0,17.576083732968787,0.0568954959018671
3.0,17.9965,17.30279620403903,0.0577941269265234,2.4592141849287342e-05,1.0,17.869015270493925,0.0559627928490968
4.0,17.9965,16.69955185987397,0.0598818464346232,1.4543800222590356e-05,1.0,17.949024960047584,0.0557133327423568
5.0,17.9965,16.337908802182422,0.061207343737065,9.335928514272555e-06,1.0,18.105933470177483,0.0552305133368082
6.0,17.9965,16.423887358356133,0.0608869251341535,6.384394111107601e-06,1.5,18.28489646573151,0.0546899459821466
7.5,17.9965,17.60303508829295,0.0568083853144767,4.008735871423821e-06,1.5,18.50644789542738,0.0540352208943933
9.0,17.9965,20.46712959513697,0.0488588297324116,2.381122807972572e-06,nan,18.615496925415243,0.0537186841697858
nan,nan,nan,nan,1.5326710086628965e-06,nan,18.76309587611453,0.0532961088405993
nan,nan,nan,nan,1.056852048981417e-06,nan,18.88427319489667,0.0529541163527671
nan,nan,nan,nan,6.689681350930411e-07,nan,19.0553985705,0.0524785664440584
Name:	26.366508987303583_10_80_1
Lambda:	26.366508987303583	Maximal Depth:	10	Filter time:	10 to 80 [us]
Chi2:	1.004154712810868	RelRMS:	11.71641803788532	AbsRMS:	4.346868269591913e-07	Phi model:	0.022089126984935
depth_vector,start_model,resistivity_model,conductivity_model,E/I[V/A],modelled_thickness,rhoa,sigma
0.0,17.9965,18.301195753917668,0.0546412383893513,9.195858108053864e-05,1.0,17.196241335605244,0.0581522427188478
1.0,17.9965,18.089251159046217,0.0552814481488313,5.871520666475432e-05,1.0,17.310211950371787,0.0577693677504926
2.0,17.9965,17.709437692158126,0.0564670667348635,3.957639912876629e-05,1.0,17.57852838706166,0.0568875834188731
3.0,17.9965,17.25352961137464,0.0579591551713995,2.4581168687934417e-05,1.0,17.8743327557248,0.0559461443213716
4.0,17.9965,16.853233382735606,0.0593357949356113,1.4539543333858754e-05,1.0,17.952528200482686,0.0557024608920047
5.0,17.9965,16.66179097347346,0.0600175576318331,9.33503333032427e-06,1.0,18.107090965203792,0.0552269827285724
6.0,17.9965,16.846832988258665,0.0593583375995325,6.384866629011297e-06,1.5,18.28399432759555,0.054692644401597
7.5,17.9965,17.931973969789958,0.0557663089230835,4.010257058609995e-06,1.5,18.5017676382663,0.0540488897899543
9.0,17.9965,20.359771093229025,0.0491164657707063,2.383166825218926e-06,nan,18.6048511919946,0.0537494221093413
nan,nan,nan,nan,1.5346196441896109e-06,nan,18.747209126388377,0.0533412730000654
nan,nan,nan,nan,1.0585356220862148e-06,nan,18.864244589703112,0.0530103389640018
nan,nan,nan,nan,6.703125931424433e-07,nan,19.02991020776564,0.0525488554114104
Name:	33.59818286283781_10_80_1
Lambda:	33.59818286283781	Maximal Depth:	10	Filter time:	10 to 80 [us]
Chi2:	1.020404799353057	RelRMS:	11.800866080463493	AbsRMS:	4.41293053961142e-07	Phi model:	0.0158928293821098
depth_vector,start_model,resistivity_model,conductivity_model,E/I[V/A],modelled_thickness,rhoa,sigma
0.0,17.9965,17.932285518834046,0.055765340059398,9.1993488045518e-05,1.0,17.19189098012348,0.0581669579661804
1.0,17.9965,17.785751741837775,0.056224781190872,5.871497374785033e-05,1.0,17.31025772902133,0.0577692149738163
2.0,17.9965,17.52645307099458,0.0570566101395011,3.956496764236157e-05,1.0,17.581914194335443,0.0568766283890852
3.0,17.9965,17.225532077136968,0.0580533591370031,2.4570072006013785e-05,1.0,17.8797141226205,0.055929305868199
4.0,17.9965,16.986243121508558,0.0588711696192412,1.4535141783267324e-05,1.0,17.95615228959165,0.055691218467759
5.0,17.9965,16.931114165785463,0.0590628584869392,9.33388108080666e-06,1.0,18.10858112472087,0.0552224380868169
6.0,17.9965,17.1943842942744,0.0581585233228149,6.385066077730893e-06,1.5,18.283613570560423,0.0546937833782574
7.5,17.9965,18.197342662256567,0.0549530785104199,4.011448709983166e-06,1.5,18.498103334729187,0.0540595963761622
9.0,17.9965,20.271533100985767,0.0493302600754637,2.384834526790627e-06,nan,18.59617666788326,0.05377449450279
nan,nan,nan,nan,1.5362248909074769e-06,nan,18.73414717626511,0.0533784639669603
nan,nan,nan,nan,1.0599289582332812e-06,nan,18.84770889284003,0.0530568466271189
nan,nan,nan,nan,6.714283157894898e-07,nan,19.00882283733249,0.0526071502984416
Name:	42.81332398719393_10_80_1
Lambda:	42.81332398719393	Maximal Depth:	10	Filter time:	10 to 80 [us]
Chi2:	1.033831237962513	RelRMS:	11.874985322229117	AbsRMS:	4.450093869750626e-07	Phi model:	0.0118783975329909
depth_vector,start_model,resistivity_model,conductivity_model,E/I[V/A],modelled_thickness,rhoa,sigma
0.0,17.9965,17.643738180715506,0.0566773316265253,9.201546953834876e-05,1.0,17.18915290084189,0.0581762234456022
1.0,17.9965,17.54957015511977,0.056981452603172,5.871187052802586e-05,1.0,17.310867680197838,0.0577671794663369
2.0,17.9965,17.386915206308355,0.0575145152624416,3.955446599451737e-05,1.0,17.585026036827184,0.0568665635129436
3.0,17.9965,17.210767898648246,0.0581031599454979,2.4560849185963964e-05,1.0,17.8841898383159,0.0559153089427374
4.0,17.9965,17.1017161565078,0.0584736637451128,1.4531731604507663e-05,1.0,17.95896137415664,0.0556825074215607
5.0,17.9965,17.156320888635232,0.0582875551518988,9.333206812424249e-06,1.0,18.10945327202142,0.0552197785863017
6.0,17.9965,17.480774421144087,0.0572057035865892,6.385499023607637e-06,1.5,18.28278712462604,0.0546962557285944
7.5,17.9965,18.412205415556723,0.0543117990175737,4.012652690758282e-06,1.5,18.49440296053864,0.0540704126612625
9.0,17.9965,20.197319586637352,0.0495115203634053,2.3863644850309336e-06,nan,18.588227500876364,0.0537974909093862
nan,nan,nan,nan,1.5376604225583505e-06,nan,18.7224854564615,0.0534117119399273
nan,nan,nan,nan,1.0611622757462912e-06,nan,18.83310244665656,0.0530979960860102
nan,nan,nan,nan,6.724067685791872e-07,nan,18.99037790161486,0.0526582464646458
Name:	54.5559478116852_10_80_1
Lambda:	54.5559478116852	Maximal Depth:	10	Filter time:	10 to 80 [us]
Chi2:	1.0448862526458431	RelRMS:	11.94210948035105	AbsRMS:	4.457876325990193e-07	Phi model:	0.0092865190553348
depth_vector,start_model,resistivity_model,conductivity_model,E/I[V/A],modelled_thickness,rhoa,sigma
0.0,17.9965,17.420023101709123,0.057405205157385,9.202502840368284e-05,1.0,17.187962560595736,0.0581802523989987
1.0,17.9965,17.36734664259503,0.0575793194308339,5.870561620609641e-05,1.0,17.312097157307722,0.0577630769347827
2.0,17.9965,17.28161039767884,0.0578649776836951,3.954441762328078e-05,1.0,17.58800485403082,0.0568569322273537
3.0,17.9965,17.205107224030403,0.058122276541427,2.455312612627897e-05,1.0,17.887939895097084,0.0559035867665281
4.0,17.9965,17.200214907380555,0.058138808461684,1.4529184682133948e-05,1.0,17.961060080784602,0.0556760010546279
5.0,17.9965,17.34215902910761,0.0576629471752374,9.332996881685928e-06,1.0,18.1097248329996,0.0552189505484808
6.0,17.9965,17.71382434361263,0.0564530832304762,6.38619817410043e-06,1.5,18.28145272059579,0.0547002481303581
7.5,17.9965,18.583614817333533,0.0538108441134535,4.013931647030101e-06,1.5,18.490474179310965,0.0540819013240289
9.0,17.9965,20.133670983127622,0.0496680412051045,2.387829216863613e-06,nan,18.58062518363222,0.0538195023104446
nan,nan,nan,nan,1.5389925204785996e-06,nan,18.711680213038647,0.0534425550573048
nan,nan,nan,nan,1.062291970063656e-06,nan,18.819748038059164,0.0531356741853132
nan,nan,nan,nan,6.732922414436594e-07,nan,18.973724259290947,0.052704465730302
Name:	69.51927961775606_10_80_1
Lambda:	69.51927961775606	Maximal Depth:	10	Filter time:	10 to 80 [us]
Chi2:	1.054026888522151	RelRMS:	12.005455849892464	AbsRMS:	4.434484150784495e-07	Phi model:	0.0076059851154918
depth_vector,start_model,resistivity_model,conductivity_model,E/I[V/A],modelled_thickness,rhoa,sigma
0.0,17.9965,17.248781234783085,0.0579751106114933,9.202199441876214e-05,1.0,17.188340352397976,0.0581789736238547
1.0,17.9965,17.22873278197924,0.0580425741495028,5.869564159617082e-05,1.0,17.314058421903194,0.057756533773442
2.0,17.9965,17.203686303658742,0.0581270770897123,3.953423240500613e-05,1.0,17.591025526943955,0.0568471689423855
3.0,17.9965,17.205974084760985,0.0581193482608858,2.4546503320428225e-05,1.0,17.891157271922133,0.0558935335932333
4.0,17.9965,17.28342180077966,0.0578589130975724,1.4527367340006717e-05,1.0,17.962557975980026,0.0556713582406929
5.0,17.9965,17.49390630646133,0.057162761848716,9.333236850139907e-06,1.0,18.10941441684119,0.0552198970647019
6.0,17.9965,17.90118963368648,0.0558622091862654,6.387196945850883e-06,1.5,18.27954687941745,0.0547059512249719
7.5,17.9965,18.71806809113856,0.0534243168221733,4.01534818650268e-06,1.5,18.48612519542832,0.0540946244509532
9.0,17.9965,20.07743051254328,0.0498071702639067,2.389299507771111e-06,nan,18.57300182602141,0.0538415927251439
nan,nan,nan,nan,1.5402853424236474e-06,nan,18.70120844937137,0.0534724802788674
nan,nan,nan,nan,1.063372450694552e-06,nan,18.80699752381008,0.0531716983922594
nan,nan,nan,nan,6.741273040788112e-07,nan,18.958052124356595,0.0527480351589094
Name:	88.58667904100822_10_80_1
Lambda:	88.58667904100822	Maximal Depth:	10	Filter time:	10 to 80 [us]
Chi2:	1.0615769644666146	RelRMS:	12.068450275592326	AbsRMS:	4.386308799369338e-07	Phi model:	0.0065153305141333
depth_vector,start_model,resistivity_model,conductivity_model,E/I[V/A],modelled_thickness,rhoa,sigma
0.0,17.9965,17.122186593602482,0.0584037555328149,9.200874408240644e-05,1.0,17.189990527622886,0.0581733886585384
1.0,17.9965,17.12708216693695,0.0583870615118817,5.868318050596612e-05,1.0,17.316509373004962,0.0577483590058236
2.0,17.9965,17.148546336327996,0.05831398069477,3.952461447613565e-05,1.0,17.593879147377763,0.0568379486765454
3.0,17.9965,17.211339707797666,0.058101229594983,2.454139709887333e-05,1.0,17.89363887595942,0.0558857819212796
4.0,17.9965,17.351952806305228,0.0576304010944881,1.4526588222251894e-05,1.0,17.963200238408493,0.0556693677478372
5.0,17.9965,17.614460867861435,0.0567715360408535,9.334168376234583e-06,1.0,18.10820954801888,0.0552235712397863
6.0,17.9965,18.0472703609235,0.0554100415188122,6.388687026187263e-06,1.5,18.276704453717088,0.054714459192156
7.5,17.9965,18.819149191177907,0.0531373650233233,4.017048122895906e-06,1.5,18.480909515843138,0.0541098910279675
9.0,17.9965,20.026324964436,0.0499342741005083,2.390882546479632e-06,nan,18.564802614846865,0.0538653720562732
nan,nan,nan,nan,1.5416192780271074e-06,nan,18.690419012099024,0.0535033483921715
nan,nan,nan,nan,1.0644653841858836e-06,nan,18.7941220047649,0.0532081253780553
nan,nan,nan,nan,6.749559752234158e-07,nan,18.942531895167424,0.0527912533305601
Name:	112.88378916846884_10_80_1
Lambda:	112.88378916846884	Maximal Depth:	10	Filter time:	10 to 80 [us]
Chi2:	1.0682785326532438	RelRMS:	12.133207493685044	AbsRMS:	4.292710342775808e-07	Phi model:	0.0057539456989893
depth_vector,start_model,resistivity_model,conductivity_model,E/I[V/A],modelled_thickness,rhoa,sigma
0.0,17.9965,17.028299496464484,0.0587257700164144,9.19784340492905e-05,1.0,17.1937667792742,0.0581606120891104
1.0,17.9965,17.052923769303014,0.0586409705179179,5.866348638498237e-05,1.0,17.320384746175844,0.0577354380202662
2.0,17.9965,17.111182217442664,0.0584413155848827,3.9512240701262026e-05,1.0,17.597552124573347,0.0568260854078444
3.0,17.9965,17.221652384544107,0.0580664373935144,2.453580744362079e-05,1.0,17.896356413731525,0.0558772957400825
4.0,17.9965,17.411595572063973,0.0574329903230953,1.4525855118306252e-05,1.0,17.963804621975882,0.0556674947787317
5.0,17.9965,17.71387832942056,0.0564529111808972,9.335277516458604e-06,1.0,18.106775208133183,0.0552279458106278
6.0,17.9965,18.16444970142205,0.0550525898905548,6.39039061122649e-06,1.5,18.27345610728267,0.0547241854047227
7.5,17.9965,18.8963371743946,0.0529203088816093,4.018923431077447e-06,1.5,18.475160033048503,0.0541267300641073
9.0,17.9965,19.97665530420376,0.0500584299409504,2.392564288747946e-06,nan,18.55610208319425,0.0538906282966438
nan,nan,nan,nan,1.543012869083668e-06,nan,18.67916366285197,0.0535355874625555
nan,nan,nan,nan,1.065598724649764e-06,nan,18.78079371276171,0.0532458859457303
nan,nan,nan,nan,6.758079492252776e-07,nan,18.9266083007664,0.052835668393872
Name:	143.8449888287663_10_80_1
Lambda:	143.8449888287663	Maximal Depth:	10	Filter time:	10 to 80 [us]
Chi2:	1.074460928411508	RelRMS:	12.20318726357958	AbsRMS:	4.162747853947921e-07	Phi model:	0.0052030867601514
depth_vector,start_model,resistivity_model,conductivity_model,E/I[V/A],modelled_thickness,rhoa,sigma
0.0,17.9965,16.96355665469526,0.0589499018605402,9.193390400623996e-05,1.0,17.199318429942217,0.0581418388218863
1.0,17.9965,17.00317225872217,0.0588125547858886,5.863830794768849e-05,1.0,17.32534247242763,0.0577189167597377
2.0,17.9965,17.089370595654685,0.0585159058025384,3.949827731024766e-05,1.0,17.601699259458684,0.0568126966186305
3.0,17.9965,17.23589186755648,0.0580184656346285,2.4530487152116376e-05,1.0,17.898943952820854,0.0558692179067023
4.0,17.9965,17.462708623607277,0.0572648849358988,1.4525666739906613e-05,1.0,17.96395993259547,0.055667013495477
5.0,17.9965,17.79376075272098,0.0561994742930935,9.336918565484948e-06,1.0,18.104653524831484,0.05523441797041
6.0,17.9965,18.25504187348464,0.0547793868088845,6.392570635431987e-06,1.5,18.26930140505552,0.0547366304725411
7.5,17.9965,18.95109723035,0.0527673932461551,4.021157468432237e-06,1.5,18.468316560622657,0.0541467868344945
9.0,17.9965,19.92676784234422,0.0501837532264017,2.3944670999361856e-06,nan,18.54627012885921,0.0539191973939781
nan,nan,nan,nan,1.5445522950104709e-06,nan,18.666750155210224,0.0535711889688994
nan,nan,nan,nan,1.0668359999245364e-06,nan,18.766270077398275,0.0532870941255598
nan,nan,nan,nan,6.767266683390787e-07,nan,18.90947467370372,0.0528835421002276
Name:	183.29807108324357_10_80_1
Lambda:	183.2980710832436	Maximal Depth:	10	Filter time:	10 to 80 [us]
Chi2:	1.0805841773133702	RelRMS:	12.281320961759224	AbsRMS:	4.005325423940309e-07	Phi model:	0.0047748579590618
depth_vector,start_model,resistivity_model,conductivity_model,E/I[V/A],modelled_thickness,rhoa,sigma
0.0,17.9965,16.922716970425007,0.0590921659771093,9.187795840825874e-05,1.0,17.20629963664776,0.0581182486134378
1.0,17.9965,16.97348841962162,0.0589154082695213,5.860916673292114e-05,1.0,17.331084915397835,0.0576997923027627
2.0,17.9965,17.080416760720723,0.0585465808012171,3.948362063178221e-05,1.0,17.60605493039416,0.0567986413738635
3.0,17.9965,17.253453098240215,0.057959412200332,2.4525956210421e-05,1.0,17.901148326938326,0.0558623380878399
4.0,17.9965,17.506829125495337,0.0571205666561109,1.452636955350737e-05,1.0,17.96338050738185,0.0556688090857431
5.0,17.9965,17.85742057595303,0.0559991290873559,9.339342079052588e-06,1.0,18.10152134336079,0.055243975411314
6.0,17.9965,18.32334011118948,0.0545752026612949,6.395415199390063e-06,1.5,18.26388376884009,0.054752867060296
7.5,17.9965,18.98657173428865,0.052668802667206,4.0238853368569e-06,1.5,18.459968935170664,0.0541712720921626
9.0,17.9965,19.87504490705108,0.0503143517248219,2.3966857132309567e-06,nan,18.534822833909985,0.0539524984382624
nan,nan,nan,nan,1.546306557710075e-06,nan,18.652629376809493,0.0536117444784102
nan,nan,nan,nan,1.068229149427461e-06,nan,18.749950291904167,0.0533334747256252
nan,nan,nan,nan,6.777485379287133e-07,nan,18.89046282787807,0.0529367654520473
Name:	233.57214690901213_10_80_1
Lambda:	233.57214690901213	Maximal Depth:	10	Filter time:	10 to 80 [us]
Chi2:	1.08740224597195	RelRMS:	12.370548418672298	AbsRMS:	3.793684332623277e-07	Phi model:	0.0044000241127124
depth_vector,start_model,resistivity_model,conductivity_model,E/I[V/A],modelled_thickness,rhoa,sigma
0.0,17.9965,16.904877459407064,0.0591545252192011,9.18001072819474e-05,1.0,17.216026136146574,0.0580854136774578
1.0,17.9965,16.9635134117945,0.0589500521339355,5.857004078595911e-05,1.0,17.33880239491097,0.0576741101965326
2.0,17.9965,17.084950033322745,0.0585310462160898,3.946469137547311e-05,1.0,17.611684315012617,0.0567804863017886
3.0,17.9965,17.27620328825795,0.0578830882755163,2.45203961194036e-05,1.0,17.903854325986778,0.0558538950212825
4.0,17.9965,17.547034800217745,0.0569896858007935,1.4527159004373168e-05,1.0,17.96272971095589,0.0556708259875489
5.0,17.9965,17.908789055844437,0.0558385045958009,9.342187649738013e-06,1.0,18.09784541821527,0.0552551962342164
6.0,17.9965,18.37338895455805,0.0544265406057232,6.398772135511447e-06,1.5,18.25749545434118,0.0547720251389806
7.5,17.9965,19.004930017854463,0.0526179259308261,4.027084801778967e-06,1.5,18.450190174701625,0.0541999833351946
9.0,17.9965,19.818429977141307,0.050458083771187,2.399251980343168e-06,nan,18.52160377227716,0.053991004898657
nan,nan,nan,nan,1.54832071213174e-06,nan,18.636449513567023,0.0536582893255508
nan,nan,nan,nan,1.0698231404424409e-06,nan,18.73132124449448,0.0533865169972417
nan,nan,nan,nan,6.789125489046641e-07,nan,18.86886456827242,0.0529973595592751
Name:	297.63514416313194_10_80_1
Lambda:	297.63514416313194	Maximal Depth:	10	Filter time:	10 to 80 [us]
Chi2:	1.095512913235278	RelRMS:	12.473613636296452	AbsRMS:	3.5498670158068786e-07	Phi model:	0.0040497989936404
depth_vector,start_model,resistivity_model,conductivity_model,E/I[V/A],modelled_thickness,rhoa,sigma
0.0,17.9965,16.905887875621755,0.0591509897236451,9.170677084822858e-05,1.0,17.227705463040515,0.0580460353321776
1.0,17.9965,16.969712472410226,0.0589285175942623,5.852462834975112e-05,1.0,17.34777064735752,0.0576442944933863
2.0,17.9965,17.10057184217121,0.0584775766114399,3.944375081960034e-05,1.0,17.617917086611577,0.0567603988078665
3.0,17.9965,17.30320539387012,0.0577927601988856,2.451507839087255e-05,1.0,17.90644332838907,0.055845819388074
4.0,17.9965,17.583908369177387,0.0568701780630799,1.4528752802472673e-05,1.0,17.96141601765081,0.0556748977373105
5.0,17.9965,17.94973385570451,0.0557111324345455,9.345901215398426e-06,1.0,18.09305101781128,0.055269838072947
6.0,17.9965,18.40781195515004,0.0543247618150632,6.402937279302175e-06,1.5,18.24957686557336,0.0547957910129102
7.5,17.9965,19.00817454725888,0.052608944510361,4.030937980113861e-06,1.5,18.43843059511076,0.0542345507575447
9.0,17.9965,19.75619616109069,0.050617031327593,2.402275362998216e-06,nan,18.50606027296317,0.054036352700146
nan,nan,nan,nan,1.550666051285431e-06,nan,18.617653366727545,0.053712462054275
nan,nan,nan,nan,1.0716674596145856e-06,nan,18.70982424549224,0.0534478564244626
nan,nan,nan,nan,6.802504787304279e-07,nan,18.844115351937543,0.0530669644779679
Name:	379.26901907322497_10_80_1
Lambda:	379.26901907322497	Maximal Depth:	10	Filter time:	10 to 80 [us]
Chi2:	1.105904339894752	RelRMS:	12.59302784710539	AbsRMS:	3.2655346887989375e-07	Phi model:	0.0036967635717207
depth_vector,start_model,resistivity_model,conductivity_model,E/I[V/A],modelled_thickness,rhoa,sigma
0.0,17.9965,16.92521128555302,0.0590834574014197,9.15918486982251e-05,1.0,17.242113085443727,0.0579975316856161
1.0,17.9965,16.991904923029924,0.0588515534032122,5.846946565981983e-05,1.0,17.358680037116315,0.0576080668496568
2.0,17.9965,17.12775488560106,0.0583847682710989,3.941877173012467e-05,1.0,17.625359108815907,0.0567364326494668
3.0,17.9965,17.335754648496764,0.0576842497068169,2.4509004785212976e-05,1.0,17.90940148424883,0.0558365951469395
4.0,17.9965,17.619547248083684,0.0567551473326739,1.4530736708911211e-05,1.0,17.959781111795614,0.0556799659068907
5.0,17.9965,17.982903038835236,0.0556083741229341,9.350318554531276e-06,1.0,18.087352143409746,0.05528725222306
6.0,17.9965,18.42929089283136,0.054261447486782,6.40785984363147e-06,1.5,18.240229363789496,0.0548238720059737
7.5,17.9965,18.99768497466184,0.0526379925413938,4.035460953705115e-06,1.5,18.42465073667732,0.0542751129609927
9.0,17.9965,19.68634193975014,0.0507966387590183,2.405795047601195e-06,nan,18.488006258473067,0.0540891205909073
nan,nan,nan,nan,1.5533839788646008e-06,nan,18.59593038353409,0.0537752066917532
nan,nan,nan,nan,1.0737998292827209e-06,nan,18.685046518930005,0.0535187321576582
nan,nan,nan,nan,6.817931697301737e-07,nan,18.815678945814536,0.0531471653443813
Name:	483.2930238571752_10_80_1
Lambda:	483.2930238571752	Maximal Depth:	10	Filter time:	10 to 80 [us]
Chi2:	1.1195312183751789	RelRMS:	12.73054912176284	AbsRMS:	2.959154954095417e-07	Phi model:	0.0033325451377518
depth_vector,start_model,resistivity_model,conductivity_model,E/I[V/A],modelled_thickness,rhoa,sigma
0.0,17.9965,16.96092648953814,0.0589590433409885,9.145707904845958e-05,1.0,17.259047391252683,0.0579406254198493
1.0,17.9965,17.02851501257449,0.0587250267719506,5.840553275828863e-05,1.0,17.371345371577473,0.057566065184345
2.0,17.9965,17.16556708331904,0.0582561586894364,3.939035024156315e-05,1.0,17.633836290287533,0.0567091575274964
3.0,17.9965,17.373754527841225,0.0575580827044328,2.4502523642207056e-05,1.0,17.91255947938397,0.0558267511212412
4.0,17.9965,17.65472797259932,0.0566420508745323,1.4533330679578209e-05,1.0,17.957644022811582,0.0556865922238853
5.0,17.9965,18.00980170397497,0.0555253198473189,9.35559163927123e-06,1.0,18.080555131457988,0.0553080363257276
6.0,17.9965,18.43971803409313,0.0542307641663014,6.413650274992832e-06,1.5,18.229249168880035,0.0548568945838507
7.5,17.9965,18.97481934088772,0.0527014240312243,4.040730011249579e-06,1.5,18.40863025596294,0.0543223469696274
9.0,17.9965,19.60828824548115,0.0509988422997839,2.409862519992556e-06,nan,18.467197152988604,0.0541500689961587
nan,nan,nan,nan,1.5565111017892987e-06,nan,18.57101515302492,0.0538473525415823
nan,nan,nan,nan,1.0762473969052016e-06,nan,18.65670714478222,0.0536000266413397
nan,nan,nan,nan,6.835593700091965e-07,nan,18.7832539788954,0.0532389116988774
Name:	615.8482110660261_10_80_1
Lambda:	615.8482110660261	Maximal Depth:	10	Filter time:	10 to 80 [us]
Chi2:	1.1375605293085542	RelRMS:	12.887022789485531	AbsRMS:	2.6518552608220055e-07	Phi model:	0.0029531369173202
depth_vector,start_model,resistivity_model,conductivity_model,E/I[V/A],modelled_thickness,rhoa,sigma
0.0,17.9965,17.01210201695387,0.0587816837098333,9.130078789984496e-05,1.0,17.27873811095717,0.0578745967198761
1.0,17.9965,17.078874688993054,0.0585518670410104,5.833177026671398e-05,1.0,17.385986721793248,0.0575175867784659
2.0,17.9965,17.213832805754166,0.0580928147312854,3.935779618970686e-05,1.0,17.643558611649,0.0566779084656855
3.0,17.9965,17.417669111203228,0.0574129634462276,2.449524661414248e-05,1.0,17.91610693621345,0.0558156972137022
4.0,17.9965,17.690577743476485,0.0565272663505156,1.453634988595178e-05,1.0,17.95515739626359,0.0556943043121469
5.0,17.9965,18.03209090338624,0.0554566858251701,9.361629497642192e-06,1.0,18.072780162415587,0.0553318300235629
6.0,17.9965,18.44098619918775,0.0542270347799536,6.420263185805394e-06,1.5,18.216729526077263,0.0548945955731789
7.5,17.9965,18.94088850756876,0.0527958337118346,4.046730956279805e-06,1.5,18.390426838583004,0.0543761169208974
9.0,17.9965,19.521534940151216,0.0512254801205838,2.4144793819015992e-06,nan,18.443648199465606,0.054219208108132
nan,nan,nan,nan,1.56005401350055e-06,nan,18.542887752535734,0.0539290327022149
nan,nan,nan,nan,1.0790178390902325e-06,nan,18.62475866330725,0.0536919708908822
nan,nan,nan,nan,6.855563966967181e-07,nan,18.746759150552087,0.0533425533431761
Name:	784.7599703514607_10_80_1
Lambda:	784.7599703514607	Maximal Depth:	10	Filter time:	10 to 80 [us]
Chi2:	1.161038166618818	RelRMS:	13.061708832963188	AbsRMS:	2.390078242586183e-07	Phi model:	0.0025639772678349
depth_vector,start_model,resistivity_model,conductivity_model,E/I[V/A],modelled_thickness,rhoa,sigma
0.0,17.9965,17.077082358271788,0.0585580123712187,9.112461723356518e-05,1.0,17.30100086068059,0.0578001242848711
1.0,17.9965,17.14158428978679,0.0583376648910926,5.824886890236873e-05,1.0,17.40247894873698,0.0574630776997766
2.0,17.9965,17.27163917080041,0.0578983841725114,3.932135608885432e-05,1.0,17.65445741840932,0.0566429189127751
3.0,17.9965,17.467240309541367,0.0572500281829726,2.448718288941867e-05,1.0,17.920039949582094,0.0558034470243087
4.0,17.9965,17.727565013037477,0.0564093263380822,1.4539739382224464e-05,1.0,17.952366823370802,0.0557029616116231
5.0,17.9965,18.05091845295226,0.0553988431450948,9.368365566835749e-06,1.0,18.064115962283527,0.0553583691606011
6.0,17.9965,18.43474160595712,0.0542454036717744,6.427634191435147e-06,1.5,18.202799953774008,0.0549366032994648
7.5,17.9965,18.89747344503781,0.0529171268798678,4.053411051656038e-06,1.5,18.370216112097008,0.0544359409763006
9.0,17.9965,19.426718102667863,0.0514754985744437,2.41960914002704e-06,nan,18.417571007965257,0.0542959763568995
nan,nan,nan,nan,1.5639865437556362e-06,nan,18.5117915514154,0.0540196229642365
nan,nan,nan,nan,1.0820915239000187e-06,nan,18.589472816505545,0.0537938869956603
nan,nan,nan,nan,6.877707750282481e-07,nan,18.706498910199134,0.0534573575098428
Name:	1000.0_10_80_1
Lambda:	1000.0	Maximal Depth:	10	Filter time:	10.0 to 80.0 [us]
Chi2:	1.190699796679187	RelRMS:	13.251700051231916	AbsRMS:	2.2413390535786272e-07	Phi model:	0.0021762078869775082
depth_vector,start_model,resistivity_model,conductivity_model,E/I[V/A],modelled_thickness,rhoa,sigma
0.0,17.9965,17.15370228263095,0.058296453064394974,9.093166141436258e-05,1.0,17.325467214172946,0.05771850118892949
1.0,17.9965,17.214734347422244,0.0580897723902281,5.8158141700321156e-05,1.0,17.420572924361846,0.05740339335232467
2.0,17.9965,17.33757119903803,0.057678205817864765,3.928149418796648e-05,1.0,17.666398940780418,0.05660463138821344
3.0,17.9965,17.52173911473767,0.05707196034889552,2.447832404227317e-05,1.0,17.92436326628581,0.055789987356533566
4.0,17.9965,17.765763776845823,0.05628803875594154,1.4543346565859784e-05,1.0,17.949398219100487,0.05571217417951485
5.0,17.9965,18.06718413562547,0.055348968189689665,9.375621642502391e-06,1.0,18.054794517783797,0.05538694993260708
6.0,17.9965,18.42262426947661,0.05428108316016859,6.435592884850341e-06,1.5,18.187789642359007,0.054981942262572664
7.5,17.9965,18.84657338071786,0.05306004331923336,4.060628830839326e-06,1.5,18.348440917412276,0.054500543370473595
9.0,17.9965,19.325548837449084,0.051744972854907915,2.4251499085383895e-06,nan,18.389507754408946,0.05437883456995996
nan,nan,nan,nan,1.5682335362934941e-06,nan,18.478354793041806,0.05411737198468335
nan,nan,nan,nan,1.0854110888696335e-06,nan,18.551551417684557,0.0539038475804635
nan,nan,nan,nan,6.901622040482698e-07,nan,18.66326159703863,0.053581202556721046
