Name:	10.0_10_80_1
Lambda:	10	Maximal Depth:	10	Filter time:	10 to 80 [us]
Chi2:	0.9634525897306102	RelRMS:	12.254233371929638	AbsRMS:	4.274241078076905e-07	Phi model:	0.1096941938522568
depth_vector,start_model,resistivity_model,conductivity_model,E/I[V/A],modelled_thickness,rhoa,sigma
0.0,18.543,20.507860047069,0.0487617917083904,8.987414477647212e-05,1.0,17.46111041594315,0.0572701263653274
1.0,18.543,19.886778138899164,0.0502846661744553,5.7183157855173626e-05,1.0,17.61803052485418,0.0567600333413701
2.0,18.543,18.781780540442025,0.053243088313525,3.839094848440931e-05,1.0,17.938555621195825,0.0557458482788001
3.0,18.543,17.435734184572606,0.0573534781738537,2.370436377266764e-05,1.0,18.31243043477986,0.0546077159753055
4.0,18.543,16.17619195275177,0.0618192466385692,1.3916718869655989e-05,1.0,18.484238304043085,0.0541001464897403
5.0,18.543,15.352084073021471,0.0651377360391948,8.874495151860432e-06,1.0,18.72823402785106,0.0533953173861926
6.0,18.543,15.319634030270702,0.0652757107659398,6.033469310250115e-06,1.5,18.987198577042257,0.0526670638610751
7.5,18.543,17.307402838655268,0.0577787441202065,3.760765439148548e-06,1.5,19.31125649586248,0.0517832695254322
9.0,18.543,22.830373184026445,0.0438012989073548,2.2167251688941844e-06,nan,19.52486002004672,0.0512167564311996
nan,nan,nan,nan,1.417594273925595e-06,nan,19.76525822404165,0.0505938242073478
nan,nan,nan,nan,9.72312829055026e-07,nan,19.96360920430281,0.0500911428272432
nan,nan,nan,nan,6.115412751338262e-07,nan,20.230400247452582,0.0494305593447623
Name:	12.742749857031335_10_80_1
Lambda:	12.742749857031336	Maximal Depth:	10	Filter time:	10 to 80 [us]
Chi2:	0.99467273329625	RelRMS:	12.403679514855211	AbsRMS:	4.3738858947494497e-07	Phi model:	0.0776320399276111
depth_vector,start_model,resistivity_model,conductivity_model,E/I[V/A],modelled_thickness,rhoa,sigma
0.0,18.543,19.588244039861795,0.051051028257817,8.997400074485721e-05,1.0,17.44818876635041,0.0573125390486686
1.0,18.543,19.121018955271737,0.052298468106706,5.719480611718745e-05,1.0,17.615638391534198,0.0567677411271444
2.0,18.543,18.28970303657612,0.054675573354044,3.8371958215002295e-05,1.0,17.94447365661291,0.0557274634595637
3.0,18.543,17.285951484584544,0.0578504458312168,2.368180754255506e-05,1.0,18.32405662647825,0.0545730686378146
4.0,18.543,16.373933950858152,0.0610726782580914,1.3906608541035302e-05,1.0,18.49319611169171,0.0540739412463042
5.0,18.543,15.843712274999117,0.0631165210932269,8.870809425013177e-06,1.0,18.73342125654881,0.0533805323814207
6.0,18.543,16.000148164262477,0.0624994212387091,6.03260118176926e-06,1.5,18.989020116600727,0.0526620117235945
7.5,18.543,17.87569743213228,0.0559418732497933,3.7621433779684e-06,1.5,19.30654085871233,0.0517959176280269
9.0,18.543,22.62352432977725,0.0442017779998933,2.219371406509215e-06,nan,19.509336798231622,0.0512575086658323
nan,nan,nan,nan,1.420306245010931e-06,nan,19.740089998564287,0.0506583303355116
nan,nan,nan,nan,9.747183775596976e-07,nan,19.930749658238216,0.0501737273884556
nan,nan,nan,nan,6.135021289335609e-07,nan,20.18727079251573,0.0495361661453881
Name:	16.237767391887218_10_80_1
Lambda:	16.237767391887218	Maximal Depth:	10	Filter time:	10 to 80 [us]
Chi2:	1.0230873990204348	RelRMS:	12.543749700668528	AbsRMS:	4.516929962141947e-07	Phi model:	0.0548488904861686
depth_vector,start_model,resistivity_model,conductivity_model,E/I[V/A],modelled_thickness,rhoa,sigma
0.0,18.543,18.81217947129699,0.0531570518730042,9.007862306274344e-05,1.0,17.434675952476308,0.0573569593565039
1.0,18.543,18.480563801103056,0.0541109032582822,5.721572490802706e-05,1.0,17.61134446343619,0.0567815820124438
2.0,18.543,17.892254012680016,0.0558901074896048,3.836244171118482e-05,1.0,17.94744117005986,0.0557182492214105
3.0,18.543,17.192747662233092,0.0581640596166415,2.366645171067051e-05,1.0,18.33198207066041,0.0545494751274309
4.0,18.543,16.587005088770983,0.0602881589924257,1.3900391396348909e-05,1.0,18.498709927990262,0.0540578237019062
5.0,18.543,16.311043753029917,0.0613081550844495,8.869278998495254e-06,1.0,18.73557620813004,0.0533743925935976
6.0,18.543,16.623682503259676,0.0601551431100728,6.032991314330098e-06,1.5,18.98820147186256,0.0526642821586782
7.5,18.543,18.38013024779476,0.0544065785453277,3.764063324625091e-06,1.5,19.299975138411043,0.0518135382469891
9.0,18.543,22.44271830483843,0.0445578822679608,2.22210762635679e-06,nan,19.493318133391533,0.0512996296042091
nan,nan,nan,nan,1.422947292223984e-06,nan,19.71565683763181,0.0507211100413998
nan,nan,nan,nan,9.770060196622657e-07,nan,19.8996258420317,0.0502522011186669
nan,nan,nan,nan,6.153322946703899e-07,nan,20.14722263154745,0.0496346329361623
Name:	20.6913808111479_10_80_1
Lambda:	20.6913808111479	Maximal Depth:	10	Filter time:	10 to 80 [us]
Chi2:	1.0465456260238206	RelRMS:	12.653508001955826	AbsRMS:	4.5926462582652733e-07	Phi model:	0.0402678275384768
depth_vector,start_model,resistivity_model,conductivity_model,E/I[V/A],modelled_thickness,rhoa,sigma
0.0,18.543,18.23951358811264,0.0548260234665324,9.01410512086775e-05,1.0,17.426625309245942,0.0573834567654034
1.0,18.543,18.00848168729109,0.0555293898377739,5.722021667618777e-05,1.0,17.610422794884688,0.0567845537638352
2.0,18.543,17.60279012659764,0.0568091758640586,3.83474393115902e-05,1.0,17.952121832542726,0.0557037217844215
3.0,18.543,17.13661475875359,0.0583545825168992,2.365020226624029e-05,1.0,18.34037806433378,0.05452450306598
4.0,18.543,16.772819407447003,0.0596202687042589,1.389339286219712e-05,1.0,18.50492165696341,0.0540396775807856
5.0,18.543,16.7035864081096,0.0598673827025853,8.866918928621201e-06,1.0,18.738900572774966,0.0533649237379946
6.0,18.543,17.14303831178311,0.058332716862253,6.032619110540329e-06,1.5,18.98898249336645,0.0526621160638458
7.5,18.543,18.792226389513864,0.0532134926044741,3.765232810811693e-06,1.5,19.295978533321843,0.0518242699261465
9.0,18.543,22.29916356592697,0.0448447313749469,2.2241100304552224e-06,nan,19.48161626642151,0.0513304433433276
nan,nan,nan,nan,1.4249562521994706e-06,nan,19.697121869480306,0.0507688385453638
nan,nan,nan,nan,9.787738155657052e-07,nan,19.87565770659802,0.05031280044977
nan,nan,nan,nan,6.167637640056638e-07,nan,20.11603694845721,0.0497115809919356
Name:	26.366508987303583_10_80_1
Lambda:	26.366508987303583	Maximal Depth:	10	Filter time:	10 to 80 [us]
Chi2:	1.0664630656927017	RelRMS:	12.74886379428454	AbsRMS:	4.6474303595984483e-07	Phi model:	0.0305662061775174
depth_vector,start_model,resistivity_model,conductivity_model,E/I[V/A],modelled_thickness,rhoa,sigma
0.0,18.543,17.786541802742704,0.0562222837407212,9.018695553568334e-05,1.0,17.420711479991752,0.0574029367944318
1.0,18.543,17.637177985987385,0.0566984129090545,5.722126380479271e-05,1.0,17.610207951282035,0.0567852465323783
2.0,18.543,17.380525104122853,0.0575356609773998,3.833388198718844e-05,1.0,17.956354265802965,0.0556905920431996
3.0,18.543,17.10590520563929,0.0584593441842721,2.3636531770490152e-05,1.0,18.34744898040466,0.0545034898894126
4.0,18.543,16.94238427995039,0.059023569733535,1.3887728881703563e-05,1.0,18.50995268798291,0.0540249895208658
5.0,18.543,17.044051768765186,0.0586714951096659,8.865182674558178e-06,1.0,18.74134718002682,0.0533579571625314
6.0,18.543,17.585191860304867,0.0568660272770355,6.032535567900584e-06,1.5,18.98915780782521,0.0526616298690146
7.5,18.543,19.13546911462192,0.0522589748915992,3.766394758816011e-06,1.5,19.29200973766687,0.051834931331573
9.0,18.543,22.17878801519365,0.0450881265159731,2.225909719323836e-06,nan,19.471114021313088,0.0513581297354326
nan,nan,nan,nan,1.4267247922003203e-06,nan,19.680841061430307,0.0508108366344037
nan,nan,nan,nan,9.80317938656632e-07,nan,19.8547811294988,0.0503657025216093
nan,nan,nan,nan,6.180056585976174e-07,nan,20.08907886525165,0.0497782903192098
Name:	33.59818286283781_10_80_1
Lambda:	33.59818286283781	Maximal Depth:	10	Filter time:	10 to 80 [us]
Chi2:	1.0831708864581258	RelRMS:	12.832833309816657	AbsRMS:	4.676740572211881e-07	Phi model:	0.0241870386497305
depth_vector,start_model,resistivity_model,conductivity_model,E/I[V/A],modelled_thickness,rhoa,sigma
0.0,18.543,17.43132562111823,0.0573679834646935,9.021652999352166e-05,1.0,17.416904075367487,0.057415485305123
1.0,18.543,17.347294751137703,0.0576458758755117,5.721834097882986e-05,1.0,17.610807655665035,0.0567833128129317
2.0,18.543,17.211282808210434,0.0581014216745635,3.832109913203539e-05,1.0,17.96034720479736,0.0556782109275087
3.0,18.543,17.09233082808325,0.0585057713929201,2.362492646215901e-05,1.0,18.35345705197392,0.0544856479718326
4.0,18.543,17.09221229673885,0.0585061771196697,1.3883181979401243e-05,1.0,18.513993949476145,0.054013196867675
5.0,18.543,17.333367747087877,0.057692193149713,8.863997741464809e-06,1.0,18.743017363044327,0.0533532024556357
6.0,18.543,17.954932191735026,0.0556950028728216,6.032733320772989e-06,1.5,18.98874282942682,0.0526627807318714
7.5,18.543,19.4164739196592,0.0515026571836763,3.7675873592067134e-06,1.5,19.28793836605361,0.0518458728466273
9.0,18.543,22.077141411881083,0.045295719284646,2.227565478163443e-06,nan,19.46146418467918,0.0513835953199882
nan,nan,nan,nan,1.428310751612672e-06,nan,19.6662696318372,0.0508484841670799
nan,nan,nan,nan,9.816891164732773e-07,nan,19.83628866478824,0.0504126561625975
nan,nan,nan,nan,6.190987414362486e-07,nan,20.06542567093388,0.0498369691428259
Name:	42.81332398719393_10_80_1
Lambda:	42.81332398719393	Maximal Depth:	10	Filter time:	10 to 80 [us]
Chi2:	1.097125561324648	RelRMS:	12.908888944712269	AbsRMS:	4.679477755190499e-07	Phi model:	0.0200096158966155
depth_vector,start_model,resistivity_model,conductivity_model,E/I[V/A],modelled_thickness,rhoa,sigma
0.0,18.543,17.154789738005373,0.0582927576071983,9.023078413341034e-05,1.0,17.415069745569088,0.0574215328798456
1.0,18.543,17.122676656154475,0.0584020839779489,5.7211402397277085e-05,1.0,17.612231515830427,0.0567787221682368
2.0,18.543,17.083379025468215,0.058536428800718,3.830872319757879e-05,1.0,17.96421515087655,0.0556662226321201
3.0,18.543,17.090147898356552,0.0585132443526813,2.361505410729632e-05,1.0,18.358571846343377,0.0544704679846421
4.0,18.543,17.222006385022727,0.0580652438306874,1.3879645548771698e-05,1.0,18.51713863473988,0.0540040240409447
5.0,18.543,17.575368308875284,0.0568978118936498,8.86336391633601e-06,1.0,18.74391090293296,0.0533506590582184
6.0,18.543,18.25971963446137,0.0547653534675697,6.033254057222608e-06,1.5,18.987650188244263,0.0526658112028588
7.5,18.543,19.64297844682579,0.050908776523226,3.7688794792837055e-06,1.5,19.28352967167113,0.0518577261023468
9.0,18.543,21.989852214852288,0.0454755216283165,2.2291545562097987e-06,nan,19.45221420217988,0.051408029420524
nan,nan,nan,nan,1.429783931887123e-06,nan,19.652758528355,0.0508834420652551
nan,nan,nan,nan,9.829463232412923e-07,nan,19.819371067226864,0.0504556878524561
nan,nan,nan,nan,6.200890307198339e-07,nan,20.044056837633896,0.0498900999982419
Name:	54.5559478116852_10_80_1
Lambda:	54.5559478116852	Maximal Depth:	10	Filter time:	10 to 80 [us]
Chi2:	1.1088222958816114	RelRMS:	12.980330932106362	AbsRMS:	4.653422865648931e-07	Phi model:	0.0172642344479329
depth_vector,start_model,resistivity_model,conductivity_model,E/I[V/A],modelled_thickness,rhoa,sigma
0.0,18.543,16.941830789918036,0.059025498035023,9.022972417045648e-05,1.0,17.41520613294252,0.0574210831824956
1.0,18.543,16.95099113944037,0.0589936005378039,5.719991572883435e-05,1.0,17.614589317596828,0.056771122049437
2.0,18.543,16.988560646045375,0.0588631386045516,3.8296148249607415e-05,1.0,17.968147429887534,0.055654040234367
3.0,18.543,17.095597493231605,0.0584945919787778,2.360648648459248e-05,1.0,18.363013557856164,0.0544572924726821
4.0,18.543,17.332890551645246,0.0576937814855745,1.3876969788313768e-05,1.0,18.5195188774948,0.0539970831107937
5.0,18.543,17.77516314082978,0.0562582740916164,8.86325808656539e-06,1.0,18.74406010764785,0.0533502343812899
6.0,18.543,18.50729235883048,0.0540327553383499,6.034126141576276e-06,1.5,18.98582067931001,0.0526708861782182
7.5,18.543,19.822412276871137,0.0504479468004408,3.770331903600102e-06,1.5,19.27857702795261,0.0518710482910677
9.0,18.543,21.912948674096864,0.0456351180698055,2.230748115679446e-06,nan,19.442949163316943,0.0514325265987272
nan,nan,nan,nan,1.4312094350454871e-06,nan,19.63970675955556,0.0509172571791815
nan,nan,nan,nan,9.841449042335165e-07,nan,19.80327591307776,0.0504966958188779
nan,nan,nan,nan,6.210198896261321e-07,nan,20.024022210259425,0.0499400165211385
Name:	69.51927961775606_10_80_1
Lambda:	69.51927961775606	Maximal Depth:	10	Filter time:	10 to 80 [us]
Chi2:	1.1187968021825976	RelRMS:	13.050482413466638	AbsRMS:	4.596223673292609e-07	Phi model:	0.0154287038399056
depth_vector,start_model,resistivity_model,conductivity_model,E/I[V/A],modelled_thickness,rhoa,sigma
0.0,18.543,16.7808149747264,0.059591861390886,9.021282791924916e-05,1.0,17.41738056511568,0.0574139145815557
1.0,18.543,16.822364227609413,0.0594446765311838,5.718314881791557e-05,1.0,17.61803238109665,0.0567600273611118
2.0,18.543,16.920506380472382,0.0590998861094417,3.828271280038294e-05,1.0,17.972351172628095,0.0556410227240051
3.0,18.543,17.106579513028038,0.0584570398330314,2.3598805782943784e-05,1.0,18.36699774756911,0.0544454795358349
4.0,18.543,17.426881534308965,0.0573826130642629,1.3875021492812648e-05,1.0,18.52125247965996,0.0539920289461093
5.0,18.543,17.938378335232127,0.0557463992180349,8.863671315683603e-06,1.0,18.743477531020226,0.053351892590103
6.0,18.543,18.70564818308628,0.0534597887339827,6.0353893886580335e-06,1.5,18.98317134797864,0.0526782370379057
7.5,18.543,19.961433417403963,0.0500966027383645,3.772012609396956e-06,1.5,19.27284993100453,0.0518864622295058
9.0,18.543,21.842742622402547,0.0457817966034343,2.232420274205061e-06,nan,19.433238998476007,0.0514582257789564
nan,nan,nan,nan,1.4326534830229107e-06,nan,19.62650726846256,0.0509515007597342
nan,nan,nan,nan,9.853405865416225e-07,nan,19.78725220282805,0.0505375880263494
nan,nan,nan,nan,6.219345676825079e-07,nan,20.004384532340453,0.0499890410716376
Name:	88.58667904100822_10_80_1
Lambda:	88.58667904100822	Maximal Depth:	10	Filter time:	10 to 80 [us]
Chi2:	1.1276281420082073	RelRMS:	13.1234149799307	AbsRMS:	4.5131565850238834e-07	Phi model:	0.01415466741951
depth_vector,start_model,resistivity_model,conductivity_model,E/I[V/A],modelled_thickness,rhoa,sigma
0.0,18.543,16.661470437833433,0.06001871225779,9.018229119588111e-05,1.0,17.421312155330806,0.0574009575790768
1.0,18.543,16.728305364691106,0.0597789183183329,5.716207894480064e-05,1.0,17.622361438784505,0.0567460838590639
2.0,18.543,16.873810836823424,0.059263435490086,3.826888333485244e-05,1.0,17.976680765792718,0.0556276218634793
3.0,18.543,17.121630041879225,0.0584056539917061,2.3592267433297665e-05,1.0,18.37039107145669,0.0544354225291244
4.0,18.543,17.506425966127914,0.0571218820983127,1.3874041009358232e-05,1.0,18.52212507175301,0.0539894853385392
5.0,18.543,18.07074025310144,0.0553380761382131,8.864819287122813e-06,1.0,18.741859341139097,0.0533564990430251
6.0,18.543,18.86260341783172,0.0530149512158354,6.0372278121899735e-06,1.5,18.97931738481799,0.0526889339444802
7.5,18.543,20.0660992137454,0.0498352963048739,3.77407234816748e-06,1.5,19.26583705573713,0.0519053491995673
9.0,18.543,21.775778051862773,0.0459225841491554,2.234289127184588e-06,nan,19.422400970693666,0.0514869403380608
nan,nan,nan,nan,1.4342077640080408e-06,nan,19.61232493481453,0.050988345508434
nan,nan,nan,nan,9.866050727261327e-07,nan,19.77034165072299,0.0505808153276618
nan,nan,nan,nan,6.228852167665695e-07,nan,19.98402552135684,0.0500399681201019
Name:	112.88378916846884_10_80_1
Lambda:	112.88378916846884	Maximal Depth:	10	Filter time:	10 to 80 [us]
Chi2:	1.135975555688046	RelRMS:	13.201133900938498	AbsRMS:	4.385280081373965e-07	Phi model:	0.0132104206543934
depth_vector,start_model,resistivity_model,conductivity_model,E/I[V/A],modelled_thickness,rhoa,sigma
0.0,18.543,16.579498003561593,0.0603154570654178,9.012943306279738e-05,1.0,17.428122864621677,0.0573785259472754
1.0,18.543,16.66549855235705,0.0600042055062653,5.713146618449473e-05,1.0,17.628655938085192,0.0567258220656281
2.0,18.543,16.846906175291547,0.0593580797325651,3.825138154782013e-05,1.0,17.982163793035745,0.055610660180244
3.0,18.543,17.14137929477128,0.058338362555517,2.358509432075884e-05,1.0,18.37411563302752,0.0544243880887794
4.0,18.543,17.574403056814475,0.0569009369346545,1.3873190210953803e-05,1.0,18.52288233249125,0.0539872781163159
5.0,18.543,18.17700598909712,0.0550145607367801,8.866289787474112e-06,1.0,18.739787022031,0.0533623994138446
6.0,18.543,18.983942276270977,0.0526760978013482,6.039435097189629e-06,1.5,18.974692745357896,0.0527017756450705
7.5,18.543,20.140536500744343,0.0496511103347739,3.776442547612912e-06,1.5,19.25777503198264,0.0519270787169979
9.0,18.543,21.70884338448572,0.0460641768098365,2.2363536561099228e-06,nan,19.41044571171769,0.0515186521140171
nan,nan,nan,nan,1.4358932081267627e-06,nan,19.59697469956036,0.0510282844842594
nan,nan,nan,nan,9.87964824168236e-07,nan,19.752197333426963,0.0506272787335758
nan,nan,nan,nan,6.238977782743545e-07,nan,19.962397477875307,0.0500941833819469
Name:	143.8449888287663_10_80_1
Lambda:	143.8449888287663	Maximal Depth:	10	Filter time:	10 to 80 [us]
Chi2:	1.1446317627518008	RelRMS:	13.28819080388222	AbsRMS:	4.222116066114958e-07	Phi model:	0.0124427102741173
depth_vector,start_model,resistivity_model,conductivity_model,E/I[V/A],modelled_thickness,rhoa,sigma
0.0,18.543,16.528080259361637,0.0605030943889319,9.005648367579875e-05,1.0,17.43753324979158,0.0573475609006768
1.0,18.543,16.628395613795128,0.0601380928879504,5.709253905064196e-05,1.0,17.636668136089146,0.056700051976016
2.0,18.543,16.836552067287222,0.0593945836417993,3.82309719302928e-05,1.0,17.9885630799645,0.0555908771342493
3.0,18.543,17.16549445423159,0.0582564051776255,2.3577795491399845e-05,1.0,18.37790741009416,0.0544131591092218
4.0,18.543,17.633426166596855,0.0567104764866573,1.3872869994575349e-05,1.0,18.5231673639944,0.0539864473688131
5.0,18.543,18.26218465789817,0.0547579612588963,8.86840413175184e-06,1.0,18.736808362402247,0.0533708826315705
6.0,18.543,19.075910997334603,0.0524221359671748,6.042268988174196e-06,1.5,18.96875938765389,0.0527182605653623
7.5,18.543,20.189062093853085,0.0495317709832824,3.7793191885842233e-06,1.5,19.248001713566047,0.0519534450838705
9.0,18.543,21.638813300498807,0.0462132551407959,2.2387559408421904e-06,nan,19.396557712658808,0.0515555396382198
nan,nan,nan,nan,1.4378153128630866e-06,nan,19.57950568018954,0.0510738124002689
nan,nan,nan,nan,9.895002586015589e-07,nan,19.731758697805,0.0506797197003651
nan,nan,nan,nan,6.250292015442146e-07,nan,19.938299680411813,0.0501547281377478
Name:	183.29807108324357_10_80_1
Lambda:	183.2980710832436	Maximal Depth:	10	Filter time:	10 to 80 [us]
Chi2:	1.1545799257882596	RelRMS:	13.388410107831191	AbsRMS:	4.0253842527780257e-07	Phi model:	0.0117508659398984
depth_vector,start_model,resistivity_model,conductivity_model,E/I[V/A],modelled_thickness,rhoa,sigma
0.0,18.543,16.503696363986858,0.0605924865524141,8.996078729469644e-05,1.0,17.449897252429544,0.0573069276875409
1.0,18.543,16.614276552728764,0.0601891991400466,5.704379728650636e-05,1.0,17.64671328249494,0.0566677762590483
2.0,18.543,16.841490599298602,0.0593771670092935,3.820681599917264e-05,1.0,17.99614435753119,0.0555674582362144
3.0,18.543,17.194574547450674,0.0581578798149596,2.3570035578272177e-05,1.0,18.38194086860382,0.0544012194984257
4.0,18.543,17.68597978578455,0.0565419621707229,1.3873040832071085e-05,1.0,18.523015296491263,0.0539868905787399
5.0,18.543,18.33025570769204,0.0545546126549867,8.871231100259111e-06,1.0,18.73282761608652,0.0533822240023853
6.0,18.543,19.143125733563554,0.052238073025175,6.0458329597370775e-06,1.5,18.96130403085425,0.0527389887516585
7.5,18.543,20.21455003888317,0.0494693177971548,3.782813091896705e-06,1.5,19.23614792257871,0.0519854600840449
9.0,18.543,21.56272797061856,0.0463763212782076,2.2415920051907395e-06,nan,19.380193898615463,0.0515990709500301
nan,nan,nan,nan,1.440052320286122e-06,nan,19.559223617467104,0.0511267737185111
nan,nan,nan,nan,9.912744806603576e-07,nan,19.708207216816707,0.0507402824112137
nan,nan,nan,nan,6.263264524366575e-07,nan,19.910759288552715,0.0502241017285026
Name:	233.57214690901213_10_80_1
Lambda:	233.57214690901213	Maximal Depth:	10	Filter time:	10 to 80 [us]
Chi2:	1.167096901934532	RelRMS:	13.505760000014169	AbsRMS:	3.802509519705064e-07	Phi model:	0.0110679926000559
depth_vector,start_model,resistivity_model,conductivity_model,E/I[V/A],modelled_thickness,rhoa,sigma
0.0,18.543,16.504020194393426,0.0605912976487819,8.983926777121085e-05,1.0,17.46562924056874,0.0572553090544956
1.0,18.543,16.621433456168937,0.060163282705852,5.698357620864497e-05,1.0,17.65914396367165,0.0566278864964914
2.0,18.543,16.861146880157065,0.0593079466721711,3.817802384426726e-05,1.0,18.005191144458816,0.0555395381241345
3.0,18.543,17.229482288404032,0.0580400492168607,2.3561480513419422e-05,1.0,18.386390197981207,0.0543880549271601
4.0,18.543,17.734370529366682,0.0563876794129276,1.3873671466036914e-05,1.0,18.52245397758723,0.0539885266396144
5.0,18.543,18.384624709366857,0.0543932778508394,8.87484785544987e-06,1.0,18.72773782711038,0.0533967321217191
6.0,18.543,19.189349239713845,0.052112241405791,6.0502381918968e-06,1.5,18.95209898434202,0.0527646041119871
7.5,18.543,20.219120743772383,0.0494581348354629,3.787040575650738e-06,1.5,19.22182968147267,0.0520241837832882
9.0,18.543,21.47777648546482,0.0465597544828141,2.2449606534174983e-06,nan,19.36080190504836,0.0516507531508417
nan,nan,nan,nan,1.442683990488534e-06,nan,19.535430424495143,0.0511890436130916
nan,nan,nan,nan,9.933515434819903e-07,nan,19.68072485926802,0.0508111366400755
nan,nan,nan,nan,6.278369802507738e-07,nan,19.878810625061003,0.0503048204875653
Name:	297.63514416313194_10_80_1
Lambda:	297.63514416313194	Maximal Depth:	10	Filter time:	10 to 80 [us]
Chi2:	1.183854206405447	RelRMS:	13.64426803847426	AbsRMS:	3.5719087790121626e-07	Phi model:	0.0103504827944497
depth_vector,start_model,resistivity_model,conductivity_model,E/I[V/A],modelled_thickness,rhoa,sigma
0.0,18.543,16.527644255119622,0.0605046904788163,8.968866097841995e-05,1.0,17.48517616911959,0.0571913025255124
1.0,18.543,16.64892984304529,0.0600639205899307,5.691015110778984e-05,1.0,17.674329839946537,0.0565792315214043
2.0,18.543,16.895449494370993,0.0591875345094054,3.814369747590213e-05,1.0,18.015991708321742,0.0555062422424457
3.0,18.543,17.271240487019412,0.0578997206802587,2.355180660566629e-05,1.0,18.391424661545468,0.0543731667558574
4.0,18.543,17.780704572420177,0.0562407409631623,1.38747367099178e-05,1.0,18.5215059147564,0.0539912901576368
5.0,18.543,18.42818142134005,0.0542647143055574,8.879334626972345e-06,1.0,18.72142848356662,0.0534147274540393
6.0,18.543,19.217626326425325,0.0520355627180107,6.055597601629547e-06,1.5,18.940915166351143,0.0527957594032476
7.5,18.543,20.20431648478013,0.0494943741726327,3.7921181846729134e-06,1.5,19.20466728917242,0.052070675578108
9.0,18.543,21.38137089604329,0.0467696858570024,2.2489596975582267e-06,nan,19.33784383383153,0.0517120734138157
nan,nan,nan,nan,1.4457888414512742e-06,nan,19.507452004965703,0.051262461122316
nan,nan,nan,nan,9.95794349550902e-07,nan,19.64852552564292,0.0508944041981633
nan,nan,nan,nan,6.296072580663651e-07,nan,19.841530740030525,0.0503993372841183
Name:	379.26901907322497_10_80_1
Lambda:	379.26901907322497	Maximal Depth:	10	Filter time:	10 to 80 [us]
Chi2:	1.2070031802398693	RelRMS:	13.807793048192815	AbsRMS:	3.370739726613187e-07	Phi model:	0.0095722592231383
depth_vector,start_model,resistivity_model,conductivity_model,E/I[V/A],modelled_thickness,rhoa,sigma
0.0,18.543,16.57379130305777,0.0603362249297483,8.950585360161323e-05,1.0,17.50897596903296,0.0571135628816121
1.0,18.543,16.69634661077458,0.0598933421371759,5.682188746747542e-05,1.0,17.692627919220936,0.0565207161177915
2.0,18.543,16.944638905658387,0.0590157161546869,3.810299061630897e-05,1.0,18.02882086622744,0.0554667444654272
3.0,18.543,17.320922161475096,0.0577336466660062,2.354070910825255e-05,1.0,18.39720423128534,0.0543560851653454
4.0,18.543,17.826869710165333,0.0560950978078767,1.3876209038073835e-05,1.0,18.520195748228986,0.053995109641086
5.0,18.543,18.463377130432367,0.0541612724982876,8.884762117604742e-06,1.0,18.71380338909492,0.0534364917279578
6.0,18.543,19.23045287587761,0.0520008554376992,6.062012901387426e-06,1.5,18.927549628891907,0.052833040705573
7.5,18.543,20.17132637617727,0.0495753219868089,3.798151572481952e-06,1.5,19.18432407722497,0.0521258917423715
9.0,18.543,21.27130638661019,0.0470116870973885,2.2536778911802525e-06,nan,19.310844543084663,0.0517843742032559
nan,nan,nan,nan,1.4494381797882285e-06,nan,19.47469485355773,0.0513486864631059
nan,nan,nan,nan,9.986600827313315e-07,nan,19.610918872030908,0.0509920012685484
nan,nan,nan,nan,6.316795729440892e-07,nan,19.798111664766097,0.0505098676546844
Name:	483.2930238571752_10_80_1
Lambda:	483.2930238571752	Maximal Depth:	10	Filter time:	10 to 80 [us]
Chi2:	1.2373307729970155	RelRMS:	13.994540142053836	AbsRMS:	3.265471679493102e-07	Phi model:	0.0087667747973147
depth_vector,start_model,resistivity_model,conductivity_model,E/I[V/A],modelled_thickness,rhoa,sigma
0.0,18.543,16.63737521323394,0.0601056348843155,8.93094163764487e-05,1.0,17.53464071366076,0.0570299680689167
1.0,18.543,16.75885688132895,0.0596699409202605,5.672903027779902e-05,1.0,17.711929498788244,0.056459122653374
2.0,18.543,17.004421276506736,0.0588082348548725,3.80617707461435e-05,1.0,18.041835002123744,0.0554267345800628
3.0,18.543,17.375063288546635,0.0575537471946467,2.3531081671522107e-05,1.0,18.402221874101727,0.0543412641604623
4.0,18.543,17.870544016333863,0.0559580054801907,1.387940742214592e-05,1.0,18.51735043106036,0.0540034063578899
5.0,18.543,18.48933961110096,0.0540852199718156,8.891761931491953e-06,1.0,18.703980788901724,0.0534645544863564
6.0,18.543,19.228666402489548,0.0520056866694889,6.069786321116934e-06,1.5,18.91138615926592,0.0528781968480948
7.5,18.543,20.122711016455472,0.0496950932298458,3.8052369559365096e-06,1.5,19.16050243139016,0.0521906982126797
9.0,18.543,21.151300921979026,0.0472784158141718,2.2591222715788667e-06,nan,19.27980657204632,0.0518677402837585
nan,nan,nan,nan,1.453609653846309e-06,nan,19.43741887228557,0.0514471600663928
nan,nan,nan,nan,1.0019179034770453e-06,nan,19.56838476047673,0.0511028381872248
nan,nan,nan,nan,6.340231883003264e-07,nan,19.749293481074755,0.050634722753919
Name:	615.8482110660261_10_80_1
Lambda:	615.8482110660261	Maximal Depth:	10	Filter time:	10 to 80 [us]
Chi2:	1.281343188632638	RelRMS:	14.216322749216111	AbsRMS:	3.31580887368722e-07	Phi model:	0.0078436127901287
depth_vector,start_model,resistivity_model,conductivity_model,E/I[V/A],modelled_thickness,rhoa,sigma
0.0,18.543,16.727206274738023,0.0597828461953167,8.90541330564576e-05,1.0,17.56813468883506,0.0569212393752606
1.0,18.543,16.84557624011835,0.0593627659716658,5.6606559787510426e-05,1.0,17.737467260509003,0.0563778348573145
2.0,18.543,17.08437876333046,0.0585330033858988,3.8005721360590937e-05,1.0,18.059568917577742,0.0553723073105405
3.0,18.543,17.443547429787206,0.0573277886292994,2.3515963644826534e-05,1.0,18.41010802002177,0.0543179865600168
4.0,18.543,17.921286739000664,0.0557995647613728,1.3881316823457107e-05,1.0,18.515652327810564,0.0540083591058791
5.0,18.543,18.514147254503136,0.0540127496153933,8.899014700335027e-06,1.0,18.69381681104609,0.0534936235926471
6.0,18.543,19.21717575544909,0.052036782757552,6.078387780190444e-06,1.5,18.89354108713331,0.0529281406480762
7.5,18.543,20.057063121782715,0.0498577480625248,3.813318444864565e-06,1.5,19.133421882776783,0.0522645664809264
9.0,18.543,21.010040482876327,0.047596290964552,2.265417276653113e-06,nan,19.24407430066717,0.0519640479649016
nan,nan,nan,nan,1.458468647799508e-06,nan,19.394223419228084,0.0515617448754646
nan,nan,nan,nan,1.0057305711694648e-06,nan,19.518898367820626,0.0512323995522527
nan,nan,nan,nan,6.367772676704169e-07,nan,19.69230819254448,0.0507812487100217
Name:	784.7599703514607_10_80_1
Lambda:	784.7599703514607	Maximal Depth:	10	Filter time:	10 to 80 [us]
Chi2:	1.34046480122457	RelRMS:	14.470860668276131	AbsRMS:	3.607148512404309e-07	Phi model:	0.0068707481372255
depth_vector,start_model,resistivity_model,conductivity_model,E/I[V/A],modelled_thickness,rhoa,sigma
0.0,18.543,16.83697738481673,0.0593930832800061,8.876893514243201e-05,1.0,17.605743313011903,0.056799646696026
1.0,18.543,16.950341153208306,0.0589958627358201,5.6470631537704375e-05,1.0,17.765919296572264,0.0562875460203705
2.0,18.543,17.178678471753663,0.058211695483111,3.794422650328235e-05,1.0,18.079075984568448,0.0553125613750148
3.0,18.543,17.52114802392735,0.0570738857199524,2.3500077294299466e-05,1.0,18.418404063287426,0.0542935205766961
4.0,18.543,17.974868309093292,0.0556332309535815,1.3884134064335408e-05,1.0,18.513147559100315,0.0540156662613776
5.0,18.543,18.535081074622752,0.0539517467430529,8.907602113735391e-06,1.0,18.681800308324195,0.0535280317472627
6.0,18.543,19.19538854898236,0.0520958457000348,6.088359146102158e-06,1.5,18.87290653200703,0.0529860092457976
7.5,18.543,19.976715028752267,0.0500582802808525,3.822592190653629e-06,1.5,19.102463778155983,0.0523492682207578
9.0,18.543,20.853320789774635,0.0479539930393411,2.2726007224971926e-06,nan,19.20350061109265,0.0520738390490306
nan,nan,nan,nan,1.4639972640080245e-06,nan,19.345365942913094,0.0516919660734738
nan,nan,nan,nan,1.010061602844724e-06,nan,19.463061841636296,0.0513793774143363
nan,nan,nan,nan,6.399010790855625e-07,nan,19.628167845635403,0.0509471901740622
Name:	1000.0_10_80_1
Lambda:	1000.0	Maximal Depth:	10	Filter time:	10.0 to 80.0 [us]
Chi2:	1.4177152762004006	RelRMS:	14.755785758759757	AbsRMS:	4.155048379887124e-07	Phi model:	0.005872455783732138
depth_vector,start_model,resistivity_model,conductivity_model,E/I[V/A],modelled_thickness,rhoa,sigma
0.0,18.543,16.965489985434502,0.05894318412604274,8.845347154692294e-05,1.0,17.647578301877306,0.05666499861307443
1.0,18.543,17.072203986678378,0.05857474528656702,5.632051539990268e-05,1.0,17.797474024927695,0.05618774881195887
2.0,18.543,17.286860611284823,0.05784740344046057,3.787648193142082e-05,1.0,18.1006266389763,0.05524670609174866
3.0,18.543,17.608081144819185,0.05679210538476133,2.348271511874686e-05,1.0,18.427481496631337,0.05426677542358713
4.0,18.543,18.0322868755263,0.055456083130377413,1.3887350428398116e-05,1.0,18.510288971038868,0.054024008029512474
5.0,18.543,18.55391903628398,0.05389696904704626,8.91715085644304e-06,1.0,18.668461252713907,0.053566278787686696
6.0,18.543,19.165730358340138,0.05217646190899483,6.099417288788179e-06,1.5,18.850088788856812,0.05305014799671118
7.5,18.543,19.884213708815224,0.05029115129438949,3.832862176780203e-06,1.5,19.068325712201975,0.05244298923214281
9.0,18.543,20.682970534937944,0.04834895443624923,2.2805484138810237e-06,nan,19.158858634745865,0.05219517608352898
nan,nan,nan,nan,1.4701116112169503e-06,nan,19.291689098215418,0.05183579285924244
nan,nan,nan,nan,1.0148508746340644e-06,nan,19.40178035014797,0.05154166174200469
nan,nan,nan,nan,6.433550850261586e-07,nan,19.557852485702576,0.05113035803552728
