Name:	10.0_10_80_1
Lambda:	10	Maximal Depth:	10	Filter time:	10 to 80 [us]
Chi2:	0.1582816228517766	RelRMS:	1.5518244638663383	AbsRMS:	3.866841060802813e-07	Phi model:	0.0014198631346814
depth_vector,start_model,resistivity_model,conductivity_model,E/I[V/A],modelled_thickness,rhoa,sigma
0.0,17.2652,18.34766160331498,0.0545028582726489,9.242990405511958e-05,1.0,17.137732944277033,0.0583507750559235
1.0,17.2652,18.29653415358233,0.0546551599120321,5.985298805820475e-05,1.0,17.090137502423516,0.058513279946296
2.0,17.2652,18.19369342429429,0.0549641008386282,4.090870364313463e-05,1.0,17.194764070577182,0.0581572387905658
3.0,17.2652,18.03823902020232,0.0554377840808089,2.5852132692561e-05,1.0,17.283589352383963,0.057858352198241
4.0,17.2652,17.831637213657096,0.0560801001062375,1.5559357086867875e-05,1.0,17.159252425271376,0.0582775971362974
5.0,17.2652,17.578770663465512,0.0568867993754722,1.0142083059654077e-05,1.0,17.133305418956393,0.0583658538470687
6.0,17.2652,17.288736902039854,0.0578411254486736,7.029319531012323e-06,1.5,17.148656749162797,0.0583136052360964
7.5,17.2652,16.966934880610946,0.0589381645557416,4.485305514434736e-06,1.5,17.171174837248977,0.058237133421455
9.0,17.2652,16.656863860235813,0.0600353108718896,2.707016840232154e-06,nan,17.089729638151326,0.0585146764269217
nan,nan,nan,nan,1.765830620018022e-06,nan,17.072787331948884,0.0585727438968718
nan,nan,nan,nan,1.2309880509366493e-06,nan,17.058487134280032,0.0586218456612392
nan,nan,nan,nan,7.892717523420245e-07,nan,17.066217840516977,0.0585952909628222
Name:	12.742749857031335_10_80_1
Lambda:	12.742749857031336	Maximal Depth:	10	Filter time:	10 to 80 [us]
Chi2:	0.1582707117458084	RelRMS:	1.550251204171445	AbsRMS:	3.863462864630908e-07	Phi model:	0.0014127841917407
depth_vector,start_model,resistivity_model,conductivity_model,E/I[V/A],modelled_thickness,rhoa,sigma
0.0,17.2652,18.35269464329476,0.0544879114177031,9.24330935741392e-05,1.0,17.13733870279614,0.0583521174053028
1.0,17.2652,18.299806055840524,0.0546453878772579,5.985457858219228e-05,1.0,17.089834742025683,0.0585143165569001
2.0,17.2652,18.19385702923873,0.0549636065839658,4.090944820579685e-05,1.0,17.19455543714066,0.058157944452578
3.0,17.2652,18.03513839250346,0.0554473150267404,2.5852306030753e-05,1.0,17.283512095330657,0.0578586108242526
4.0,17.2652,17.82637987940511,0.0560966391810882,1.5559254385127063e-05,1.0,17.159327933737817,0.0582773406896577
5.0,17.2652,17.573403116570795,0.0569041746420221,1.0141897489859749e-05,1.0,17.133514414315833,0.0583651418978265
6.0,17.2652,17.285560032988986,0.0578517559217942,7.029120046653602e-06,1.5,17.148981196850073,0.0583125019802156
7.5,17.2652,16.96788895566539,0.0589348505646667,4.485122741799688e-06,1.5,17.171641327575234,0.0582355513327745
9.0,17.2652,16.659093515023905,0.0600272757397127,2.7068717763093703e-06,nan,17.090340202986084,0.0585125859475446
nan,nan,nan,nan,1.7657171371469728e-06,nan,17.07351883762799,0.058570234379343
nan,nan,nan,nan,1.2308983397598025e-06,nan,17.059315969783356,0.0586189974891882
nan,nan,nan,nan,7.892061620667057e-07,nan,17.067163400309493,0.0585920446500129
Name:	16.237767391887218_10_80_1
Lambda:	16.237767391887218	Maximal Depth:	10	Filter time:	10 to 80 [us]
Chi2:	0.1582572272796876	RelRMS:	1.5483334966235778	AbsRMS:	3.859120660646151e-07	Phi model:	0.0014047013417476
depth_vector,start_model,resistivity_model,conductivity_model,E/I[V/A],modelled_thickness,rhoa,sigma
0.0,17.2652,18.355943897878817,0.0544782663078175,9.24370795872326e-05,1.0,17.136846042291616,0.0583537949475722
1.0,17.2652,18.30170059564714,0.0546397311426807,5.985647535762704e-05,1.0,17.08947370339416,0.0585155527522997
2.0,17.2652,18.1933704337696,0.054965076627245,4.091027186942874e-05,1.0,17.19432464624379,0.0581587250778387
3.0,17.2652,18.032185280101903,0.0554563955763851,2.585244008854967e-05,1.0,17.2834523461917,0.0578588108422877
4.0,17.2652,17.821873041546237,0.0561108250333063,1.555908567995109e-05,1.0,17.159451971112368,0.0582769194309633
5.0,17.2652,17.568998242879346,0.0569184415739409,1.0141646050958512e-05,1.0,17.133797603995035,0.0583641772310204
6.0,17.2652,17.283117978249734,0.0578599302081064,7.028861033482138e-06,1.5,17.14940248698574,0.0583110694823843
7.5,17.2652,16.969026581609203,0.0589308994944816,4.484892251487874e-06,1.5,17.172229652829845,0.0582335561669598
9.0,17.2652,16.66166350818678,0.0600180167789756,2.70669296876389e-06,nan,17.09109286762727,0.0585100091459995
nan,nan,nan,nan,1.7655789824134064e-06,nan,17.07440948283409,0.0585671792049592
nan,nan,nan,nan,1.2307898748667434e-06,nan,17.0603182040634,0.0586155538272329
nan,nan,nan,nan,7.891274265677119e-07,nan,17.06829863672063,0.0585881476111864
Name:	20.6913808111479_10_80_1
Lambda:	20.6913808111479	Maximal Depth:	10	Filter time:	10 to 80 [us]
Chi2:	0.1582419172717486	RelRMS:	1.545978747252365	AbsRMS:	3.853591771379221e-07	Phi model:	0.0013950507546692
depth_vector,start_model,resistivity_model,conductivity_model,E/I[V/A],modelled_thickness,rhoa,sigma
0.0,17.2652,18.35749897888498,0.0544736514026345,9.244208090509596e-05,1.0,17.136227942927963,0.0583558997540468
1.0,17.2652,18.30224741910235,0.0546380986499113,5.9858776798246754e-05,1.0,17.08903566503023,0.0585170526647286
2.0,17.2652,18.19215944944801,0.0549687354477503,4.091121308969415e-05,1.0,17.194060925409655,0.0581596171107073
3.0,17.2652,18.029206040428026,0.0554655594793047,2.585253690936191e-05,1.0,17.28340919378092,0.0578589553014708
4.0,17.2652,17.817897494463548,0.0561233445366224,1.5558838997117887e-05,1.0,17.159633344158856,0.0582763034584535
5.0,17.2652,17.565378835287582,0.0569301698174065,1.0141313559776676e-05,1.0,17.13417209890652,0.0583629015879803
6.0,17.2652,17.28136468203138,0.0578658004387679,7.028527548413682e-06,1.5,17.14994494526481,0.0583092250844866
7.5,17.2652,16.97048094541195,0.0589258491386689,4.484601184959462e-06,1.5,17.172972670547303,0.0582310365936272
9.0,17.2652,16.66470094965401,0.0600070774159773,2.7064707130334567e-06,nan,17.092028536682086,0.0585068061321011
nan,nan,nan,nan,1.765408775291836e-06,nan,17.075506920600187,0.0585634151097196
nan,nan,nan,nan,1.2306569150263258e-06,nan,17.061546976715935,0.0586113323349113
nan,nan,nan,nan,7.890314187303378e-07,nan,17.069683167315606,0.058583395497039
Name:	26.366508987303583_10_80_1
Lambda:	26.366508987303583	Maximal Depth:	10	Filter time:	10 to 80 [us]
Chi2:	0.158226462484021	RelRMS:	1.5430791559083488	AbsRMS:	3.846612476514012e-07	Phi model:	0.0013832448813011
depth_vector,start_model,resistivity_model,conductivity_model,E/I[V/A],modelled_thickness,rhoa,sigma
0.0,17.2652,18.35739100310193,0.0544739718095575,9.244836758482072e-05,1.0,17.135451068220526,0.0583585454516924
1.0,17.2652,18.301431098463983,0.054640535738428,5.986160365543104e-05,1.0,17.08849766136275,0.0585188949793409
2.0,17.2652,18.190128656997075,0.0549748722978568,4.0912318545553945e-05,1.0,17.193751200259594,0.0581606647876178
3.0,17.2652,18.026030528340804,0.0554753304354935,2.5852598505056e-05,1.0,17.283381741118003,0.0578590472037628
4.0,17.2652,17.81425353261005,0.0561348247440983,1.5558499436736785e-05,1.0,17.15988301307101,0.0582754555633206
5.0,17.2652,17.562388243070114,0.0569398641095744,1.0140881308589235e-05,1.0,17.134658987136206,0.0583612431826479
6.0,17.2652,17.28026155776717,0.0578694944319588,7.02810122751138e-06,1.5,17.150638475978294,0.0583068671991792
7.5,17.2652,16.972378339550758,0.0589192616375807,4.484233775622708e-06,1.5,17.173910686517278,0.0582278560925014
9.0,17.2652,16.668360585627777,0.059993902511459,2.706193136891867e-06,nan,17.093197277662945,0.0585028057510797
nan,nan,nan,nan,1.7651974979529993e-06,nan,17.076869410520718,0.0585587425868537
nan,nan,nan,nan,1.2304924497525862e-06,nan,17.063067218735068,0.0586061103306215
nan,nan,nan,nan,7.889131024765208e-07,nan,17.071389794219158,0.0585775389147653
Name:	33.59818286283781_10_80_1
Lambda:	33.59818286283781	Maximal Depth:	10	Filter time:	10 to 80 [us]
Chi2:	0.1582141092357823	RelRMS:	1.5395118997644843	AbsRMS:	3.837876400181435e-07	Phi model:	0.0013686389398848
depth_vector,start_model,resistivity_model,conductivity_model,E/I[V/A],modelled_thickness,rhoa,sigma
0.0,17.2652,18.355587197510623,0.0544793249728136,9.245627146524866e-05,1.0,17.13447447331107,0.0583618716499076
1.0,17.2652,18.29918473581714,0.0546472432754171,5.986510324513392e-05,1.0,17.087831682800015,0.0585211756858866
2.0,17.2652,18.187153408882487,0.054983865672547,4.091364439454076e-05,1.0,17.193379744052738,0.0581619213259047
3.0,17.2652,18.022483565329946,0.0554862484060582,2.585262650252425e-05,1.0,17.28336926292696,0.0578590889766506
4.0,17.2652,17.8107544313286,0.0561458529932358,1.5558048389998093e-05,1.0,17.16021466871648,0.0582743292729913
5.0,17.2652,17.559889116990757,0.0569479677996605,1.014032624707873e-05,1.0,17.13528425978213,0.0583591135600288
6.0,17.2652,17.279783971140134,0.0578710938556958,7.027559534722951e-06,1.5,17.151519792627436,0.0583038711490657
7.5,17.2652,16.974850696390973,0.0589106801518207,4.483770739205156e-06,1.5,17.175093026067255,0.0582238476660513
9.0,17.2652,16.672829439510835,0.0599778222183588,2.7058457648688864e-06,nan,17.094660177373534,0.0584977992907749
nan,nan,nan,nan,1.7649341748048938e-06,nan,17.078567915113844,0.0585529187792754
nan,nan,nan,nan,1.2302879549413336e-06,nan,17.064957947941817,0.0585996170075888
nan,nan,nan,nan,7.887663611441807e-07,nan,17.07350702515884,0.0585702749017199
Name:	42.81332398719393_10_80_1
Lambda:	42.81332398719393	Maximal Depth:	10	Filter time:	10 to 80 [us]
Chi2:	0.1582106779220779	RelRMS:	1.5351400038273386	AbsRMS:	3.8270337025063933e-07	Phi model:	0.0013504980471262
depth_vector,start_model,resistivity_model,conductivity_model,E/I[V/A],modelled_thickness,rhoa,sigma
0.0,17.2652,18.351984859358605,0.0544900187997948,9.246620234776318e-05,1.0,17.13324762144777,0.0583660507391592
1.0,17.2652,18.29538302295751,0.0546585987702566,5.986945651242502e-05,1.0,17.08700333832529,0.058524012677931
2.0,17.2652,18.183071544072813,0.054996208840523,4.0915258900108624e-05,1.0,17.19292744352337,0.0581634514124994
3.0,17.2652,18.018376172719645,0.0554988968159089,2.5852622190577552e-05,1.0,17.283371184716923,0.0578590825431247
4.0,17.2652,17.80721932372999,0.0561569991260451,1.555746269228353e-05,1.0,17.16064535743263,0.0582728667349843
5.0,17.2652,17.557760703236003,0.0569548712334195,1.0139619948613869e-05,1.0,17.13607998220745,0.0583564036254679
6.0,17.2652,17.279924815162293,0.0578706221639661,7.026874756151395e-06,1.5,17.15263406726384,0.0583000835952374
7.5,17.2652,16.978044877567967,0.0588995969330507,4.483188420665455e-06,1.5,17.176580235266336,0.0582188064389462
9.0,17.2652,16.678334714108956,0.0599580244155943,2.7054108864143e-06,nan,17.09649203719361,0.0584915313518404
nan,nan,nan,nan,1.764605397575152e-06,nan,17.08068920897574,0.0585456469446507
nan,nan,nan,nan,1.2300330257816512e-06,nan,17.06731571939509,0.0585915217390402
nan,nan,nan,nan,7.88583735103309e-07,nan,17.07614292926098,0.0585612338888567
Name:	54.5559478116852_10_80_1
Lambda:	54.5559478116852	Maximal Depth:	10	Filter time:	10 to 80 [us]
Chi2:	0.1582261263917787	RelRMS:	1.5298200510821347	AbsRMS:	3.813707449553105e-07	Phi model:	0.0013279850668727
depth_vector,start_model,resistivity_model,conductivity_model,E/I[V/A],modelled_thickness,rhoa,sigma
0.0,17.2652,18.34640811282832,0.0545065820977116,9.247865747585614e-05,1.0,17.131709237061067,0.0583712918636686
1.0,17.2652,18.28983816423588,0.0546751694039266,5.9874882069119375e-05,1.0,17.08597109795671,0.0585275483767843
2.0,17.2652,18.17767796646275,0.0550125270039973,4.091724385262592e-05,1.0,17.192371403781895,0.0581653325485991
3.0,17.2652,18.013499416223503,0.0555139219145486,2.585258645754178e-05,1.0,17.283387110581298,0.0578590292285808
4.0,17.2652,17.803468003501507,0.0561688318143029,1.555671408650249e-05,1.0,17.161195878801088,0.0582709973746807
5.0,17.2652,17.55589687513157,0.0569609178678036,1.0138727989532745e-05,1.0,17.137085003617546,0.0583529812560832
6.0,17.2652,17.280697911161106,0.0578680331744083,7.026013407802138e-06,1.5,17.154035914022206,0.0582953192480243
7.5,17.2652,16.982131114267,0.0588854245248337,4.48245829957218e-06,1.5,17.178445378940065,0.0582124853524842
9.0,17.2652,16.685148230321875,0.0599335400678492,2.704867194285956e-06,nan,17.098782948627218,0.0584836946000466
nan,nan,nan,nan,1.7641950554471457e-06,nan,17.08333768961774,0.0585365704389103
nan,nan,nan,nan,1.2297151692559811e-06,nan,17.0702566302296,0.0585814274302769
nan,nan,nan,nan,7.883562750413616e-07,nan,17.07942736118359,0.0585499723645711
Name:	69.51927961775606_10_80_1
Lambda:	69.51927961775606	Maximal Depth:	10	Filter time:	10 to 80 [us]
Chi2:	0.1582768772895594	RelRMS:	1.5234155009704573	AbsRMS:	3.797522844012433e-07	Phi model:	0.0013001563105591
depth_vector,start_model,resistivity_model,conductivity_model,E/I[V/A],modelled_thickness,rhoa,sigma
0.0,17.2652,18.338605378076306,0.0545297736323774,9.24942327273656e-05,1.0,17.129785959169244,0.0583778456066883
1.0,17.2652,18.2822965379575,0.0546977234464943,5.988164126957605e-05,1.0,17.084685342991452,0.0585319530283432
2.0,17.2652,18.17071999597744,0.055033592517048,4.091969663521855e-05,1.0,17.191684374077973,0.0581676570044424
3.0,17.2652,18.007618884301706,0.0555320504295966,2.5852520064681108e-05,1.0,17.28341670132702,0.0578589301687796
4.0,17.2652,17.799315892999072,0.0561819345199286,1.5555768825300125e-05,1.0,17.1618910827711,0.0582686368988732
5.0,17.2652,17.55420350446787,0.0569664126170966,1.0137609381260196e-05,1.0,17.13834561196616,0.0583486891116135
6.0,17.2652,17.2821394985492,0.0578632061200494,7.024935657346722e-06,1.5,17.155790359256244,0.0582893576488861
7.5,17.2652,16.987308937030562,0.0588674759319944,4.481546486083882e-06,1.5,17.18077537925755,0.0582045907664508
9.0,17.2652,16.69359175465384,0.0599032260221183,2.704189405428333e-06,nan,17.101639967556935,0.0584739242491991
nan,nan,nan,nan,1.7636840477469723e-06,nan,17.086637334136714,0.0585252662911115
nan,nan,nan,nan,1.2293195811336165e-06,nan,17.073918508857805,0.0585688633503321
nan,nan,nan,nan,7.880733822124732e-07,nan,17.083514424317265,0.0585359648584114
Name:	88.58667904100822_10_80_1
Lambda:	88.58667904100822	Maximal Depth:	10	Filter time:	10 to 80 [us]
Chi2:	0.1583891668865605	RelRMS:	1.5158202667149692	AbsRMS:	3.778161520722186e-07	Phi model:	0.0012659762904009
depth_vector,start_model,resistivity_model,conductivity_model,E/I[V/A],modelled_thickness,rhoa,sigma
0.0,17.2652,18.32824974042661,0.0545605834797362,9.251362987302272e-05,1.0,17.12739149710717,0.0583860070092343
1.0,17.2652,18.272438181563658,0.0547272339938175,5.989004175651684e-05,1.0,17.083087714768727,0.0585374269977831
2.0,17.2652,18.161895351702142,0.0550603326709664,4.092273190033207e-05,1.0,17.19083428477593,0.0581705334036982
3.0,17.2652,18.000471356508687,0.0555541007896115,2.585242415537061e-05,1.0,17.283459447532532,0.0578587870695507
4.0,17.2652,17.794570397855654,0.0561969172417056,1.5554587677171047e-05,1.0,17.16275987164239,0.0582656873066362
5.0,17.2652,17.552596030812445,0.0569716296235932,1.0136216410271569e-05,1.0,17.13991573573496,0.0583433440057761
6.0,17.2652,17.284308510671906,0.0578559448520932,7.023595115699358e-06,1.5,17.157973222360322,0.0582819419893252
7.5,17.2652,16.99381070551478,0.0588449534556415,4.480413517143421e-06,1.5,17.18367160963541,0.0581947806450903
9.0,17.2652,16.70404006345852,0.0598657567990143,2.70334809931479e-06,nan,17.105187905784334,0.0584617956556816
nan,nan,nan,nan,1.7630501581928435e-06,nan,17.090732657967038,0.0585112423213664
nan,nan,nan,nan,1.2288290467886833e-06,nan,17.078462013819447,0.0585532818582156
nan,nan,nan,nan,7.877227360477262e-07,nan,17.088583741400523,0.0585186002030875
Name:	112.88378916846884_10_80_1
Lambda:	112.88378916846884	Maximal Depth:	10	Filter time:	10 to 80 [us]
Chi2:	0.1586036752911514	RelRMS:	1.5069985779017148	AbsRMS:	3.755449770826713e-07	Phi model:	0.0012243613746859
depth_vector,start_model,resistivity_model,conductivity_model,E/I[V/A],modelled_thickness,rhoa,sigma
0.0,17.2652,18.31494372163186,0.0546002223757256,9.253766138686338e-05,1.0,17.124426110138458,0.0583961175439306
1.0,17.2652,18.25988045320934,0.0547648711371623,5.990044142423476e-05,1.0,17.081110394037605,0.0585442033293727
2.0,17.2652,18.1508538337687,0.0550938269438076,4.092648483720358e-05,1.0,17.18978334181236,0.0581740898134302
3.0,17.2652,17.991764350973426,0.0555809858606721,2.585230274488904e-05,1.0,17.283513559836386,0.057858605921646
4.0,17.2652,17.789028904924557,0.0562144232461823,1.5553127672426547e-05,1.0,17.163833924370937,0.0582620412435999
5.0,17.2652,17.55099703380927,0.0569768200674671,1.0134495916839405e-05,1.0,17.141855531483458,0.0583367417934049
6.0,17.2652,17.28728472209068,0.0578459842639222,7.021939809779545e-06,1.5,17.16066958828975,0.0582727844537248
7.5,17.2652,17.001901247427508,0.058816951436611,4.479015043609303e-06,1.5,17.187248238184974,0.058182670439256
9.0,17.2652,16.716918300082455,0.0598196379290235,2.702310172376334e-06,nan,17.109567565621493,0.0584468307667409
nan,nan,nan,nan,1.762268372616691e-06,nan,17.095786863777718,0.0584939440324203
nan,nan,nan,nan,1.2282241749134757e-06,nan,17.084068717566502,0.0585340656568397
nan,nan,nan,nan,7.87290453948679e-07,nan,17.094838453762776,0.0584971892366662
Name:	143.8449888287663_10_80_1
Lambda:	143.8449888287663	Maximal Depth:	10	Filter time:	10 to 80 [us]
Chi2:	0.1589812666912417	RelRMS:	1.4970293378935824	AbsRMS:	3.729506998460905e-07	Phi model:	0.0011742459569255
depth_vector,start_model,resistivity_model,conductivity_model,E/I[V/A],modelled_thickness,rhoa,sigma
0.0,17.2652,18.298235551445472,0.0546500779918643,9.256721087782107e-05,1.0,17.1207815870902,0.0584085484014376
1.0,17.2652,18.244192707593243,0.0548119621420025,5.991322496321396e-05,1.0,17.078680604326987,0.0585525324331344
2.0,17.2652,18.137209031833965,0.0551352745753123,4.093109651753941e-05,1.0,17.18849214300501,0.058178459848612
3.0,17.2652,17.981184117505524,0.0556136900364894,2.5852154444136268e-05,1.0,17.283579657631744,0.0578583846523043
4.0,17.2652,17.782483057874597,0.0562351161390349,1.555133763390277e-05,1.0,17.1651509958358,0.0582575708330556
5.0,17.2652,17.549337335054457,0.0569822085533976,1.0132386665447223e-05,1.0,17.144234387160772,0.0583286472534985
6.0,17.2652,17.29116865719921,0.0578329909230078,7.01991053288644e-06,1.5,17.163976569914087,0.0582615570422562
7.5,17.2652,17.011875468466386,0.0587824665101519,4.477300902877178e-06,1.5,17.191634732540987,0.0581678249658923
9.0,17.2652,16.73270240331122,0.0597632095460032,2.701038346868786e-06,nan,17.114938013159087,0.0584284909025749
nan,nan,nan,nan,1.7613105967903915e-06,nan,17.10198393384309,0.0584727481833906
nan,nan,nan,nan,1.2274832233677115e-06,nan,17.090943051276138,0.0585105220349635
nan,nan,nan,nan,7.867609959779272e-07,nan,17.10250701187144,0.0584709598017334
Name:	183.29807108324357_10_80_1
Lambda:	183.2980710832436	Maximal Depth:	10	Filter time:	10 to 80 [us]
Chi2:	0.1596103188149744	RelRMS:	1.48620801713076	AbsRMS:	3.700917823061634e-07	Phi model:	0.0011147334354887
depth_vector,start_model,resistivity_model,conductivity_model,E/I[V/A],modelled_thickness,rhoa,sigma
0.0,17.2652,18.27763741226158,0.0547116663628062,9.260326290434035e-05,1.0,17.11633769091314,0.0584237129494639
1.0,17.2652,18.22491230313649,0.0548699485279773,5.99288340505714e-05,1.0,17.07571492906193,0.0585627017172824
2.0,17.2652,18.120550116302287,0.0551859625442796,4.093674167379575e-05,1.0,17.186911917023302,0.0581838089837139
3.0,17.2652,17.968401926465724,0.0556532519749069,2.585199541038245e-05,1.0,17.28365053983872,0.0578581473685206
4.0,17.2652,17.774718963965196,0.0562596799435932,1.5549175081292976e-05,1.0,17.166742492126293,0.0582521698836375
5.0,17.2652,17.54755029625033,0.056988011609443,1.0129832090121016e-05,1.0,17.147116593380197,0.0583188429701387
6.0,17.2652,17.296067823599568,0.0578166095437919,7.017450720246858e-06,1.5,17.167987304678153,0.0582479461484403
7.5,17.2652,17.02404065798482,0.0587404612154146,4.47522220048782e-06,1.5,17.196957898577146,0.0581498196307579
9.0,17.2652,16.75188085339535,0.0596947894240374,2.699495896839243e-06,nan,17.12145686564132,0.0584062447399999
nan,nan,nan,nan,1.7601489841134587e-06,nan,17.109507424590138,0.0584470362111523
nan,nan,nan,nan,1.2265845587649533e-06,nan,17.099289887520538,0.0584819607467923
nan,nan,nan,nan,7.861188464874205e-07,nan,17.111819320121615,0.0584391397134558
Name:	233.57214690901213_10_80_1
Lambda:	233.57214690901213	Maximal Depth:	10	Filter time:	10 to 80 [us]
Chi2:	0.1606131988957434	RelRMS:	1.4751073914690538	AbsRMS:	3.6710081379607733e-07	Phi model:	0.0010452371913475
depth_vector,start_model,resistivity_model,conductivity_model,E/I[V/A],modelled_thickness,rhoa,sigma
0.0,17.2652,18.25267397461568,0.0547864932771339,9.26467725666868e-05,1.0,17.110978379369076,0.0584420117791576
1.0,17.2652,18.2015898098577,0.0549402557933931,5.9947692901999504e-05,1.0,17.072133526208344,0.0585749870374928
2.0,17.2652,18.100480553247607,0.0552471519779942,4.094358422312951e-05,1.0,17.184996996435125,0.0581902923932684
3.0,17.2652,17.953103749635105,0.0557006751559782,2.5851835889992447e-05,1.0,17.283721639672173,0.0578579093581703
4.0,17.2652,17.765536178335605,0.0562887598753963,1.5546594591107006e-05,1.0,17.168642045749994,0.0582457248124376
5.0,17.2652,17.54557916926711,0.0569944138265668,1.0126774072912887e-05,1.0,17.150568402648915,0.0583071054278031
6.0,17.2652,17.302095341972258,0.0577964680135677,7.014502962083729e-06,1.5,17.172796724167807,0.0582316332081581
7.5,17.2652,17.038701939537006,0.0586899168462813,4.472729687754367e-06,1.5,17.203346190801664,0.0581282262711589
9.0,17.2652,16.77494465146186,0.0596127153190251,2.697646002215293e-06,nan,17.129283262475397,0.0583795588336535
nan,nan,nan,nan,1.7587556944115695e-06,nan,17.11854235544041,0.0584161886705378
nan,nan,nan,nan,1.2255065921000098e-06,nan,17.10931554463278,0.0584476916911911
nan,nan,nan,nan,7.853485497645928e-07,nan,17.123006730287628,0.058400958181671
Name:	297.63514416313194_10_80_1
Lambda:	297.63514416313194	Maximal Depth:	10	Filter time:	10 to 80 [us]
Chi2:	0.1621513320436798	RelRMS:	1.464687098772898	AbsRMS:	3.642103115720995e-07	Phi model:	0.0009657127556009
depth_vector,start_model,resistivity_model,conductivity_model,E/I[V/A],modelled_thickness,rhoa,sigma
0.0,17.2652,18.222936312222327,0.0548758983111458,9.269861813674444e-05,1.0,17.104597765427904,0.0584638126960937
1.0,17.2652,18.173838496040524,0.0550241491481211,5.9970200222180615e-05,1.0,17.067861715505867,0.0585896474126877
2.0,17.2652,18.076659044729656,0.0553199569414656,4.095178650719856e-05,1.0,17.182702250264647,0.0581980636942363
3.0,17.2652,17.935019244388428,0.0557568400888604,2.5851697057551603e-05,1.0,17.283783519274866,0.0578577022146106
4.0,17.2652,17.75476222356632,0.0563229170522304,1.554356409782514e-05,1.0,17.170873527260927,0.0582381553514079
5.0,17.2652,17.543375670544066,0.0570015724897822,1.0123166995047567e-05,1.0,17.154642210935773,0.0582932589152176
6.0,17.2652,17.309350007908023,0.0577722444541901,7.011020806204135e-06,1.5,17.178482382773996,0.0582123599581047
7.5,17.2652,17.056126038078077,0.0586299607406443,4.469782824261411e-06,1.5,17.210906639255448,0.0581026915641476
9.0,17.2652,16.80232349868187,0.059515578311443,2.695458091637086e-06,nan,17.138551265791854,0.0583479889572683
nan,nan,nan,nan,1.7571075040149118e-06,nan,17.12924563073433,0.058379687089415
nan,nan,nan,nan,1.2242312627567e-06,nan,17.121195775716227,0.0584071354068823
nan,nan,nan,nan,7.844371448544398e-07,nan,17.136267169810033,0.0583557661706954
Name:	379.26901907322497_10_80_1
Lambda:	379.26901907322497	Maximal Depth:	10	Filter time:	10 to 80 [us]
Chi2:	0.1644243506354991	RelRMS:	1.4563466266517715	AbsRMS:	3.617756088670364e-07	Phi model:	0.0008768763546614
depth_vector,start_model,resistivity_model,conductivity_model,E/I[V/A],modelled_thickness,rhoa,sigma
0.0,17.2652,18.18815898523417,0.0549808257565725,9.275946563764286e-05,1.0,17.09711686961535,0.0584893937162692
1.0,17.2652,18.14140587490934,0.0551225195497698,5.999666828871582e-05,1.0,17.062841586502767,0.0586068853145205
2.0,17.2652,18.048860222676,0.0554051606396526,4.096148501429432e-05,1.0,17.179989895206855,0.0582072519308638
3.0,17.2652,17.913967004255646,0.0558223647371037,2.585160851428862e-05,1.0,17.283822984561656,0.0578575701043238
4.0,17.2652,17.74227880621872,0.0563625456978782,1.5540070477379612e-05,1.0,17.1734469290323,0.0582294284969353
5.0,17.2652,17.540904671005464,0.0570096023412616,1.0118985302973151e-05,1.0,17.15936801359479,0.058277204568824
6.0,17.2652,17.317898430847098,0.0577437270459314,7.006976367391753e-06,1.5,17.185092046745066,0.0581899705442313
7.5,17.2652,17.076499260086702,0.0585600119069675,4.466356377844444e-06,1.5,17.219707953898574,0.0580729941923084
9.0,17.2652,16.834321940422807,0.0594024519394978,2.6929128091983754e-06,nan,17.1493488884667,0.0583112517276105
nan,nan,nan,nan,1.7551895768349818e-06,nan,17.141721648896528,0.0583371974228955
nan,nan,nan,nan,1.2227469714812062e-06,nan,17.13504857516067,0.0583599162624856
nan,nan,nan,nan,7.833762716924572e-07,nan,17.15173466682502,0.0583031407274627
Name:	483.2930238571752_10_80_1
Lambda:	483.2930238571752	Maximal Depth:	10	Filter time:	10 to 80 [us]
Chi2:	0.1676594539515545	RelRMS:	1.451896961617474	AbsRMS:	3.602789095948491e-07	Phi model:	0.0007803816416206
depth_vector,start_model,resistivity_model,conductivity_model,E/I[V/A],modelled_thickness,rhoa,sigma
0.0,17.2652,18.14830679017028,0.0551015591460925,9.282961396160196e-05,1.0,17.08850262722627,0.0585188779739395
1.0,17.2652,18.104254321005367,0.0552356359046368,6.002725448392066e-05,1.0,17.05704497807519,0.0586268020800426
2.0,17.2652,18.01704320976043,0.0555030028155933,4.0972764213117816e-05,1.0,17.176836818323377,0.058217936781774
3.0,17.2652,17.889905820543838,0.0558974435098284,2.585160701180536e-05,1.0,17.283823654246767,0.057857567862554
4.0,17.2652,17.728051506921005,0.0564077783511403,1.5536127194004358e-05,1.0,17.176352711258318,0.0582195776257287
5.0,17.2652,17.538149145991913,0.0570185594657538,1.0114233143133415e-05,1.0,17.16474246457334,0.0582589573985115
6.0,17.2652,17.327753319942854,0.0577108862029493,7.002369801462414e-06,1.5,17.192628122339237,0.0581644640298274
7.5,17.2652,17.099877291362045,0.0584799518125868,4.46244853099351e-06,1.5,17.229759560228974,0.0580391152009036
9.0,17.2652,16.871041141052274,0.0592731646873115,2.6900080677504227e-06,nan,17.161692212950733,0.0582693121162824
nan,nan,nan,nan,1.753000038601126e-06,nan,17.15599228791504,0.0582886715742123
nan,nan,nan,nan,1.2210521263922976e-06,nan,17.150900772421,0.0583059754860234
nan,nan,nan,nan,7.821647092368755e-07,nan,17.16944196594529,0.0582430111580474
Name:	615.8482110660261_10_80_1
Lambda:	615.8482110660261	Maximal Depth:	10	Filter time:	10 to 80 [us]
Chi2:	0.1720870487640645	RelRMS:	1.4533914113152964	AbsRMS:	3.602974643722903e-07	Phi model:	0.0006788774857883
depth_vector,start_model,resistivity_model,conductivity_model,E/I[V/A],modelled_thickness,rhoa,sigma
0.0,17.2652,18.10365702854344,0.0552374582894126,9.290883786198646e-05,1.0,17.078786936481478,0.0585521678863462
1.0,17.2652,18.06263763843012,0.0553628999273282,6.0061891372786976e-05,1.0,17.05048663459491,0.0586493524455208
2.0,17.2652,17.981416936188023,0.0556129699649796,4.098562931528468e-05,1.0,17.173242171018167,0.0582301227713201
3.0,17.2652,17.86298371573325,0.0559816890567518,2.585173440657772e-05,1.0,17.283766872225783,0.0578577579408892
4.0,17.2652,17.7121582671137,0.0564583934334364,1.5531781398570358e-05,1.0,17.17955652640178,0.0582087202578941
5.0,17.2652,17.535114776857082,0.0570284262592797,1.010895358732528e-05,1.0,17.17071831088171,0.0582386818008809
6.0,17.2652,17.338851708663015,0.0576739461645184,6.997238462123458e-06,1.5,17.201032431206414,0.0581360452635263
7.5,17.2652,17.12613514392743,0.0583902901382031,4.458088752381296e-06,1.5,17.240990935098754,0.0580013065237582
9.0,17.2652,16.91229940494065,0.0591285653154807,2.686764934399208e-06,nan,17.175499763805135,0.0582224688510872
nan,nan,nan,nan,1.7505544274090409e-06,nan,17.171967083422427,0.0582344465920497
nan,nan,nan,nan,1.2191585948720605e-06,nan,17.168654749381815,0.0582456817145796
nan,nan,nan,nan,7.808108463985228e-07,nan,17.189283183742557,0.0581757825099879
Name:	784.7599703514607_10_80_1
Lambda:	784.7599703514607	Maximal Depth:	10	Filter time:	10 to 80 [us]
Chi2:	0.177902003967669	RelRMS:	1.4627857872041148	AbsRMS:	3.624220156005432e-07	Phi model:	0.0005758711839474
depth_vector,start_model,resistivity_model,conductivity_model,E/I[V/A],modelled_thickness,rhoa,sigma
0.0,17.2652,18.054856440688063,0.0553867599714844,9.2996257222227e-05,1.0,17.06808220001361,0.05858889055498
1.0,17.2652,18.017154223795757,0.0555026608297148,6.0100225545160365e-05,1.0,17.043235571436515,0.058674304876472
2.0,17.2652,17.942485784339087,0.0557336375806322,4.099997964506006e-05,1.0,17.169234753308213,0.0582437140832568
3.0,17.2652,17.83357254338301,0.0560740141980716,2.58520319702992e-05,1.0,17.283634244821126,0.0578582019172061
4.0,17.2652,17.69480977074138,0.0565137468532447,1.552711655732405e-05,1.0,17.1829972120931,0.0581970646713611
5.0,17.2652,17.53183338560677,0.0570391001331884,1.0103233667099284e-05,1.0,17.177198472062624,0.0582167110443779
6.0,17.2652,17.351039256782663,0.0576334353925856,6.991662377930991e-06,1.5,17.21017681444558,0.0581051555008218
7.5,17.2652,17.15493013525078,0.0582922805348622,4.453342744137245e-06,1.5,17.253238118515064,0.0579601343893158
9.0,17.2652,16.957572920432625,0.0589707032186825,2.6832314206621075e-06,nan,17.190575256087385,0.0581714099210198
nan,nan,nan,nan,1.747888595479846e-06,nan,17.18942279148274,0.0581753100223641
nan,nan,nan,nan,1.217093970260281e-06,nan,17.188065363966757,0.0581799044176554
nan,nan,nan,nan,7.793343149818805e-07,nan,17.210987612387516,0.0581024182063936
Name:	1000.0_10_80_1
Lambda:	1000.0	Maximal Depth:	10	Filter time:	10.0 to 80.0 [us]
Chi2:	0.1852157239800436	RelRMS:	1.4814772010763397	AbsRMS:	3.6712959934146355e-07	Phi model:	0.0004753665530402733
depth_vector,start_model,resistivity_model,conductivity_model,E/I[V/A],modelled_thickness,rhoa,sigma
0.0,17.2652,18.002928711387927,0.055546517793376604,9.309028037338149e-05,1.0,17.05658751525787,0.05862837446854219
1.0,17.2652,17.968754326779706,0.05565216051229837,6.0141587297685573e-05,1.0,17.03542046987778,0.05870122206658832
2.0,17.2652,17.901056234318013,0.055862625473624604,4.101559196190395e-05,1.0,17.16487757224065,0.05825849883236092
3.0,17.2652,17.802273454799817,0.056172600793882414,2.5852532716734365e-05,1.0,17.28341106240236,0.05785894904596465
4.0,17.2652,17.67635291422703,0.056572755978137185,1.5522249277879593e-05,1.0,17.186589048876964,0.05818490202774376
5.0,17.2652,17.5283633261796,0.0570503920640693,1.0097203068583201e-05,1.0,17.184037229170112,0.058193542452438816
6.0,17.2652,17.36406624307248,0.05759019724996484,6.9857637930690336e-06,1.5,17.219863315031954,0.05807247024586178
7.5,17.2652,17.18569191193321,0.058187939428009365,4.448312455312996e-06,1.5,17.266242663907768,0.05791648012050329
9.0,17.2652,17.005978118054596,0.05880285115375623,2.679482641380456e-06,nan,17.206605379179262,0.058117215915815874
nan,nan,nan,nan,1.7450588907989723e-06,nan,17.208000141203307,0.058112505334398074
nan,nan,nan,nan,1.2149017419347206e-06,nan,17.208735809727248,0.05811002104144974
nan,nan,nan,nan,7.777661276201009e-07,nan,17.234114522941663,0.05802444904661755
