Name:	10.0_10_80_1
Lambda:	10	Maximal Depth:	10	Filter time:	10 to 80 [us]
Chi2:	0.1250291167262895	RelRMS:	1.3246420198421751	AbsRMS:	3.5846632864723325e-07	Phi model:	0.0052203011946473
depth_vector,start_model,resistivity_model,conductivity_model,E/I[V/A],modelled_thickness,rhoa,sigma
0.0,16.3321,14.929774228999948,0.0669802493099712,0.0001085828870745,1.0,15.392911859892434,0.0649649662846174
1.0,16.3321,15.01553963038097,0.0665976731183672,6.920724954692818e-05,1.0,15.513211788646792,0.0644611840297211
2.0,16.3321,15.188196999299093,0.0658405997792989,4.6584847753170126e-05,1.0,15.768010936274026,0.0634195399813884
3.0,16.3321,15.447572128651789,0.0647350918106557,2.890782686330829e-05,1.0,16.043085331618048,0.0623321499156511
4.0,16.3321,15.792039710948783,0.0633230423874054,1.7105013294220007e-05,1.0,16.109319102382482,0.0620758701000655
5.0,16.3321,16.218396272351534,0.0616583775120083,1.0987853906238644e-05,1.0,16.242417929943368,0.0615671881066716
6.0,16.3321,16.721782337755975,0.0598022375726125,7.518611200300453e-06,1.5,16.396351232104003,0.0609891789852612
7.5,16.3321,17.317677513162586,0.0577444636695615,4.726346425908419e-06,1.5,16.582283269393603,0.0603053260973854
9.0,16.3321,17.981176345414188,0.0556137140746653,2.812665253944254e-06,nan,16.659058952178334,0.0600274002793681
nan,nan,nan,nan,1.8133844056495808e-06,nan,16.77299207082473,0.0596196549654023
nan,nan,nan,nan,1.251988655770857e-06,nan,16.8671927540216,0.0592866883412814
nan,nan,nan,nan,7.937847475834857e-07,nan,17.00147071042643,0.0588184408885716
Name:	12.742749857031335_10_80_1
Lambda:	12.742749857031336	Maximal Depth:	10	Filter time:	10 to 80 [us]
Chi2:	0.1249460032091261	RelRMS:	1.325841031720538	AbsRMS:	3.577662244027318e-07	Phi model:	0.005204463473447
depth_vector,start_model,resistivity_model,conductivity_model,E/I[V/A],modelled_thickness,rhoa,sigma
0.0,16.3321,14.924995540911064,0.0670016950597331,0.0001085797487868,1.0,15.3932084600342,0.0649637145236048
1.0,16.3321,15.011822871946958,0.0666141619528918,6.920520943537231e-05,1.0,15.513516664800893,0.0644599172197321
2.0,16.3321,15.186502069020548,0.0658479480959564,4.658354339607111e-05,1.0,15.768305275140252,0.0634183561613665
3.0,16.3321,15.448524622238123,0.0647311005065494,2.8907189405499937e-05,1.0,16.043321184189416,0.062331233571855
4.0,16.3321,15.795739756722472,0.0633082093907259,1.710485129600572e-05,1.0,16.10942081531228,0.0620754781605483
5.0,16.3321,16.22428507309766,0.0616359978571969,1.0987882806392662e-05,1.0,16.24238944956525,0.0615672960622654
6.0,16.3321,16.728548253237697,0.0597780503640808,7.51871092321584e-06,1.5,16.396206251971304,0.0609897182697229
7.5,16.3321,17.32189425114699,0.0577304067038617,4.726477394078987e-06,1.5,16.5819769438221,0.0603064401420825
9.0,16.3321,17.977978348256332,0.0556236068721814,2.812791354534279e-06,nan,16.658561052264474,0.0600291944101657
nan,nan,nan,nan,1.813492107459308e-06,nan,16.77232797475119,0.0596220155905241
nan,nan,nan,nan,1.2520776631033236e-06,nan,16.86639337782452,0.0592894982109674
nan,nan,nan,nan,7.938526154246392e-07,nan,17.00050170641353,0.0588217934546452
Name:	16.237767391887218_10_80_1
Lambda:	16.237767391887218	Maximal Depth:	10	Filter time:	10 to 80 [us]
Chi2:	0.1247800868380559	RelRMS:	1.3270078057910228	AbsRMS:	3.566822091495505e-07	Phi model:	0.0051868066491002
depth_vector,start_model,resistivity_model,conductivity_model,E/I[V/A],modelled_thickness,rhoa,sigma
0.0,16.3321,14.921523208634351,0.067017286775478,0.0001085743766507,1.0,15.39371621475464,0.0649615717250598
1.0,16.3321,15.009225514578358,0.0666256895819645,6.920206651459367e-05,1.0,15.513986375097806,0.064457965594526
2.0,16.3321,15.185575265049394,0.0658519669189988,4.658169412582963e-05,1.0,15.7687226016647,0.063416677765289
3.0,16.3321,15.449769820248578,0.064725883403738,2.890634432238727e-05,1.0,16.043633869266255,0.0623300187568874
4.0,16.3321,15.799207830981263,0.0632943126451607,1.7104622008149093e-05,1.0,16.109564779764938,0.0620749234179243
5.0,16.3321,16.22945610235694,0.0616163593957269,1.098789755431961e-05,1.0,16.24237491590064,0.0615673511526346
6.0,16.3321,16.734237375738562,0.0597577276780959,7.518818615513578e-06,1.5,16.396049689313354,0.060990300648563
7.5,16.3321,17.325099770448038,0.057719725326242,4.726625076642474e-06,1.5,16.581631541401325,0.0603076963508193
9.0,16.3321,17.97453400023419,0.0556342656775953,2.8129325354464293e-06,nan,16.658003652827258,0.0600312030685787
nan,nan,nan,nan,1.8136122492566448e-06,nan,16.77158725049489,0.0596246488221019
nan,nan,nan,nan,1.252176882683517e-06,nan,16.86550239690181,0.059292630392303
nan,nan,nan,nan,7.939280661907465e-07,nan,16.9994245969118,0.0588255204933033
Name:	20.6913808111479_10_80_1
Lambda:	20.6913808111479	Maximal Depth:	10	Filter time:	10 to 80 [us]
Chi2:	0.1244953621878714	RelRMS:	1.3281890655858726	AbsRMS:	3.550419239824216e-07	Phi model:	0.0051654404737171
depth_vector,start_model,resistivity_model,conductivity_model,E/I[V/A],modelled_thickness,rhoa,sigma
0.0,16.3321,14.919513071043989,0.0670263161564444,0.0001085657877238,1.0,15.394528095818329,0.0649581457629502
1.0,16.3321,15.00790724870835,0.0666315418551153,6.919729587675677e-05,1.0,15.51469941606341,0.0644550031671662
2.0,16.3321,15.185570945038087,0.0658519856526535,4.65790147824028e-05,1.0,15.769327300560503,0.0634142459561008
3.0,16.3321,15.451452200108552,0.06471883594171,2.8905167427156925e-05,1.0,16.044069351909,0.0623283269391387
4.0,16.3321,15.802567795751862,0.0632808549170613,1.7104283073068005e-05,1.0,16.10977759502254,0.0620741033885515
5.0,16.3321,16.23399943038464,0.0615991151341506,1.0987888487504686e-05,1.0,16.242383850986286,0.0615673172838651
6.0,16.3321,16.73890962179119,0.0597410478098389,7.5189382839437076e-06,1.5,16.39587572018303,0.0609909477887184
7.5,16.3321,17.32727724088952,0.0577124718498856,4.7267999714464205e-06,1.5,16.58122251780548,0.0603091840137942
9.0,16.3321,17.970574146704948,0.0556465248041815,2.813099661978491e-06,nan,16.657343877186374,0.0600335808261474
nan,nan,nan,nan,1.813754338354379e-06,nan,16.770711317532562,0.0596277630129243
nan,nan,nan,nan,1.252294305495713e-06,nan,16.864448104971583,0.0592963371096148
nan,nan,nan,nan,7.940172290094921e-07,nan,16.998151958714015,0.058829924713513
Name:	26.366508987303583_10_80_1
Lambda:	26.366508987303583	Maximal Depth:	10	Filter time:	10 to 80 [us]
Chi2:	0.1240830356324102	RelRMS:	1.3294392450918997	AbsRMS:	3.527842015357626e-07	Phi model:	0.0051394002969906
depth_vector,start_model,resistivity_model,conductivity_model,E/I[V/A],modelled_thickness,rhoa,sigma
0.0,16.3321,14.919037093292848,0.067028454567592,0.000108553526114,1.0,15.395687328193835,0.0649532546798815
1.0,16.3321,15.007942732291314,0.0666313843168114,6.919066002927385e-05,1.0,15.515691375897728,0.0644508823856481
2.0,16.3321,15.186568835793222,0.0658476585996897,4.657538081499383e-05,1.0,15.770147540428344,0.0634109476424618
3.0,16.3321,15.453654525322255,0.0647096127560899,2.8903608382158105e-05,1.0,16.044646285669653,0.0623260857357232
4.0,16.3321,15.805897248599711,0.0632675250428186,1.7103820227667174e-05,1.0,16.110068224162312,0.0620729835582057
5.0,16.3321,16.23797304082343,0.0615840411537775,1.0987855142464002e-05,1.0,16.242416711671673,0.0615671927245536
6.0,16.3321,16.74257489548519,0.0597279693381966,7.519074868714436e-06,1.5,16.395677164399224,0.0609916864044719
7.5,16.3321,17.328357541298665,0.057708873885866,4.727009104433999e-06,1.5,16.580733455046293,0.0603109628841933
9.0,16.3321,17.96596577020294,0.055660798466984,2.813299153270213e-06,nan,16.656556418728236,0.0600364189848763
nan,nan,nan,nan,1.813923723472884e-06,nan,16.769667262923154,0.0596314753490039
nan,nan,nan,nan,1.2524343151435782e-06,nan,16.863191230309134,0.0593007566801855
nan,nan,nan,nan,7.941233955242589e-07,nan,16.996636934076943,0.0588351686206273
Name:	33.59818286283781_10_80_1
Lambda:	33.59818286283781	Maximal Depth:	10	Filter time:	10 to 80 [us]
Chi2:	0.1235246683924984	RelRMS:	1.3308452054241442	AbsRMS:	3.497970272479308e-07	Phi model:	0.0051071206775912
depth_vector,start_model,resistivity_model,conductivity_model,E/I[V/A],modelled_thickness,rhoa,sigma
0.0,16.3321,14.92021801462596,0.0670231493279603,0.0001085367679194,1.0,15.39727202795068,0.0649465696380955
1.0,16.3321,15.00945833918829,0.0666246560936242,6.918172375757389e-05,1.0,15.517027465271337,0.0644453328601821
2.0,16.3321,15.188701030585538,0.065838414883952,4.657055957179357e-05,1.0,15.771235930539818,0.0634065715841315
3.0,16.3321,15.45651172030482,0.0646976509380396,2.8901569451998885e-05,1.0,16.0454008820276,0.0623231546131138
4.0,16.3321,15.80932386164881,0.0632538120384679,1.7103203101093525e-05,1.0,16.110455749678565,0.062071490436883
5.0,16.3321,16.2414789926446,0.0615707473717681,1.0987793475645794e-05,1.0,16.242477483182896,0.0615669623698341
6.0,16.3321,16.745284509444552,0.0597183045433469,7.519234956046434e-06,1.5,16.395444450163215,0.0609925521104153
7.5,16.3321,17.328285992232644,0.0577091121677151,4.727263638200386e-06,1.5,16.580138270074887,0.0603131278950114
9.0,16.3321,17.96046896290224,0.0556778334722508,2.813541711101934e-06,nan,16.655599087677874,0.0600398697600627
nan,nan,nan,nan,1.814129502798962e-06,nan,16.76839910058412,0.0596359851648071
nan,nan,nan,nan,1.2526044468500174e-06,nan,16.86166426332656,0.0593061268676164
nan,nan,nan,nan,7.942522764308676e-07,nan,16.994798222550187,0.0588415341509093
Name:	42.81332398719393_10_80_1
Lambda:	42.81332398719393	Maximal Depth:	10	Filter time:	10 to 80 [us]
Chi2:	0.1228052195422491	RelRMS:	1.3325304081025324	AbsRMS:	3.459724650575587e-07	Phi model:	0.005066849093619
depth_vector,start_model,resistivity_model,conductivity_model,E/I[V/A],modelled_thickness,rhoa,sigma
0.0,16.3321,14.923213324936103,0.067009696787557,0.0001085145454846,1.0,15.39937406994576,0.0649377043156353
1.0,16.3321,15.01261356318546,0.0666106534875606,6.916997796317258e-05,1.0,15.51878405256357,0.0644380382259915
2.0,16.3321,15.192129638378317,0.0658235562625665,4.656428032164996e-05,1.0,15.772653745642971,0.0634008719221544
3.0,16.3321,15.460183829341863,0.0646822839261523,2.889893798124455e-05,1.0,16.04637490541969,0.0623193715648665
4.0,16.3321,15.812993427127337,0.0632391333499507,1.7102397331563132e-05,1.0,16.11096176889056,0.0620695408719142
5.0,16.3321,16.24462775113792,0.0615588128776882,1.0987699573520488e-05,1.0,16.24257002308616,0.0615666116001755
6.0,16.3321,16.747082643082038,0.05971189259122,7.519426851240914e-06,1.5,16.395165508656497,0.060993589815974
7.5,16.3321,17.326980646158376,0.0577134597435885,4.72757701952428e-06,1.5,16.579405553214364,0.0603157933974371
9.0,16.3321,17.953804453287045,0.0556985012620495,2.813840070447768e-06,nan,16.654421706981726,0.0600441142655099
nan,nan,nan,nan,1.8143824490444645e-06,nan,16.766840589713933,0.0596415284471349
nan,nan,nan,nan,1.2528136001238848e-06,nan,16.85978754337489,0.0593127284331025
nan,nan,nan,nan,7.944106012165193e-07,nan,16.99254012313671,0.0588493534664908
Name:	54.5559478116852_10_80_1
Lambda:	54.5559478116852	Maximal Depth:	10	Filter time:	10 to 80 [us]
Chi2:	0.1219139154795572	RelRMS:	1.3346730239792068	AbsRMS:	3.412086162511112e-07	Phi model:	0.0050164984533479
depth_vector,start_model,resistivity_model,conductivity_model,E/I[V/A],modelled_thickness,rhoa,sigma
0.0,16.3321,14.928241007344733,0.0669871285912384,0.0001084856485454,1.0,15.402108533154792,0.0649261753900374
1.0,16.3321,15.017624845161336,0.0665884259535354,6.915478760463769e-05,1.0,15.521056512867034,0.0644286037597372
2.0,16.3321,15.197066471218484,0.0658021731953259,4.655620640450483e-05,1.0,15.774477253596048,0.0633935428682452
3.0,16.3321,15.464869869662298,0.0646626844214006,2.889557449011879e-05,1.0,16.047620097080426,0.0623145359841819
4.0,16.3321,15.81707674130659,0.063222807624653,1.710136051327428e-05,1.0,16.11161294402232,0.0620670322378255
5.0,16.3321,16.247537768943413,0.0615477873768334,1.0987568718139715e-05,1.0,16.242698982368594,0.0615661227906456
6.0,16.3321,16.74800170114857,0.0597086158602085,7.519660950800957e-06,1.5,16.394825234365566,0.0609948557367892
7.5,16.3321,17.324324362826893,0.0577223087640703,4.727965959782879e-06,1.5,16.578496284584126,0.0603191014935336
9.0,16.3321,17.945630014809286,0.0557238725625553,2.814210001296831e-06,nan,16.65296218089904,0.0600493767497413
nan,nan,nan,nan,1.814695882836104e-06,nan,16.764909891292838,0.0596483969484004
nan,nan,nan,nan,1.2530727727977528e-06,nan,16.857462726623503,0.0593209082657895
nan,nan,nan,nan,7.946066800904074e-07,nan,16.989744597366446,0.0588590366540888
Name:	69.51927961775606_10_80_1
Lambda:	69.51927961775606	Maximal Depth:	10	Filter time:	10 to 80 [us]
Chi2:	0.1208502093277907	RelRMS:	1.3375318687386832	AbsRMS:	3.35435497912489e-07	Phi model:	0.0049535992929643
depth_vector,start_model,resistivity_model,conductivity_model,E/I[V/A],modelled_thickness,rhoa,sigma
0.0,16.3321,14.935595755089112,0.0669541420642201,0.0001084485812984,1.0,15.405617915130124,0.0649113852822406
1.0,16.3321,15.024780215692338,0.0665567140180572,6.913536998697677e-05,1.0,15.523962578025886,0.0644165428107573
2.0,16.3321,15.203784638726932,0.0657730968809443,4.654592424692176e-05,1.0,15.77680025956666,0.063384208682849
3.0,16.3321,15.470815115067529,0.0646378353410783,2.8891308465031795e-05,1.0,16.049199761667108,0.062308402590169
4.0,16.3321,15.821771698312975,0.0632040468708461,1.710004104945446e-05,1.0,16.11244173021898,0.0620638396553201
5.0,16.3321,16.250332077140865,0.0615372039939225,1.0987395388995838e-05,1.0,16.24286980390892,0.061565475317628
6.0,16.3321,16.748053691271565,0.0597084305098186,7.519950192522098e-06,1.5,16.394404832833914,0.0609964198271625
7.5,16.3321,17.32015334550023,0.0577362093771415,4.728451042421159e-06,1.5,16.57736242797136,0.0603232271928058
9.0,16.3321,17.93553110058623,0.0557552488628181,2.8146708441459896e-06,nan,16.651144417615477,0.0600559321881855
nan,nan,nan,nan,1.815086111348232e-06,nan,16.762506927142464,0.0596569477552765
nan,nan,nan,nan,1.2533954176511023e-06,nan,16.854569674738762,0.0593310905765085
nan,nan,nan,nan,7.948506695560703e-07,nan,16.98626760814896,0.0588710847532074
Name:	88.58667904100822_10_80_1
Lambda:	88.58667904100822	Maximal Depth:	10	Filter time:	10 to 80 [us]
Chi2:	0.1196336510627323	RelRMS:	1.3414849191107394	AbsRMS:	3.286630927143264e-07	Phi model:	0.0048752634335594
depth_vector,start_model,resistivity_model,conductivity_model,E/I[V/A],modelled_thickness,rhoa,sigma
0.0,16.3321,14.945663332731966,0.0669090409530325,0.0001084015209535,1.0,15.410076285820429,0.0648926054259802
1.0,16.3321,15.034452472704682,0.0665138954554891,6.911077378053385e-05,1.0,15.527645630826022,0.0644012636413317
2.0,16.3321,15.212629416601985,0.0657348557316903,4.653293277086582e-05,1.0,15.779736594108195,0.063372413983981
3.0,16.3321,15.47831864408208,0.0646065004213061,2.88859343768824e-05,1.0,16.051190283858034,0.0623006756704925
4.0,16.3321,15.827306732336451,0.0631819435177129,1.7098377187851815e-05,1.0,16.11348699270379,0.0620598136488273
5.0,16.3321,16.253137179984712,0.061526583386712,1.0987173415140727e-05,1.0,16.243088572962133,0.0615646461267579
6.0,16.3321,16.747224540816617,0.0597113866576986,7.520310628189123e-06,1.5,16.39388099140085,0.0609983688746145
7.5,16.3321,17.314247944208095,0.0577559015685989,4.729057426207885e-06,1.5,16.575945308556328,0.0603283843778014
9.0,16.3321,17.92301056505389,0.0557941979875741,2.8152461178315903e-06,nan,16.64887598563748,0.060064114890559
nan,nan,nan,nan,1.8155729228164056e-06,nan,16.75951042753815,0.0596676140585147
nan,nan,nan,nan,1.2537978430878431e-06,nan,16.850962995247816,0.0593437894488292
nan,nan,nan,nan,7.951548702055313e-07,nan,16.981935065850173,0.058886104329238
Name:	112.88378916846884_10_80_1
Lambda:	112.88378916846884	Maximal Depth:	10	Filter time:	10 to 80 [us]
Chi2:	0.118319465190719	RelRMS:	1.3470840989689798	AbsRMS:	3.210660277160091e-07	Phi model:	0.0047781781431954
depth_vector,start_model,resistivity_model,conductivity_model,E/I[V/A],modelled_thickness,rhoa,sigma
0.0,16.3321,14.958932266971749,0.066849691017582,0.0001083422853266,1.0,15.415692697828463,0.0648689630496374
1.0,16.3321,15.047110031886904,0.0664579442750708,6.907986284802563e-05,1.0,15.532277354148809,0.0643820591919118
2.0,16.3321,15.224027449072832,0.0656856408953007,4.651663544290258e-05,1.0,15.783422050227834,0.0633576164166227
3.0,16.3321,15.487740143387164,0.0645671990065621,2.887920893059776e-05,1.0,16.053682208729484,0.0622910050789613
4.0,16.3321,15.833944591914689,0.0631554565695923,1.709629659821141e-05,1.0,16.114794288466225,0.062054779111622
5.0,16.3321,16.25608336186715,0.0615154325761984,1.0986896378493864e-05,1.0,16.243361620158662,0.0615636112391267
6.0,16.3321,16.745470748986016,0.0597176403691459,7.520762110901474e-06,1.5,16.393224885206365,0.0610008102129083
7.5,16.3321,17.306325936256332,0.0577823394568701,4.7298155820304364e-06,1.5,16.57417392374672,0.0603348320465761
9.0,16.3321,17.907479539320935,0.0558425878864871,2.815964129702006e-06,nan,16.646045788920752,0.0600743271213142
nan,nan,nan,nan,1.8161800735883869e-06,nan,16.75577507226301,0.0596809157253112
nan,nan,nan,nan,1.254299603564704e-06,nan,16.846468741495148,0.0593596210187873
nan,nan,nan,nan,7.955340145208282e-07,nan,16.976539012747168,0.0589048214862364
Name:	143.8449888287663_10_80_1
Lambda:	143.8449888287663	Maximal Depth:	10	Filter time:	10 to 80 [us]
Chi2:	0.1170047111283858	RelRMS:	1.355044403170108	AbsRMS:	3.1310531098613175e-07	Phi model:	0.0046587818846562
depth_vector,start_model,resistivity_model,conductivity_model,E/I[V/A],modelled_thickness,rhoa,sigma
0.0,16.3321,14.976011579622844,0.0667734526434697,0.0001082681925448,1.0,15.422724996003,0.0648393847558821
1.0,16.3321,15.063332302208291,0.0663863732099569,6.9041221732357e-05,1.0,15.53807223571192,0.0643580480789406
2.0,16.3321,15.238501904085698,0.0656232486824628,4.649627315041436e-05,1.0,15.788029777275742,0.0633391255341647
3.0,16.3321,15.499513140335756,0.0645181555669391,2.8870806589596112e-05,1.0,16.056796819096775,0.0622789222076145
4.0,16.3321,15.84199396733041,0.0631233670497675,1.7093688288594096e-05,1.0,16.116433540855372,0.0620484673277736
5.0,16.3321,16.25931385331738,0.061503210345864,1.0986538570061692e-05,1.0,16.24371429297248,0.0615622746105938
6.0,16.3321,16.742730425734564,0.0597274145000233,7.521314659503234e-06,1.5,16.392421996809883,0.0610037979863262
7.5,16.3321,17.296049225717226,0.0578166717121223,4.730752261103609e-06,1.5,16.571986083650433,0.0603427974747443
9.0,16.3321,17.88829670821232,0.0559024716724936,2.8168523285418503e-06,nan,16.642546427711057,0.0600869587081293
nan,nan,nan,nan,1.816931500911685e-06,nan,16.75115496955189,0.0596973761998902
nan,nan,nan,nan,1.254920802307652e-06,nan,16.840908832186123,0.0593792181861832
nan,nan,nan,nan,7.960034948476652e-07,nan,16.96986321730747,0.0589279941266766
Name:	183.29807108324357_10_80_1
Lambda:	183.2980710832436	Maximal Depth:	10	Filter time:	10 to 80 [us]
Chi2:	0.1159463129916299	RelRMS:	1.3667549510107455	AbsRMS:	3.058391906763156e-07	Phi model:	0.0045127755500308
depth_vector,start_model,resistivity_model,conductivity_model,E/I[V/A],modelled_thickness,rhoa,sigma
0.0,16.3321,14.997579723474002,0.0666774251871329,0.0001081767129516,1.0,15.431418585075532,0.0648028562304147
1.0,16.3321,15.083767942054417,0.0662964322867857,6.899360666088713e-05,1.0,15.545220350661651,0.0643284544987126
2.0,16.3321,15.25662707261844,0.0655452869916924,4.647125200601287e-05,1.0,15.793696350552544,0.063316400277951
3.0,16.3321,15.514102341652077,0.0644574837768867,2.8860542247264063e-05,1.0,16.060603693550593,0.0622641601200561
4.0,16.3321,15.851766273010869,0.0630844527213724,1.7090546214587335e-05,1.0,16.118408803465414,0.0620408634743773
5.0,16.3321,16.26294421971779,0.0614894810244484,1.0986153992037491e-05,1.0,16.24409337250034,0.0615608379654417
6.0,16.3321,16.738863603942868,0.0597412120476594,7.522040297876871e-06,1.5,16.39136774723372,0.061007721589845
7.5,16.3321,17.282975979356593,0.0578604055918631,4.731938775116835e-06,1.5,16.569215730035307,0.0603528867203583
9.0,16.3321,17.86455209936788,0.0559767742531526,2.817967886418561e-06,nan,16.638153912805464,0.0601028218178914
nan,nan,nan,nan,1.8178720458231715e-06,nan,16.745376575152235,0.0597179762134378
nan,nan,nan,nan,1.2556969720402414e-06,nan,16.833968330361724,0.0594036997323085
nan,nan,nan,nan,7.965892289239867e-07,nan,16.961543541934684,0.058956898440738
Name:	233.57214690901213_10_80_1
Lambda:	233.57214690901213	Maximal Depth:	10	Filter time:	10 to 80 [us]
Chi2:	0.1154390368087986	RelRMS:	1.3835637915711063	AbsRMS:	3.010202901114298e-07	Phi model:	0.0043366023016093
depth_vector,start_model,resistivity_model,conductivity_model,E/I[V/A],modelled_thickness,rhoa,sigma
0.0,16.3321,15.0244734531378,0.0665580729413951,0.0001080643154848,1.0,15.44211685503798,0.0647579609316161
1.0,16.3321,15.10920566191978,0.0661848162223598,6.893513067071371e-05,1.0,15.554010195792545,0.0642921013559902
2.0,16.3321,15.27910773469459,0.0654488480193957,4.6440540903269504e-05,1.0,15.800658491503036,0.0632885015860421
3.0,16.3321,15.53207963940158,0.0643828787397672,2.884795497860752e-05,1.0,16.06527518436235,0.0622460548309425
4.0,16.3321,15.863655904714548,0.0630371716334825,1.7086697333071358e-05,1.0,16.120829225062717,0.0620315485040509
5.0,16.3321,16.26714184854741,0.0614736140687982,1.0985687133478476e-05,1.0,16.244553585880364,0.0615590939272835
6.0,16.3321,16.733774839820093,0.0597593794330479,7.522934779153107e-06,1.5,16.390068426110034,0.0610125579712016
7.5,16.3321,17.26666736006887,0.0579150555892802,4.733397416771655e-06,1.5,16.565811580388544,0.0603652887845139
9.0,16.3321,17.8355113619413,0.056067918643133,2.8193381080921445e-06,nan,16.632762622299026,0.0601223033544247
nan,nan,nan,nan,1.819026918257289e-06,nan,16.738288235592044,0.0597432656150355
nan,nan,nan,nan,1.2566498847775776e-06,nan,16.82545716584259,0.0594337491185739
nan,nan,nan,nan,7.973082527797725e-07,nan,16.951344568759804,0.0589923705428614
Name:	297.63514416313194_10_80_1
Lambda:	297.63514416313194	Maximal Depth:	10	Filter time:	10 to 80 [us]
Chi2:	0.1160286708541371	RelRMS:	1.4076533565916796	AbsRMS:	3.015282912054813e-07	Phi model:	0.0041266892167854
depth_vector,start_model,resistivity_model,conductivity_model,E/I[V/A],modelled_thickness,rhoa,sigma
0.0,16.3321,15.057561591763308,0.0664118153464511,0.0001079278105644,1.0,15.455134697409823,0.0647034153748005
1.0,16.3321,15.140468273810871,0.0660481553090232,6.886417243578734e-05,1.0,15.564693018864254,0.0642479744886718
2.0,16.3321,15.306669273603866,0.0653309993261882,4.640331972551937e-05,1.0,15.809106745144964,0.0632546807432433
3.0,16.3321,15.55402469537811,0.0642920414223818,2.883273969223188e-05,1.0,16.070926543930888,0.0622241659350776
4.0,16.3321,15.878046409025467,0.0629800401283356,1.7082075525384395e-05,1.0,16.12373691282704,0.0620203619921671
5.0,16.3321,16.27204551600044,0.0614550886682741,1.09851595202491e-05,1.0,16.24507372839651,0.0615571228988633
6.0,16.3321,16.727306879209657,0.0597824866382345,7.524051659666271e-06,1.5,16.3884464098719,0.0610185965765266
7.5,16.3321,17.246614919458583,0.0579823927576503,4.735190664086433e-06,1.5,16.56162892973866,0.0603805340792513
9.0,16.3321,17.800239215885302,0.0561790202857262,2.8210164653898927e-06,nan,16.626164885237685,0.0601461616014584
nan,nan,nan,nan,1.820439430144836e-06,nan,16.729628755072298,0.0597741895316599
nan,nan,nan,nan,1.2578145182294163e-06,nan,16.815069563542828,0.059470464646077
nan,nan,nan,nan,7.981865063181262e-07,nan,16.938907784685764,0.059035683570111
Name:	379.26901907322497_10_80_1
Lambda:	379.26901907322497	Maximal Depth:	10	Filter time:	10 to 80 [us]
Chi2:	0.1184945274997177	RelRMS:	1.4417076645708748	AbsRMS:	3.112265201453931e-07	Phi model:	0.0038805831559469
depth_vector,start_model,resistivity_model,conductivity_model,E/I[V/A],modelled_thickness,rhoa,sigma
0.0,16.3321,15.097736479376886,0.0662350943378813,0.0001077640675196,1.0,15.470786360828798,0.0646379554779417
1.0,16.3321,15.178397773669309,0.0658831066961987,6.877913590714677e-05,1.0,15.577519533370925,0.0641950727686619
2.0,16.3321,15.340052420740305,0.0651888254728493,4.635877729393947e-05,1.0,15.819231592841929,0.0632141955904161
3.0,16.3321,15.58052634610926,0.0641826840625136,2.8814590798623808e-05,1.0,16.077674026565308,0.0621980516800931
4.0,16.3321,15.89532530677196,0.0629115781338533,1.7076611049784648e-05,1.0,16.127176434806422,0.0620071346055192
5.0,16.3321,16.277794264930623,0.0614333848753962,1.0984588558885565e-05,1.0,16.245636652172013,0.0615549898973212
6.0,16.3321,16.71930599993743,0.0598110950301252,7.525440634099538e-06,1.5,16.386429798534223,0.0610261058872903
7.5,16.3321,17.22231984609168,0.0580641869931903,4.737377829219022e-06,1.5,16.556531059641397,0.0603991256621155
9.0,16.3321,17.757850302769207,0.0563131225317321,2.8230541647547706e-06,nan,16.618163337822686,0.0601751216227376
nan,nan,nan,nan,1.8221512387089075e-06,nan,16.719149417245628,0.0598116551891396
nan,nan,nan,nan,1.2592246022920625e-06,nan,16.802514170868125,0.0595149029383817
nan,nan,nan,nan,7.992490663841482e-07,nan,16.923891524945002,0.0590880648535266
Name:	483.2930238571752_10_80_1
Lambda:	483.2930238571752	Maximal Depth:	10	Filter time:	10 to 80 [us]
Chi2:	0.1239037803168322	RelRMS:	1.4888600532859766	AbsRMS:	3.342505534379404e-07	Phi model:	0.0035976281542228
depth_vector,start_model,resistivity_model,conductivity_model,E/I[V/A],modelled_thickness,rhoa,sigma
0.0,16.3321,15.145823297456742,0.0660248030338448,0.0001075704706988,1.0,15.489342862218416,0.0645605180862255
1.0,16.3321,15.223771219418166,0.0656867464432521,6.867870281769774e-05,1.0,15.592702477386716,0.0641325646692898
2.0,16.3321,15.379937980639424,0.065019768041901,4.630625641158224e-05,1.0,15.83119085547769,0.0631664420654744
3.0,16.3321,15.612122389671628,0.0640527901998488,2.879327381357656e-05,1.0,16.085608408820764,0.0621673718882548
4.0,16.3321,15.915843366765214,0.0628304750779438,1.7070262920316535e-05,1.0,16.131174461866618,0.0619917664621355
5.0,16.3321,16.284511774581002,0.0614080430437546,1.098400281166544e-05,1.0,16.246214204338724,0.0615528016202654
6.0,16.3321,16.709633768713974,0.059845716180347,7.527154652461499e-06,1.5,16.383942120351477,0.0610353718692548
7.5,16.3321,17.19334104173352,0.0581620522487568,4.7400170933146986e-06,1.5,16.550384652256522,0.0604215564176423
9.0,16.3321,17.707575490384066,0.0564730050448205,2.825500017499186e-06,nan,16.6085717737445,0.0602098731680733
nan,nan,nan,nan,1.8242015427644103e-06,nan,16.706619455098597,0.0598565139217806
nan,nan,nan,nan,1.2609116523697773e-06,nan,16.78752342578816,0.0595680479268222
nan,nan,nan,nan,8.00519231559885e-07,nan,16.90598495848363,0.0591506500482356
Name:	615.8482110660261_10_80_1
Lambda:	615.8482110660261	Maximal Depth:	10	Filter time:	10 to 80 [us]
Chi2:	0.1336205861890219	RelRMS:	1.552396931511808	AbsRMS:	3.73705581409089e-07	Phi model:	0.0032797751386247
depth_vector,start_model,resistivity_model,conductivity_model,E/I[V/A],modelled_thickness,rhoa,sigma
0.0,16.3321,15.20246266547822,0.0657788163670878,0.0001073454193065,1.0,15.510984408376842,0.0644704406678367
1.0,16.3321,15.277189953708824,0.0654570639646482,6.856209531732062e-05,1.0,15.610377073893552,0.0640599516120836
2.0,16.3321,15.42684948195381,0.0648220494514963,4.624539396762635e-05,1.0,15.84507784200412,0.0631110815592886
3.0,16.3321,15.649222578242714,0.0639009378900592,2.876868497109969e-05,1.0,16.094772775556873,0.0621319737746592
4.0,16.3321,15.939864829330803,0.0627357892119579,1.7063039088737695e-05,1.0,16.13572701807177,0.0619742760199162
5.0,16.3321,16.29229056670528,0.0613787236304014,1.0983446565926529e-05,1.0,16.246762715293805,0.061550723520979
6.0,16.3321,16.698191142722152,0.0598867261401452,7.529247967531981e-06,1.5,16.380905221888185,0.0610466873749931
7.5,16.3321,17.159366564130124,0.0582772094915436,4.743160540696508e-06,1.5,16.543071524083384,0.0604482667287148
9.0,16.3321,17.64888107860972,0.0566608158072973,2.828395402515051e-06,nan,16.5972352121336,0.0602509988693139
nan,nan,nan,nan,1.8266227100290456e-06,nan,16.691853237981555,0.0599094651590001
nan,nan,nan,nan,1.2629013053100168e-06,nan,16.769886723287097,0.0596306949772877
nan,nan,nan,nan,8.020157241955098e-07,nan,16.884948333226692,0.0592243446805324
Name:	784.7599703514607_10_80_1
Lambda:	784.7599703514607	Maximal Depth:	10	Filter time:	10 to 80 [us]
Chi2:	0.1492452612792824	RelRMS:	1.6352238800636898	AbsRMS:	4.306387052365005e-07	Phi model:	0.0029322907684781
depth_vector,start_model,resistivity_model,conductivity_model,E/I[V/A],modelled_thickness,rhoa,sigma
0.0,16.3321,15.26796758223548,0.0654966022565777,0.0001070888721151,1.0,15.535747095434276,0.0643676801544925
1.0,16.3321,15.338944880952932,0.0651935323949006,6.842935689533877e-05,1.0,15.630557764224552,0.0639772434921557
2.0,16.3321,15.48103526148467,0.0645951632503482,4.617626650767913e-05,1.0,15.860887650191536,0.0630481737248749
3.0,16.3321,15.692015931474211,0.0637266750407927,2.874090902411356e-05,1.0,16.105140705106237,0.0620919753705066
4.0,16.3321,15.967508125007024,0.0626271796557836,1.7055012566740165e-05,1.0,16.14078920964075,0.0619548391972499
5.0,16.3321,16.30117383218667,0.0613452755178587,1.0982980107702492e-05,1.0,16.247222722952035,0.0615489808351876
6.0,16.3321,16.68494840339182,0.0599342578606184,7.531770211175535e-06,1.5,16.37724791961798,0.0610603200799152
7.5,16.3321,17.12029884287359,0.058410195358024,4.746845917846428e-06,1.5,16.534507893889966,0.0604795743796845
9.0,16.3321,17.581613520569313,0.0568776010705767,2.831766826094076e-06,nan,16.584059122717232,0.060298868485712
nan,nan,nan,nan,1.829434107149044e-06,nan,16.67474796464326,0.0599709214268411
nan,nan,nan,nan,1.2652082714418446e-06,nan,16.749495178173206,0.0597032919119336
nan,nan,nan,nan,8.037489070160668e-07,nan,16.86066609796733,0.0593096378393115
Name:	1000.0_10_80_1
Lambda:	1000.0	Maximal Depth:	10	Filter time:	10.0 to 80.0 [us]
Chi2:	0.1724563121906875	RelRMS:	1.7391784289376484	AbsRMS:	5.039816426726876e-07	Phi model:	0.002564086895182784
depth_vector,start_model,resistivity_model,conductivity_model,E/I[V/A],modelled_thickness,rhoa,sigma
0.0,16.3321,15.3421718362338,0.06517982008507345,0.00010680285136784372,1.0,15.563471480276462,0.06425301715412894
1.0,16.3321,15.408874017235066,0.06489766863441705,6.828160826254678e-05,1.0,15.653097376757804,0.06388511972619748
2.0,16.3321,15.542344315226025,0.06434035816722655,4.609951951236227e-05,1.0,15.87848635804673,0.06297829512529263
3.0,16.3321,15.740373751120934,0.0635308929642656,2.8710267257252852e-05,1.0,16.1165977498934,0.06204783512739928
4.0,16.3321,15.998684307077044,0.06250513984813416,1.704633181952315e-05,1.0,16.146268481198376,0.06193381468693254
5.0,16.3321,16.311136624431576,0.061307806011639536,1.0982676310944076e-05,1.0,16.247522336070098,0.061547845838621384
6.0,16.3321,16.669975270430808,0.059988091390501305,7.53475792921613e-06,1.5,16.372918310642845,0.06107646670111171
7.5,16.3321,17.07633965518267,0.0585605592411896,4.751086759995724e-06,1.5,16.524667243769837,0.06051559073766051
9.0,16.3321,17.5061417007713,0.05712280964548238,2.8356174704119105e-06,nan,16.56904210544819,0.06035351914949764
nan,nan,nan,nan,1.8326352508633165e-06,nan,16.65532463554211,0.06004085911757139
nan,nan,nan,nan,1.2678308005248173e-06,nan,16.726389468392362,0.05978576559452276
nan,nan,nan,nan,8.057166760694026e-07,nan,16.833202832471567,0.05940640114375507
