Name:	10.0_10_80_1
Lambda:	10	Maximal Depth:	10	Filter time:	10 to 80 [us]
Chi2:	0.2011571648088923	RelRMS:	1.309874519741319	AbsRMS:	3.867601533416662e-07	Phi model:	0.0061574091619759
depth_vector,start_model,resistivity_model,conductivity_model,E/I[V/A],modelled_thickness,rhoa,sigma
0.0,15.8958,14.353859694440366,0.0696676727575459,0.0001135730287347,1.0,14.938657401469976,0.066940419953777
1.0,15.8958,14.459622434778046,0.0691580990105811,7.23172480288019e-05,1.0,15.065198350355486,0.0663781502735012
2.0,15.8958,14.670401744850444,0.0681644591192614,4.863219753200648e-05,1.0,15.322305008198194,0.0652643319307996
3.0,15.8958,14.980640802178144,0.0667528187348703,3.014424238324761e-05,1.0,15.601341428982902,0.0640970524587252
4.0,15.8958,15.381015022511924,0.0650152150905764,1.781806645339029e-05,1.0,15.676619312827352,0.0637892634913799
5.0,15.8958,15.85953228944624,0.063053561842139,1.1435611746682094e-05,1.0,15.815623965834678,0.0632286150808988
6.0,15.8958,16.40279486329268,0.0609652201551255,7.81876587479206e-06,1.5,15.973993079169052,0.0626017549302718
7.5,15.8958,17.007993296390485,0.0587958839454754,4.910459011296087e-06,1.5,16.165158609222203,0.0618614406560478
9.0,15.8958,17.650443941313767,0.0566557987620546,2.9197035772500944e-06,nan,16.249374794703886,0.0615408292709161
nan,nan,nan,nan,1.881030239150619e-06,nan,16.368414263427976,0.0610932729283559
nan,nan,nan,nan,1.2979099940758356e-06,nan,16.46695705037648,0.0607276740287081
nan,nan,nan,nan,8.223248723806195e-07,nan,16.60578359378591,0.0602199826555738
Name:	12.742749857031335_10_80_1
Lambda:	12.742749857031336	Maximal Depth:	10	Filter time:	10 to 80 [us]
Chi2:	0.2005841566529172	RelRMS:	1.3088028820091249	AbsRMS:	3.8490577076492346e-07	Phi model:	0.0061396669630156
depth_vector,start_model,resistivity_model,conductivity_model,E/I[V/A],modelled_thickness,rhoa,sigma
0.0,15.8958,14.36149981812718,0.0696306104977833,0.0001135605175376,1.0,14.939754596508047,0.0669355037621391
1.0,15.8958,14.46576112229704,0.06912875109341,7.231101658852509e-05,1.0,15.066063838906924,0.0663743370990888
2.0,15.8958,14.673819368742745,0.0681485831923308,4.862907897161522e-05,1.0,15.322960076095889,0.0652615418322481
3.0,15.8958,14.98077580628366,0.0667522171702584,3.0143024211774708e-05,1.0,15.601761757987882,0.0640953256120587
4.0,15.8958,15.378155670027764,0.0650273037584743,1.7817657730632534e-05,1.0,15.6768590512815,0.0637882879937136
5.0,15.8958,15.854794232395552,0.0630724048096906,1.1435514166922051e-05,1.0,15.81571393599688,0.0632282553950334
6.0,15.8958,16.397850879249983,0.060983601287984,7.818799686450372e-06,1.5,15.973947027122977,0.0626019354078268
7.5,15.8958,17.0050836225944,0.0588059442807628,4.910547962806907e-06,1.5,16.164963394128357,0.0618621877215776
9.0,15.8958,17.64897406255521,0.0566605172887437,2.9197873585649355e-06,nan,16.24906395003628,0.0615420065472612
nan,nan,nan,nan,1.881100701879739e-06,nan,16.368005506172246,0.0610947986071307
nan,nan,nan,nan,1.2979684332267434e-06,nan,16.466462779388724,0.0607294968808791
nan,nan,nan,nan,8.223687091492e-07,nan,16.605193468900893,0.0602221227878407
Name:	16.237767391887218_10_80_1
Lambda:	16.237767391887218	Maximal Depth:	10	Filter time:	10 to 80 [us]
Chi2:	0.1999378680553149	RelRMS:	1.307690892944834	AbsRMS:	3.8275625933317803e-07	Phi model:	0.0061178389263327
depth_vector,start_model,resistivity_model,conductivity_model,E/I[V/A],modelled_thickness,rhoa,sigma
0.0,15.8958,14.368800967293431,0.0695952294332854,0.0001135459037194,1.0,14.94103644034564,0.0669297611308728
1.0,15.8958,14.471772496588104,0.0691000359655848,7.230366071029241e-05,1.0,15.067085661323745,0.0663698357119543
2.0,15.8958,14.677474367220048,0.0681316127680216,4.8625355101291446e-05,1.0,15.323742383843127,0.065258210099797
3.0,15.8958,14.98153909264827,0.0667488162475055,3.014155617514797e-05,1.0,15.60226834036541,0.0640932445324536
4.0,15.8958,15.376181508844878,0.0650356526699927,1.7817183273675352e-05,1.0,15.677137357967,0.0637871555990295
5.0,15.8958,15.85091769131701,0.0630878299587531,1.1435421243239224e-05,1.0,15.815799614367842,0.0632279128708453
6.0,15.8958,16.393388043048564,0.0610002030924924,7.81886487441944e-06,1.5,15.973858240951888,0.062602283362971
7.5,15.8958,17.00188667454993,0.0588170018505591,4.910678324760792e-06,1.5,16.164677309342387,0.0618632825674812
9.0,15.8958,17.64673842592499,0.0566676955176538,2.919908877769073e-06,nan,16.24861311701415,0.0615437140879972
nan,nan,nan,nan,1.8812025852054333e-06,nan,16.367414521836956,0.0610970045797903
nan,nan,nan,nan,1.298052568073181e-06,nan,16.465751242574314,0.0607321211931327
nan,nan,nan,nan,8.224318467211823e-07,nan,16.6043436112364,0.0602252051278489
Name:	20.6913808111479_10_80_1
Lambda:	20.6913808111479	Maximal Depth:	10	Filter time:	10 to 80 [us]
Chi2:	0.1992041943567083	RelRMS:	1.3065327197139134	AbsRMS:	3.8026269165830163e-07	Phi model:	0.0060909708712631
depth_vector,start_model,resistivity_model,conductivity_model,E/I[V/A],modelled_thickness,rhoa,sigma
0.0,15.8958,14.375987388062187,0.0695604394332176,0.0001135286856719,1.0,14.942547065736033,0.066922994828174
1.0,15.8958,14.477835504329798,0.0690710983489856,7.229492637357503e-05,1.0,15.06829919369137,0.0663644905868785
2.0,15.8958,14.6814681857991,0.0681130788382095,4.86208970545106e-05,1.0,15.32467905813526,0.0652542213906359
3.0,15.8958,14.98294354252114,0.0667425594418099,3.0139788487780768e-05,1.0,15.602878379219778,0.0640907386249847
4.0,15.8958,15.375033624133454,0.0650405081671072,1.781662911581648e-05,1.0,15.677462431199803,0.0637858329680889
5.0,15.8958,15.847811243743395,0.0631001962744093,1.14353325210348e-05,1.0,15.815881419934902,0.0632275858327797
6.0,15.8958,16.389321644713686,0.0610153380156857,7.81896630494705e-06,1.5,15.973720094781903,0.0626028247688318
7.5,15.8958,16.99835093570535,0.0588292360701579,4.910856885102407e-06,1.5,16.164285471711082,0.0618647821922031
9.0,15.8958,17.643627434509135,0.0566776873810031,2.9200741610690056e-06,nan,16.24799997054748,0.0615460365468172
nan,nan,nan,nan,1.881340846417084e-06,nan,16.3666126092767,0.0610999981409221
nan,nan,nan,nan,1.2981664416557924e-06,nan,16.464788324704095,0.0607356730180114
nan,nan,nan,nan,8.225173000953789e-07,nan,16.603193546868823,0.0602293767868886
Name:	26.366508987303583_10_80_1
Lambda:	26.366508987303583	Maximal Depth:	10	Filter time:	10 to 80 [us]
Chi2:	0.1983543383440259	RelRMS:	1.3053110909047154	AbsRMS:	3.7732846875483866e-07	Phi model:	0.0060574325144593
depth_vector,start_model,resistivity_model,conductivity_model,E/I[V/A],modelled_thickness,rhoa,sigma
0.0,15.8958,14.38335193561974,0.0695248231758512,0.0001135079423495,1.0,14.944367488310128,0.0669148427179822
1.0,15.8958,14.4842004285492,0.0690407458066475,7.228433841444108e-05,1.0,15.069770592567542,0.0663580108175769
2.0,15.8958,14.68597324635813,0.0680921845100039,4.86154577940282e-05,1.0,15.325822087817969,0.0652493546036182
3.0,15.8958,14.9850679384622,0.0667330975145797,3.0137621400688707e-05,1.0,15.60362633453388,0.0640876664539706
4.0,15.8958,15.374704474735085,0.0650419005869854,1.781596513219363e-05,1.0,15.677851951257304,0.0637842481935035
5.0,15.8958,15.845408529678007,0.0631097644549225,1.143524467550396e-05,1.0,15.815962418214614,0.0632272620253788
6.0,15.8958,16.385564699242035,0.0610293278477157,7.819111420450473e-06,1.5,15.9735224558194,0.062603599347975
7.5,15.8958,16.994387602163208,0.0588429558869606,4.911095433537441e-06,1.5,16.163762031639273,0.0618667855937609
9.0,15.8958,17.639425060412226,0.0566911901365922,2.920294137948106e-06,nan,16.24718401867645,0.0615491274580555
nan,nan,nan,nan,1.881524645166197e-06,nan,16.365546731873994,0.0611039775440176
nan,nan,nan,nan,1.2983175925602786e-06,nan,16.46351040628983,0.0607403873974503
nan,nan,nan,nan,8.226307410509426e-07,nan,16.601667122485207,0.0602349145192536
Name:	33.59818286283781_10_80_1
Lambda:	33.59818286283781	Maximal Depth:	10	Filter time:	10 to 80 [us]
Chi2:	0.1973609719843174	RelRMS:	1.304027805289414	AbsRMS:	3.7386628832621524e-07	Phi model:	0.0060153949929565
depth_vector,start_model,resistivity_model,conductivity_model,E/I[V/A],modelled_thickness,rhoa,sigma
0.0,15.8958,14.391222906617529,0.0694867980635731,0.0001134826059304,1.0,14.946591750892653,0.0669048848504393
1.0,15.8958,14.49115349609525,0.0690076190463,7.227134795895264e-05,1.0,15.071576354929402,0.0663500603022811
2.0,15.8958,14.691198338285105,0.0680679667494523,4.860875340791434e-05,1.0,15.327231269769106,0.0652433555936723
3.0,15.8958,14.98802398601302,0.0667199359257237,3.0134941432980106e-05,1.0,15.6045514310704,0.0640838670959095
4.0,15.8958,15.375208720597284,0.0650397674706267,1.7815157779191603e-05,1.0,15.678325610276357,0.0637823212030084
5.0,15.8958,15.843645032929844,0.0631167889662747,1.1435154756261498e-05,1.0,15.816045329641462,0.063226930573211
6.0,15.8958,16.382000552551457,0.0610426056812855,7.819309470196181e-06,1.5,15.973252733330716,0.0626046564650756
7.5,15.8958,16.98984986717809,0.0588586719610662,4.911408006779266e-06,1.5,16.163076225168094,0.0618694106288297
9.0,15.8958,17.633883704745408,0.0567090050463978,2.9205816624880246e-06,nan,16.24611766927479,0.0615531673694099
nan,nan,nan,nan,1.88176469770589e-06,nan,16.36415489133449,0.0611091746955745
nan,nan,nan,nan,1.298514816365793e-06,nan,16.4618433333469,0.0607465385103192
nan,nan,nan,nan,8.227787703484397e-07,nan,16.59967581618952,0.0602421403329279
Name:	42.81332398719393_10_80_1
Lambda:	42.81332398719393	Maximal Depth:	10	Filter time:	10 to 80 [us]
Chi2:	0.1961980940939588	RelRMS:	1.3027142198851644	AbsRMS:	3.698022698407893e-07	Phi model:	0.0059626548598914
depth_vector,start_model,resistivity_model,conductivity_model,E/I[V/A],modelled_thickness,rhoa,sigma
0.0,15.8958,14.399977704966012,0.0694445519631004,0.0001134513634241,1.0,14.949335643622469,0.066892604717629
1.0,15.8958,14.499030333956552,0.0689701295167313,7.225527989842015e-05,1.0,15.073810674015768,0.0663402255491904
2.0,15.8958,14.69740088901734,0.0680392409209748,4.860043470741951e-05,1.0,15.328980211728956,0.0652359117297868
3.0,15.8958,14.99196746176189,0.0667023859643888,3.013160927625352e-05,1.0,15.605701847614192,0.0640791429802229
4.0,15.8958,15.37659361137258,0.0650339096729718,1.781416634103574e-05,1.0,15.678907317581766,0.063779954798166
5.0,15.8958,15.842468200674364,0.0631214774953711,1.1435059712524304e-05,1.0,15.816132967369128,0.0632265802306504
6.0,15.8958,16.37849495205663,0.061055671044697,7.819572358844406e-06,1.5,15.972894724805832,0.0626060596547352
7.5,15.8958,16.9845403605179,0.0588770716648058,4.911812316135216e-06,1.5,16.16218925145749,0.0618728059943872
9.0,15.8958,17.626694275277202,0.0567321350437544,2.920952892659941e-06,nan,16.244741137475287,0.0615583832045856
nan,nan,nan,nan,1.882074452952876e-06,nan,16.362359347102856,0.061115880588276
nan,nan,nan,nan,1.2987691402845989e-06,nan,16.459694233337895,0.0607544700298608
nan,nan,nan,nan,8.229696577324566e-07,nan,16.59710885950194,0.0602514575559642
Name:	54.5559478116852_10_80_1
Lambda:	54.5559478116852	Maximal Depth:	10	Filter time:	10 to 80 [us]
Chi2:	0.1948461347792016	RelRMS:	1.301454895213334	AbsRMS:	3.651024136490805e-07	Phi model:	0.0058965761142365
depth_vector,start_model,resistivity_model,conductivity_model,E/I[V/A],modelled_thickness,rhoa,sigma
0.0,15.8958,14.410051027166128,0.0693960068645682,0.0001134126185398,1.0,14.952740187213749,0.06687737414545
1.0,15.8958,14.508223426690869,0.0689264267987694,7.223531321894941e-05,1.0,15.076588263618168,0.066328003558546
2.0,15.8958,14.70489317042922,0.068004574287622,4.85900771003148e-05,1.0,15.331158515388935,0.0652266427873817
3.0,15.8958,14.997103043624112,0.0666795445154416,3.012745592721246e-05,1.0,15.607136075091075,0.0640732543875231
4.0,15.8958,15.378942710381926,0.0650239758891179,1.7812942073961062e-05,1.0,15.679625707242687,0.0637770326072313
5.0,15.8958,15.841840481341066,0.0631239786297448,1.1434956653411598e-05,1.0,15.816227997269168,0.063226200341362
6.0,15.8958,16.374898263706122,0.0610690817063843,7.819915315656601e-06,1.5,15.972427707549045,0.0626078901911304
7.5,15.8958,16.978210018823138,0.0588990240367704,4.9123305377507605e-06,1.5,16.161052554998143,0.0618771578519945
9.0,15.8958,17.617474151755637,0.0567618258659597,2.921427975278377e-06,nan,16.24297994319898,0.0615650578586539
nan,nan,nan,nan,1.8824706511270405e-06,nan,16.36006344081034,0.0611244573480986
nan,nan,nan,nan,1.2990942760757849e-06,nan,16.456947776792923,0.0607646091828868
nan,nan,nan,nan,8.2321367950112e-07,nan,16.593828823325037,0.0602633672220575
Name:	69.51927961775606_10_80_1
Lambda:	69.51927961775606	Maximal Depth:	10	Filter time:	10 to 80 [us]
Chi2:	0.1933001977284256	RelRMS:	1.3004241180870986	AbsRMS:	3.5981784448592773e-07	Phi model:	0.0058140348908768
depth_vector,start_model,resistivity_model,conductivity_model,E/I[V/A],modelled_thickness,rhoa,sigma
0.0,15.8958,14.421945693965156,0.0693387717039073,0.000113364446925,1.0,14.956975769341463,0.0668584355167427
1.0,15.8958,14.519192044925513,0.0688743558805327,7.221045805940435e-05,1.0,15.08004768415734,0.0663127876611803
2.0,15.8958,14.714050580940569,0.0679622510809716,4.857716887455879e-05,1.0,15.333874321962108,0.065215090394196
3.0,15.8958,15.003690562142086,0.066650268202894,3.012227827412741e-05,1.0,15.60892447504087,0.0640659131639101
4.0,15.8958,15.382380115811117,0.0650094453830411,1.7811427254608076e-05,1.0,15.68051470445666,0.0637734168072801
5.0,15.8958,15.841741723356147,0.0631243721468869,1.1434843171974304e-05,1.0,15.816332639154211,0.0632257820327099
6.0,15.8958,16.37104612191408,0.0610834513905261,7.820357684073893e-06,1.5,15.971825368162044,0.0626102512987264
7.5,15.8958,16.97055512762426,0.0589255915601855,4.912990235498804e-06,1.5,16.1596058259424,0.0618826975590341
9.0,15.8958,17.60575375943782,0.0567996129937882,2.922031841789952e-06,nan,16.240742018805207,0.0615735413346321
nan,nan,nan,nan,1.8829739707402088e-06,nan,16.357147943724566,0.0611353521677751
nan,nan,nan,nan,1.2995071432399322e-06,nan,16.45346189461172,0.0607774829640858
nan,nan,nan,nan,8.235235070017457e-07,nan,16.58966658881782,0.060278486890993
Name:	88.58667904100822_10_80_1
Lambda:	88.58667904100822	Maximal Depth:	10	Filter time:	10 to 80 [us]
Chi2:	0.1915834373860372	RelRMS:	1.299941709777949	AbsRMS:	3.541612040201357e-07	Phi model:	0.0057113935723464
depth_vector,start_model,resistivity_model,conductivity_model,E/I[V/A],modelled_thickness,rhoa,sigma
0.0,15.8958,14.436244086741496,0.0692700950462882,0.0001133045572604,1.0,14.962245868442585,0.0668348862057624
1.0,15.8958,14.532472675297884,0.0688114144332634,7.217953615487333e-05,1.0,15.084354264957495,0.0662938553706009
2.0,15.8958,14.7253202120729,0.0679102379845109,4.85611015095309e-05,1.0,15.337256471653316,0.0652007092564582
3.0,15.8958,15.012051181748449,0.0666131488557535,3.011583572460512e-05,1.0,15.611150495148513,0.0640567778980012
4.0,15.8958,15.387074120831738,0.0649896134994341,1.7809554696670017e-05,1.0,15.6816138207553,0.0637689469610874
5.0,15.8958,15.842170455600408,0.0631226638295946,1.143471788677055e-05,1.0,15.816448167370323,0.0632253202120955
6.0,15.8958,16.366758441339535,0.0610994537240909,7.820923810912118e-06,1.5,15.971054599191918,0.0626132728924861
7.5,15.8958,16.961213065293236,0.0589580471721237,4.913825307774223e-06,1.5,16.1577749616353,0.0618897095902362
9.0,15.8958,17.590964822790443,0.0568473651146424,2.922794994191756e-06,nan,16.23791488456645,0.061584261717646
nan,nan,nan,nan,1.8836096566518528e-06,nan,16.353467565676056,0.0611491107915778
nan,nan,nan,nan,1.3000283724864513e-06,nan,16.44906373484655,0.0607937336811181
nan,nan,nan,nan,8.239145778591674e-07,nan,16.584416652595838,0.0602975685517088
Name:	112.88378916846884_10_80_1
Lambda:	112.88378916846884	Maximal Depth:	10	Filter time:	10 to 80 [us]
Chi2:	0.1897676263723095	RelRMS:	1.3005549793253073	AbsRMS:	3.486282300351592e-07	Phi model:	0.0055845237404291
depth_vector,start_model,resistivity_model,conductivity_model,E/I[V/A],modelled_thickness,rhoa,sigma
0.0,15.8958,14.453618375192825,0.0691868274117663,0.0001132302660398,1.0,14.968789713598651,0.0668056682693279
1.0,15.8958,14.548688270582366,0.0687347189933275,7.214116873323577e-05,1.0,15.089702080474195,0.066270360717988
2.0,15.8958,14.73922828488781,0.0678461572527039,4.854116416141311e-05,1.0,15.3414558393179,0.0651828620747417
3.0,15.8958,15.022572510256648,0.0665664951403796,3.0107848782782345e-05,1.0,15.613911233489151,0.064045451843941
4.0,15.8958,15.39323987603119,0.0649635819394395,1.7807248055116484e-05,1.0,15.682967991487162,0.0637634407302755
5.0,15.8958,15.843144314665263,0.0631187837552136,1.1434581285977534e-05,1.0,15.81657413234194,0.063224816678549
6.0,15.8958,16.36183793244125,0.0611178282127621,7.821644020700642e-06,1.5,15.970074184132065,0.0626171167691634
7.5,15.8958,16.949758632119185,0.0589978902770353,4.914876898063931e-06,1.5,16.155470127343182,0.0618985391398481
9.0,15.8958,17.572431876262037,0.0569073197746103,2.923754219061114e-06,nan,16.234363135131545,0.0615977351052334
nan,nan,nan,nan,1.8844080745113328e-06,nan,16.348847963744753,0.0611663893515679
nan,nan,nan,nan,1.3006827429919232e-06,nan,16.443546281314497,0.0608141323588052
nan,nan,nan,nan,8.244054145788091e-07,nan,16.577833282733934,0.0603215138519649
Name:	143.8449888287663_10_80_1
Lambda:	143.8449888287663	Maximal Depth:	10	Filter time:	10 to 80 [us]
Chi2:	0.1880146937348485	RelRMS:	1.303194709999589	AbsRMS:	3.441845866350245e-07	Phi model:	0.0054288360863459
depth_vector,start_model,resistivity_model,conductivity_model,E/I[V/A],modelled_thickness,rhoa,sigma
0.0,15.8958,14.474831210768937,0.0690854342575009,0.0001131385814834,1.0,14.976875499679194,0.0667696009105116
1.0,15.8958,14.568547590235756,0.0686410222986283,7.209383524095924e-05,1.0,15.096306160284,0.066241369867739
2.0,15.8958,14.756378332939084,0.0677673055974586,4.851658676230959e-05,1.0,15.346636490319936,0.0651608579268011
3.0,15.8958,15.03570507467856,0.0665083542829053,3.009802862355428e-05,1.0,15.617307308797136,0.0640315247838342
4.0,15.8958,15.401134507745049,0.0649302815644595,1.7804441063437463e-05,1.0,15.684616299488956,0.0637567397828267
5.0,15.8958,15.844694330576468,0.0631126091255821,1.1434449080477452e-05,1.0,15.816696046629112,0.0632243293448837
6.0,15.8958,16.356061711229373,0.061139412265328,7.822564361485464e-06,1.5,15.968821551521176,0.0626220286057828
7.5,15.8958,16.93569725650582,0.0590468750624277,4.916199989062001e-06,1.5,16.152571395797715,0.0619096474175103
9.0,15.8958,17.549345531330513,0.0569821819403304,2.92495679295014e-06,nan,16.22991307298743,0.0616146245209636
nan,nan,nan,nan,1.88540757638395e-06,nan,16.343069496719217,0.061188016131287
nan,nan,nan,nan,1.3015012492106608e-06,nan,16.436651394341453,0.0608396428206942
nan,nan,nan,nan,8.250190012451949e-07,nan,16.569612705418532,0.0603514407837054
Name:	183.29807108324357_10_80_1
Lambda:	183.2980710832436	Maximal Depth:	10	Filter time:	10 to 80 [us]
Chi2:	0.1865626208478752	RelRMS:	1.3091183898869814	AbsRMS:	3.424483624321221e-07	Phi model:	0.0052398664060378
depth_vector,start_model,resistivity_model,conductivity_model,E/I[V/A],modelled_thickness,rhoa,sigma
0.0,15.8958,14.500758423004516,0.0689619101862675,0.0001130258617348,1.0,14.986831387277816,0.0667252452609089
1.0,15.8958,14.592870589462068,0.0685266133122655,7.203563060741786e-05,1.0,15.10443692071501,0.0662057119539853
2.0,15.8958,14.777475143951357,0.0676705587563999,4.8486359809367545e-05,1.0,15.353014007295185,0.0651337906371242
3.0,15.8958,15.051986311703075,0.066436414390205,3.008595209119224e-05,1.0,15.621486231488005,0.0640143956331321
4.0,15.8958,15.41108060645062,0.0648883764569649,1.7800995658072525e-05,1.0,15.686640085839104,0.0637485143107692
5.0,15.8958,15.846888781895297,0.0631038693943808,1.1434295142868955e-05,1.0,15.816838004302362,0.0632237619003234
6.0,15.8958,16.34921921384218,0.0611650004150255,7.823704863297881e-06,1.5,15.967269608824276,0.0626281151692555
7.5,15.8958,16.918500037771572,0.0591068946873209,4.917835129038399e-06,1.5,16.148990798733166,0.0619233741887107
9.0,15.8958,17.520893313314218,0.0570747154336071,2.926442471662214e-06,nan,16.22441960500716,0.0616354867752176
nan,nan,nan,nan,1.886642248961664e-06,nan,16.335938471118904,0.0612147261553383
nan,nan,nan,nan,1.3025122792769118e-06,nan,16.42814470584117,0.0608711463105411
nan,nan,nan,nan,8.257769208648547e-07,nan,16.559472471736502,0.0603883971368524
Name:	233.57214690901213_10_80_1
Lambda:	233.57214690901213	Maximal Depth:	10	Filter time:	10 to 80 [us]
Chi2:	0.1858858338171065	RelRMS:	1.3204664179915775	AbsRMS:	3.4596828617510897e-07	Phi model:	0.0050129731732022
depth_vector,start_model,resistivity_model,conductivity_model,E/I[V/A],modelled_thickness,rhoa,sigma
0.0,15.8958,14.532322915826322,0.0688121235532797,0.000112888698519,1.0,14.998968568777626,0.0666712511206693
1.0,15.8958,14.622516980669324,0.0683876791746578,7.196485535053488e-05,1.0,15.114338469182512,0.0661623399554639
2.0,15.8958,14.803256711519374,0.067552702725329,4.844965024160371e-05,1.0,15.36076819275084,0.0651009108041827
3.0,15.8958,15.071974420976712,0.0663483079302623,3.007133499207487e-05,1.0,15.626548024675886,0.063993659919062
4.0,15.8958,15.42340583689226,0.0648365225278604,1.7796873429679362e-05,1.0,15.689062287220128,0.0637386723115104
5.0,15.8958,15.849780805388102,0.0630923551737732,1.1434167241081145e-05,1.0,15.816955954771576,0.0632232904270258
6.0,15.8958,16.341046286282467,0.0611955919150325,7.825142133579837e-06,1.5,15.965314374079057,0.062635785088177
7.5,15.8958,16.89756217845577,0.0591801343554155,4.91986297685438e-06,1.5,16.144553013111672,0.0619403955741517
9.0,15.8958,17.48605390283595,0.0571884317386106,2.928277537642712e-06,nan,16.21764065035173,0.0616612503359612
nan,nan,nan,nan,1.8881647306753529e-06,nan,16.3271558648196,0.0612476544157159
nan,nan,nan,nan,1.303757861138384e-06,nan,16.417679644645833,0.0609099471816117
nan,nan,nan,nan,8.267100276836779e-07,nan,16.547009686034485,0.0604338801375084
Name:	297.63514416313194_10_80_1
Lambda:	297.63514416313194	Maximal Depth:	10	Filter time:	10 to 80 [us]
Chi2:	0.1866549841105256	RelRMS:	1.3400336983925965	AbsRMS:	3.5812708295781866e-07	Phi model:	0.0047445848960902
depth_vector,start_model,resistivity_model,conductivity_model,E/I[V/A],modelled_thickness,rhoa,sigma
0.0,15.8958,14.570501802495846,0.0686318160867119,0.0001127234319725,1.0,15.01362522223742,0.0666061650798936
1.0,15.8958,14.658400991811028,0.0682202649906121,7.187964451137635e-05,1.0,15.126281128292414,0.0661101027753335
2.0,15.8958,14.834510737948117,0.0674103795982905,4.840551018752393e-05,1.0,15.370104900238632,0.0650613646745165
3.0,15.8958,15.096271568579908,0.0662415216536853,3.005381926656797e-05,1.0,15.632618994521357,0.0639688078082413
4.0,15.8958,15.438473378164456,0.0647732437984677,1.7791990782498243e-05,1.0,15.691932516990915,0.0637270137962433
5.0,15.8958,15.853449108177276,0.063077756340366,1.1434083350562408e-05,1.0,15.817033319435142,0.063222981187708
6.0,15.8958,16.33130199797004,0.0612321050779845,7.826931973261681e-06,1.5,15.962880347353892,0.0626453358190939
7.5,15.8958,16.872287032039523,0.0592687878116971,4.922350829355741e-06,1.5,16.13911270594474,0.0619612749610241
9.0,15.8958,17.443869156349674,0.0573267313023839,2.930520192050745e-06,nan,16.209365622620126,0.0616927289618603
nan,nan,nan,nan,1.8900223931111813e-06,nan,16.31645570418532,0.0612878199855309
nan,nan,nan,nan,1.305276360854958e-06,nan,16.404944115260278,0.0609572329520937
nan,nan,nan,nan,8.27846841052142e-07,nan,16.531857793398935,0.0604892694152797
Name:	379.26901907322497_10_80_1
Lambda:	379.26901907322497	Maximal Depth:	10	Filter time:	10 to 80 [us]
Chi2:	0.1898389292906698	RelRMS:	1.3714585853595826	AbsRMS:	3.8270502065099713e-07	Phi model:	0.0044327131741271
depth_vector,start_model,resistivity_model,conductivity_model,E/I[V/A],modelled_thickness,rhoa,sigma
0.0,15.8958,14.616239251125949,0.068417051939196,0.0001125268168342,1.0,15.031108740791153,0.0665286917448889
1.0,15.8958,14.701404859656378,0.0680207102345845,7.177836896115106e-05,1.0,15.140506049144223,0.0660479905198758
2.0,15.8958,14.871996376809026,0.0672404682372954,4.8353132229959e-05,1.0,15.381202553285632,0.06501442241175
3.0,15.8958,15.125456703683977,0.0661137061571462,3.003312085022708e-05,1.0,15.639800694634324,0.0639394337258452
4.0,15.8958,15.456631441792291,0.0646971498133906,1.778630114995238e-05,1.0,15.695278784056,0.063713427060362
5.0,15.8958,15.857969116836191,0.0630597772408519,1.1434081618346112e-05,1.0,15.817034916912055,0.0632229748023613
6.0,15.8958,16.319756728852305,0.0612754231950077,7.829141856225804e-06,1.5,15.959876377679116,0.0626571269310433
7.5,15.8958,16.842111339493467,0.0593749785785512,4.925371833710355e-06,1.5,16.132512687789635,0.061986624114474
9.0,15.8958,17.393431890280272,0.0574929666731736,2.933231373329244e-06,nan,16.199375888716375,0.0617307732637123
nan,nan,nan,nan,1.8922639900280748e-06,nan,16.30356738910391,0.0613362693043686
nan,nan,nan,nan,1.307106886138017e-06,nan,16.389624440549234,0.0610142107665335
nan,nan,nan,nan,8.292162040430914e-07,nan,16.51365236885185,0.0605559556216773
Name:	483.2930238571752_10_80_1
Lambda:	483.2930238571752	Maximal Depth:	10	Filter time:	10 to 80 [us]
Chi2:	0.1967319943573255	RelRMS:	1.4189968670800792	AbsRMS:	4.2293439451871307e-07	Phi model:	0.0040779392342996
depth_vector,start_model,resistivity_model,conductivity_model,E/I[V/A],modelled_thickness,rhoa,sigma
0.0,15.8958,14.670348422757876,0.0681647068755855,0.0001122964626368,1.0,15.051657303177612,0.0664378665988419
1.0,15.8958,14.752286834334983,0.067786100638483,7.165985762376232e-05,1.0,15.157194401287526,0.0659752704573779
2.0,15.8958,14.916363388138516,0.0670404691799878,4.829196064555488e-05,1.0,15.394188759005864,0.064959577646791
3.0,15.8958,15.160022244916544,0.065962963895737,3.0009070023787347e-05,1.0,15.648155944236656,0.0639052936054301
4.0,15.8958,15.478173737740995,0.0646071052660213,1.7779802927553123e-05,1.0,15.699102793462904,0.0636979076547227
5.0,15.8958,15.863403897765902,0.0630381730456244,1.1434216590705207e-05,1.0,15.816910444503604,0.0632234723404848
6.0,15.8958,16.306221353679977,0.0613262863486347,7.831842990466222e-06,1.5,15.956206552069364,0.0626715376701055
7.5,15.8958,16.806578357082554,0.0595005109757266,4.928996049004261e-06,1.5,16.124603725390987,0.062017027954946
9.0,15.8958,17.334017339816423,0.0576900311333477,2.9364672344625504e-06,nan,16.18747302299596,0.0617761647280831
nan,nan,nan,nan,1.8949336193773423e-06,nan,16.288251212084443,0.0613939450576553
nan,nan,nan,nan,1.3092844385369488e-06,nan,16.37144699688773,0.0610819556872464
nan,nan,nan,nan,8.308437102073862e-07,nan,16.492080038018322,0.0606351653457145
Name:	615.8482110660261_10_80_1
Lambda:	615.8482110660261	Maximal Depth:	10	Filter time:	10 to 80 [us]
Chi2:	0.20893051191306	RelRMS:	1.4869728997301932	AbsRMS:	4.805571160555679e-07	Phi model:	0.0036843628607723
depth_vector,start_model,resistivity_model,conductivity_model,E/I[V/A],modelled_thickness,rhoa,sigma
0.0,15.8958,14.733379268922777,0.0678730915526831,0.0001120314024815,1.0,15.075388881956291,0.0663332805428918
1.0,15.8958,14.811556614095077,0.0675148484426257,7.152368898664642e-05,1.0,15.176426073027992,0.065891666139845
2.0,15.8958,14.968043055722932,0.0668090007676492,4.822184095905474e-05,1.0,15.4091083367294,0.0648966817642772
3.0,15.8958,15.200288542949348,0.0657882248204985,2.9981669309539185e-05,1.0,15.657688554792747,0.0638663872065525
4.0,15.8958,15.503285620018216,0.0645024560928411,1.777255431283922e-05,1.0,15.703371135592576,0.063680593890661
5.0,15.8958,15.869790024011431,0.063012805997242,1.1434557928356851e-05,1.0,15.816595671575062,0.0632247305782216
6.0,15.8958,16.290580782779095,0.0613851656570223,7.835102892651415e-06,1.5,15.951780379160182,0.0626889272689853
7.5,15.8958,16.765426888905395,0.0596465575631572,4.933280944732994e-06,1.5,16.115265484145233,0.0620529646864232
9.0,15.8958,17.265234792954974,0.0579198610382088,2.940270780807896e-06,nan,16.173509890441746,0.0618294981592698
nan,nan,nan,nan,1.898063869299628e-06,nan,16.270338108644157,0.0614615377580086
nan,nan,nan,nan,1.311834343553501e-06,nan,16.350225226666034,0.0611612369944037
nan,nan,nan,nan,8.327475535354496e-07,nan,16.466934111942468,0.0607277586223388
Name:	784.7599703514607_10_80_1
Lambda:	784.7599703514607	Maximal Depth:	10	Filter time:	10 to 80 [us]
Chi2:	0.2282207465010666	RelRMS:	1.5789129963033584	AbsRMS:	5.554400365937868e-07	Phi model:	0.0032602668674521
depth_vector,start_model,resistivity_model,conductivity_model,E/I[V/A],modelled_thickness,rhoa,sigma
0.0,15.8958,14.80546487078577,0.0675426275856562,0.0001117326863192,1.0,15.102246186174156,0.0662153157664376
1.0,15.8958,14.879330858864051,0.0672073233323036,7.137049272441033e-05,1.0,15.198135705831367,0.0657975438142923
2.0,15.8958,15.027122197503465,0.0665463411328441,4.814317262666781e-05,1.0,15.425889933439514,0.0648260816273716
3.0,15.8958,15.24630565300416,0.0655896597352394,2.9951150476966914e-05,1.0,15.668323054696478,0.0638230394222218
4.0,15.8958,15.53198260517543,0.064383280964195,1.776468594413649e-05,1.0,15.708007704829694,0.0636617971413735
5.0,15.8958,15.87712125638555,0.0629837099466513,1.1435186736356802e-05,1.0,15.816015841775958,0.0632270484554415
6.0,15.8958,16.272830285777363,0.0614521249492788,7.838975725130868e-06,1.5,15.946525979999358,0.0627095833446251
7.5,15.8958,16.718688041903444,0.0598133057745689,4.938260028957589e-06,1.5,16.104431336964037,0.0620947103984186
9.0,15.8958,17.18718821937377,0.058182873617034,2.9446621168463275e-06,nan,16.15742632897097,0.0618910449993484
nan,nan,nan,nan,1.9016679101483523e-06,nan,16.24977458102904,0.061539315207945
nan,nan,nan,nan,1.3147658601268524e-06,nan,16.3259122610408,0.0612523198710519
nan,nan,nan,nan,8.34933787384693e-07,nan,16.438176304186953,0.0608339989482465
Name:	1000.0_10_80_1
Lambda:	1000.0	Maximal Depth:	10	Filter time:	10.0 to 80.0 [us]
Chi2:	0.2563535921588655	RelRMS:	1.6965697796040426	AbsRMS:	6.457810601774011e-07	Phi model:	0.002818171411978992
depth_vector,start_model,resistivity_model,conductivity_model,E/I[V/A],modelled_thickness,rhoa,sigma
0.0,15.8958,14.886172569365206,0.06717643473097552,0.0001114038507620859,1.0,15.131950219857238,0.06608533503419327
1.0,15.8958,14.955193678341933,0.06686640250257654,7.12021818062727e-05,1.0,15.222076970704554,0.06569405751426279
2.0,15.8958,15.093222328655125,0.06625490423615224,4.805702084661261e-05,1.0,15.444320415896584,0.06474872141157577
3.0,15.8958,15.297760070838345,0.06536904719183494,2.991801046395293e-05,1.0,15.679891395585935,0.0637759519355798
4.0,15.8958,15.5640527861527,0.06425061735139433,1.7756403276933058e-05,1.0,15.712892105706098,0.06364200767577678
5.0,15.8958,15.88533359378287,0.06295114887554994,1.1436186486734907e-05,1.0,15.815094071905277,0.06323073359243876
6.0,15.8958,16.25310867988036,0.06152669127462951,7.843489627860992e-06,1.5,15.94040727718687,0.06273365432959489
7.5,15.8958,16.666771550070262,0.05999962242212316,4.943930068246571e-06,1.5,16.092115868634387,0.06214223214419735
9.0,15.8958,17.100616853715675,0.05847742268915387,2.94962809136289e-06,nan,16.13928621179961,0.06196060884457758
nan,nan,nan,nan,1.9057313204574657e-06,nan,16.226667795075954,0.0616269472345674
nan,nan,nan,nan,1.3180656743561025e-06,nan,16.298652627360386,0.061354764891504585
nan,nan,nan,nan,8.37391555960841e-07,nan,16.405996199321468,0.06095332388540714
