Name:	10.0_10_80_1
Lambda:	10	Maximal Depth:	10	Filter time:	10 to 80 [us]
Chi2:	0.8894931749569239	RelRMS:	14.307962042548144	AbsRMS:	4.228231106824977e-07	Phi model:	0.1037451996823722
depth_vector,start_model,resistivity_model,conductivity_model,E/I[V/A],modelled_thickness,rhoa,sigma
0.0,16.9354,18.80473111515832,0.0531781068219534,0.0001031491029421,1.0,15.9288614780374,0.0627791258891159
1.0,16.9354,18.224514521758508,0.0548711461589874,6.576682104949549e-05,1.0,16.04962469872349,0.0623067528849777
2.0,16.9354,17.19483048543356,0.0581570141588276,4.4237791925434304e-05,1.0,16.320911322047724,0.0612710883766099
3.0,16.9354,15.95222464568619,0.0626871813938766,2.736941074644868e-05,1.0,16.638770259219612,0.0601005954418954
4.0,16.9354,14.798564337918355,0.0675741225409075,1.609093406521891e-05,1.0,16.779227336693374,0.0595974999285674
5.0,16.9354,14.050667083970216,0.071170998076017,1.027224435825785e-05,1.0,16.9882654080978,0.0588641615831672
6.0,16.9354,14.029106918160918,0.0712803748544736,6.9903728250840265e-06,1.5,17.212293320556814,0.0580980106123156
7.5,16.9354,15.80942027861037,0.0632534262722439,4.361369016154399e-06,1.5,17.494954112092266,0.0571593382636433
9.0,16.9354,20.64249560395758,0.0484437550180841,2.572292393495894e-06,nan,17.681357619587722,0.0565567430688796
nan,nan,nan,nan,1.6457520221512443e-06,nan,17.893454550118374,0.0558863576174777
nan,nan,nan,nan,1.1292607105240651e-06,nan,18.0681460147591,0.0553460216218721
nan,nan,nan,nan,7.105359965739433e-07,nan,18.30476966276285,0.0546305699783967
Name:	12.742749857031335_10_80_1
Lambda:	12.742749857031336	Maximal Depth:	10	Filter time:	10 to 80 [us]
Chi2:	0.9190075631420505	RelRMS:	14.504698225674543	AbsRMS:	4.362222307728865e-07	Phi model:	0.0737170308593778
depth_vector,start_model,resistivity_model,conductivity_model,E/I[V/A],modelled_thickness,rhoa,sigma
0.0,16.9354,18.030983690526984,0.0554600912054162,0.0001032191085867,1.0,15.921658442870443,0.0628075274688353
1.0,16.9354,17.587306527472656,0.0568591898047564,6.5755246201757e-05,1.0,16.051508112575995,0.0622994420827362
2.0,16.9354,16.79839926458488,0.0595294816041337,4.4201715304136966e-05,1.0,16.329790664805042,0.0612377721507025
3.0,16.9354,15.849579083365066,0.0630931581678121,2.733683312504421e-05,1.0,16.65198671217944,0.0600528944254194
4.0,16.9354,14.989177692306995,0.0667148005399413,1.6076923028913468e-05,1.0,16.788974650850342,0.0595628989141008
5.0,16.9354,14.484478712622208,0.0690394193564294,1.0267445095618111e-05,1.0,16.99355882474482,0.0588458256633019
6.0,16.9354,14.610118569495208,0.0684457141975508,6.98962535770521e-06,1.5,17.213520415269027,0.0580938689980559
7.5,16.9354,16.27653149155795,0.0614381510285937,4.363627525421426e-06,1.5,17.488916944621238,0.0571790696454506
9.0,16.9354,20.42659967631807,0.0489557741301097,2.576072066561924e-06,nan,17.664058387147485,0.0566121317130387
nan,nan,nan,nan,1.6495358944396044e-06,nan,17.866080200430638,0.0559719865119544
nan,nan,nan,nan,1.1325976094098016e-06,nan,18.03263989433702,0.0554549974856449
nan,nan,nan,nan,7.132391062177872e-07,nan,18.258491487881187,0.0547690372265274
Name:	16.237767391887218_10_80_1
Lambda:	16.237767391887218	Maximal Depth:	10	Filter time:	10 to 80 [us]
Chi2:	0.9457522042543156	RelRMS:	14.67450953782706	AbsRMS:	4.578013593988811e-07	Phi model:	0.052259422553643
depth_vector,start_model,resistivity_model,conductivity_model,E/I[V/A],modelled_thickness,rhoa,sigma
0.0,16.9354,17.38093324361997,0.0575343099236095,0.0001033125592267,1.0,15.912055779642484,0.062845430775788
1.0,16.9354,17.05187635957827,0.0586445725334084,6.576325296480694e-05,1.0,16.050205224571684,0.0623044992888361
2.0,16.9354,16.46917278600768,0.0607195038265435,4.418081973887145e-05,1.0,16.334939102781487,0.0612184712601543
3.0,16.9354,15.778357229602337,0.0633779540828157,2.731383766745801e-05,1.0,16.661331580984324,0.0600192124584631
4.0,16.9354,15.178673118507955,0.0658819115605474,1.6067327691357905e-05,1.0,16.79565818703189,0.0595391969081694
5.0,16.9354,14.89091994837737,0.0671550181900593,1.0264606993081283e-05,1.0,16.996691092103873,0.0588349811490407
6.0,16.9354,15.145357799493588,0.0660268323296685,6.989678053609791e-06,1.5,17.21343389882177,0.0580941609836749
7.5,16.9354,16.694392752402035,0.0599003518625208,4.365879148324316e-06,1.5,17.482903366727175,0.0571987374764745
9.0,16.9354,20.24637525336352,0.049391557129905,2.5794474763441136e-06,nan,17.64864515175571,0.0566615732483305
nan,nan,nan,nan,1.6528384625808396e-06,nan,17.84227323015052,0.0560466700123257
nan,nan,nan,nan,1.1354816106542412e-06,nan,18.002092976152035,0.0555490965036528
nan,nan,nan,nan,7.155598208436914e-07,nan,18.21899263763224,0.0548877767223227
Name:	20.6913808111479_10_80_1
Lambda:	20.6913808111479	Maximal Depth:	10	Filter time:	10 to 80 [us]
Chi2:	0.9688790473347634	RelRMS:	14.819794076503396	AbsRMS:	4.742090498304142e-07	Phi model:	0.0377403432068729
depth_vector,start_model,resistivity_model,conductivity_model,E/I[V/A],modelled_thickness,rhoa,sigma
0.0,16.9354,16.863845661416395,0.0592984554103189,0.0001033828573854,1.0,15.904841720765369,0.0628739359722391
1.0,16.9354,16.62856779472612,0.0601374701865278,6.576588664475771e-05,1.0,16.04977672090004,0.0623061627204943
2.0,16.9354,16.21519990748133,0.0616705317051701,4.41612469434077e-05,1.0,16.339765307224337,0.0612003894301877
3.0,16.9354,15.738817666122213,0.0635371742156019,2.729379787276563e-05,1.0,16.66948602986192,0.0599898520091494
4.0,16.9354,15.357393797084178,0.0651152150692303,1.6059105284251837e-05,1.0,16.801390717151527,0.0595188825041227
5.0,16.9354,15.250449500693009,0.0655718377320326,1.0262247440273982e-05,1.0,16.999296307886397,0.0588259644333674
6.0,16.9354,15.609061861364102,0.0640653492747839,6.989806921884388e-06,1.5,17.213222326707545,0.0580948750338528
7.5,16.9354,17.048404426547712,0.0586565155882156,4.3678672643959845e-06,1.5,17.47759785164211,0.057216100775888
9.0,16.9354,20.09603549009293,0.0497610586174067,2.582359193446812e-06,nan,17.635376271141478,0.056704205491572
nan,nan,nan,nan,1.6556710313104998e-06,nan,17.821917380083658,0.0561106854371078
nan,nan,nan,nan,1.1379496583087656e-06,nan,17.97605427347229,0.0556295605691247
nan,nan,nan,nan,7.17541704598731e-07,nan,18.18542936856964,0.0549890783292874
Name:	26.366508987303583_10_80_1
Lambda:	26.366508987303583	Maximal Depth:	10	Filter time:	10 to 80 [us]
Chi2:	0.9885778269386256	RelRMS:	14.944799916305426	AbsRMS:	4.857359198130001e-07	Phi model:	0.0280528958785967
depth_vector,start_model,resistivity_model,conductivity_model,E/I[V/A],modelled_thickness,rhoa,sigma
0.0,16.9354,16.45374058740573,0.0607764535175323,0.0001034325681795,1.0,15.899745288232802,0.0628940892996623
1.0,16.9354,16.295514640101313,0.0613665798279926,6.576384079339438e-05,1.0,16.050109581500895,0.0623048705631632
2.0,16.9354,16.02065877779987,0.0624194057104392,4.4142980831599146e-05,1.0,16.344272530409988,0.0611835123367779
3.0,16.9354,15.719980673229465,0.0636133097608041,2.727651642838976e-05,1.0,16.67652608783301,0.0599645270683555
4.0,16.9354,15.51966359082269,0.0644343863607542,1.605221297776471e-05,1.0,16.806199692676078,0.059501851595622
5.0,16.9354,15.562199513916015,0.0642582688331286,1.026040805993974e-05,1.0,17.00132788642123,0.0588189350079348
6.0,16.9354,16.00362123477067,0.0624858577524519,6.99008674736274e-06,1.5,17.21276293991374,0.0580964255123246
7.5,16.9354,17.343442340851382,0.0576586804595627,4.3696888995258486e-06,1.5,17.472740142170622,0.0572320077940431
9.0,16.9354,19.97050384996393,0.0500738492885749,2.584909135895352e-06,nan,17.623776484608815,0.0567415276103461
nan,nan,nan,nan,1.6581240570619554e-06,nan,17.804335901594417,0.0561660937833939
nan,nan,nan,nan,1.1400776927028127e-06,nan,17.953678270847245,0.0556988927234914
nan,nan,nan,nan,7.192437125270626e-07,nan,18.15672888353118,0.0550760000005858
Name:	33.59818286283781_10_80_1
Lambda:	33.59818286283781	Maximal Depth:	10	Filter time:	10 to 80 [us]
Chi2:	1.005637468646492	RelRMS:	15.0639410169068	AbsRMS:	5.044658601343526e-07	Phi model:	0.021457500724296
depth_vector,start_model,resistivity_model,conductivity_model,E/I[V/A],modelled_thickness,rhoa,sigma
0.0,16.9354,16.106396597739746,0.0620871337627643,0.0001035054482355,1.0,15.892280880160808,0.0629236298767129
1.0,16.9354,16.013906879839574,0.062445723426738,6.578097612756628e-05,1.0,16.04732219068825,0.0623156928063841
2.0,16.9354,15.860409085602155,0.0630500761110749,4.413975908611307e-05,1.0,16.345067829203167,0.0611805353424924
3.0,16.9354,15.713025396255343,0.0636414678129595,2.726919175729104e-05,1.0,16.679512231855348,0.0599537915797172
4.0,16.9354,15.66797668860172,0.0638244503342597,1.605058434000666e-05,1.0,16.807336546344093,0.0594978268711777
5.0,16.9354,15.838068950297428,0.0631390103893455,1.0261484507527828e-05,1.0,17.000138886371733,0.0588230488400101
6.0,16.9354,16.346914451014054,0.0611736241109383,6.992078892391531e-06,1.5,17.209493340208283,0.0581074631444029
7.5,16.9354,17.593626929734626,0.056838763490541,4.372301200715631e-06,1.5,17.465779870511575,0.057254815268132
9.0,16.9354,19.86289105803628,0.0503451384331795,2.587688263849048e-06,nan,17.61115582449116,0.0567821902188463
nan,nan,nan,nan,1.660591520317982e-06,nan,17.78669462502001,0.0562218006820294
nan,nan,nan,nan,1.1421434789217546e-06,nan,17.932023285519286,0.0557661555574453
nan,nan,nan,nan,7.208482522394103e-07,nan,18.12977544258289,0.0551578811975364
Name:	42.81332398719393_10_80_1
Lambda:	42.81332398719393	Maximal Depth:	10	Filter time:	10 to 80 [us]
Chi2:	1.0193792260398853	RelRMS:	15.161203609695498	AbsRMS:	5.084265068908969e-07	Phi model:	0.0173421253057303
depth_vector,start_model,resistivity_model,conductivity_model,E/I[V/A],modelled_thickness,rhoa,sigma
0.0,16.9354,15.856557278891405,0.0630653919644475,0.0001035244325999,1.0,15.890337930937587,0.0629313236978463
1.0,16.9354,15.81245086000924,0.063241303252304,6.577345636830863e-05,1.0,16.048545274761118,0.0623109436325458
2.0,16.9354,15.748162430065683,0.0634994720457572,4.4125292790182577e-05,1.0,16.348640076247147,0.0611671671366045
3.0,16.9354,15.715808231632922,0.063630198667555,2.7257597951309127e-05,1.0,16.684241563298173,0.0599367970192777
4.0,16.9354,15.789647200004168,0.0633326373498538,1.604664895641276e-05,1.0,16.810084393715304,0.0594881011051833
5.0,16.9354,16.058134581570144,0.062273733908526,1.026105671773939e-05,1.0,17.000611380611275,0.0588214139839977
6.0,16.9354,16.618339916407077,0.0601744822304851,6.993031574207089e-06,1.5,17.207930303875205,0.0581127411804312
7.5,16.9354,17.787747270823992,0.0562184735804196,4.374152612970879e-06,1.5,17.460851123038985,0.0572709768242932
9.0,16.9354,19.774097113703625,0.050571209105016,2.589847904326941e-06,nan,17.601363987461006,0.0568137787908021
nan,nan,nan,nan,1.662565879623836e-06,nan,17.772610258728818,0.056266355107228
nan,nan,nan,nan,1.1438206214208476e-06,nan,17.914490284210466,0.0558207341730165
nan,nan,nan,nan,7.221644825200279e-07,nan,18.107739637057367,0.0552250043375655
Name:	54.5559478116852_10_80_1
Lambda:	54.5559478116852	Maximal Depth:	10	Filter time:	10 to 80 [us]
Chi2:	1.0308720082891731	RelRMS:	15.251231962370202	AbsRMS:	5.077499810762503e-07	Phi model:	0.0146431028766835
depth_vector,start_model,resistivity_model,conductivity_model,E/I[V/A],modelled_thickness,rhoa,sigma
0.0,16.9354,15.663892490332373,0.0638410919008281,0.0001035257859403,1.0,15.890199446391325,0.062931872150107
1.0,16.9354,15.65808434731176,0.0638647728431533,6.576083092760951e-05,1.0,16.050599318897103,0.0623029695110919
2.0,16.9354,15.664931346742293,0.0638368581301163,4.411073365059069e-05,1.0,16.352237221003495,0.0611537116594393
3.0,16.9354,15.724272219522843,0.0635959481010781,2.7247578505058577e-05,1.0,16.688331385277564,0.0599221082631544
4.0,16.9354,15.893092915933837,0.0629204148801921,1.6043688545455585e-05,1.0,16.81215221527921,0.0594807843276115
5.0,16.9354,16.239673498259933,0.0615775926841847,1.0261182693080784e-05,1.0,17.000472237313094,0.0588218954180092
6.0,16.9354,16.838542580346413,0.0593875625059842,6.994321854229135e-06,1.5,17.20581394607687,0.0581198891917584
7.5,16.9354,17.941388223121983,0.0557370470759474,4.376118800769336e-06,1.5,17.455620630701606,0.0572881377956371
9.0,16.9354,19.696756509540545,0.0507697802689305,2.5919499345590703e-06,nan,17.591846416302783,0.0568445162796144
nan,nan,nan,nan,1.6644326653377204e-06,nan,17.7593188990224,0.0563084657517494
nan,nan,nan,nan,1.1453868445104098e-06,nan,17.89815549050052,0.0558716790973657
nan,nan,nan,nan,7.23379094758571e-07,nan,18.0874643836422,0.0552869091426862
Name:	69.51927961775606_10_80_1
Lambda:	69.51927961775606	Maximal Depth:	10	Filter time:	10 to 80 [us]
Chi2:	1.0406233255583637	RelRMS:	15.33839419298872	AbsRMS:	5.025782912606196e-07	Phi model:	0.0128471352308773
depth_vector,start_model,resistivity_model,conductivity_model,E/I[V/A],modelled_thickness,rhoa,sigma
0.0,16.9354,15.51750593871044,0.0644433457251251,0.0001035101796246,1.0,15.891796591965624,0.0629255474176889
1.0,16.9354,15.541855091969378,0.0643423834595336,6.574295728843278e-05,1.0,16.05350832121963,0.0622916797992494
2.0,16.9354,15.60485401783342,0.0640826244742301,4.409572891263214e-05,1.0,16.355946531445333,0.0611398428135869
3.0,16.9354,15.73664313245973,0.0635459539612559,2.723887225966735e-05,1.0,16.69188720966566,0.0599093432299816
4.0,16.9354,15.98040899154442,0.0625766211946841,1.6041674701299978e-05,1.0,16.81355923155646,0.0594758067716652
5.0,16.9354,16.38775761914294,0.0610211612375738,1.026193216670786e-05,1.0,16.999644481520708,0.0588247596052399
6.0,16.9354,17.014964285836147,0.0587717954149592,6.996050842244529e-06,1.5,17.202979025610194,0.0581294669086844
7.5,16.9354,18.060191673873327,0.0553703979480264,4.378314556546965e-06,1.5,17.449784064488462,0.057307299408654
9.0,16.9354,19.627154596593755,0.0509498203154494,2.5941038627617805e-06,nan,17.582107196969606,0.0568760040419021
nan,nan,nan,nan,1.6662851885787442e-06,nan,17.74615362561122,0.0563502391051546
nan,nan,nan,nan,1.1469189417065504e-06,nan,17.88221258954993,0.0559214915375954
nan,nan,nan,nan,7.245506296025411e-07,nan,18.067961896236472,0.0553465856161838
Name:	88.58667904100822_10_80_1
Lambda:	88.58667904100822	Maximal Depth:	10	Filter time:	10 to 80 [us]
Chi2:	1.049163529603348	RelRMS:	15.427103573106434	AbsRMS:	4.931065527814655e-07	Phi model:	0.011613646868287
depth_vector,start_model,resistivity_model,conductivity_model,E/I[V/A],modelled_thickness,rhoa,sigma
0.0,16.9354,15.408878555708558,0.0648976495197003,0.0001034782944276,1.0,15.89506096122448,0.062912624395683
1.0,16.9354,15.456761382923714,0.0646966059206152,6.571984959522361e-05,1.0,16.057271139831364,0.0622770825311293
2.0,16.9354,15.5636041559905,0.0642524694137184,4.4080113594083993e-05,1.0,16.359809017532864,0.0611254079389494
3.0,16.9354,15.751945805432996,0.0634842204481868,2.723137485836328e-05,1.0,16.694950833536254,0.0598983495052428
4.0,16.9354,16.05384293048822,0.0622903814575684,1.6040672662748648e-05,1.0,16.814259437401276,0.0594733299865483
5.0,16.9354,16.507463768009593,0.0605786578758352,1.0263432528658709e-05,1.0,16.997987710185438,0.0588304931766002
6.0,16.9354,17.154168875579696,0.0582948674023827,6.998357298312425e-06,1.5,17.199199081885666,0.058142242277619
7.5,16.9354,18.14915405795963,0.0550989868071251,4.380875196051073e-06,1.5,17.44298375505163,0.0573296411922869
9.0,16.9354,19.56193914223363,0.0511196764660733,2.59642776583391e-06,nan,17.571614521616777,0.0569099668542005
nan,nan,nan,nan,1.6682202273360546e-06,nan,17.732427964950862,0.0563938566098537
nan,nan,nan,nan,1.1484950082718484e-06,nan,17.8658491416736,0.0559727103968104
nan,nan,nan,nan,7.257375440267997e-07,nan,18.04825690833812,0.0554070127147851
Name:	112.88378916846884_10_80_1
Lambda:	112.88378916846884	Maximal Depth:	10	Filter time:	10 to 80 [us]
Chi2:	1.0570996376328452	RelRMS:	15.520513377234838	AbsRMS:	4.774303132052274e-07	Phi model:	0.0107145982844735
depth_vector,start_model,resistivity_model,conductivity_model,E/I[V/A],modelled_thickness,rhoa,sigma
0.0,16.9354,15.333381106736988,0.0652171881099748,0.0001034229205082,1.0,15.900734064097083,0.0628901782753502
1.0,16.9354,15.399163229367838,0.0649385934225889,6.568707532753754e-05,1.0,16.062611830743805,0.0622563758956063
2.0,16.9354,15.53935279265754,0.0643527445024935,4.406108781507045e-05,1.0,16.364518172183935,0.0611078181146683
3.0,16.9354,15.770559366841434,0.0634092917529964,2.7223583567072053e-05,1.0,16.698136038036004,0.0598869237693441
4.0,16.9354,16.116045501491104,0.0620499613200693,1.6040020551062478e-05,1.0,16.81471516004177,0.0594717181041748
5.0,16.9354,16.60324609051755,0.0602291861813166,1.0265396100232355e-05,1.0,16.9958200503896,0.0588379964623758
6.0,16.9354,17.261556965044374,0.0579322017141939,7.00112729495204e-06,1.5,17.19466220624821,0.0581575833247028
7.5,16.9354,18.211947280836355,0.0549090102546176,4.38379776802903e-06,1.5,17.435230349708732,0.0573551355469591
9.0,16.9354,19.497861829737744,0.05128767496315,2.598966265846625e-06,nan,17.56017079012955,0.0569470543283151
nan,nan,nan,nan,1.670291847432997e-06,nan,17.71776288234489,0.0564405340922845
nan,nan,nan,nan,1.1501664309360254e-06,nan,17.84853650385417,0.0560270025379426
nan,nan,nan,nan,7.269832496786203e-07,nan,18.027633561687686,0.0554703975193504
Name:	143.8449888287663_10_80_1
Lambda:	143.8449888287663	Maximal Depth:	10	Filter time:	10 to 80 [us]
Chi2:	1.0651322403179493	RelRMS:	15.623554482480682	AbsRMS:	4.562926718713983e-07	Phi model:	0.0100010128027579
depth_vector,start_model,resistivity_model,conductivity_model,E/I[V/A],modelled_thickness,rhoa,sigma
0.0,16.9354,15.285148357539958,0.0654229829249065,0.0001033458789839,1.0,15.908635457293627,0.0628589424080071
1.0,16.9354,15.364324052907524,0.0650858440993869,6.564556278824705e-05,1.0,16.069382834686397,0.0622301435149992
2.0,16.9354,15.52940266177708,0.0643939771399788,4.403920087104039e-05,1.0,16.369939700052363,0.0610875799375608
3.0,16.9354,15.792329863734231,0.0633218789519092,2.7215880495830143e-05,1.0,16.70128667073659,0.0598756263343569
4.0,16.9354,16.169402889501526,0.0618452027470525,1.6040064526208662e-05,1.0,16.81468442741831,0.0594718268021362
5.0,16.9354,16.679506354698756,0.059953812704912,1.0268122841605812e-05,1.0,16.992811044896357,0.0588484152126402
6.0,16.9354,17.34249629658535,0.0576618257774629,7.004612648955221e-06,1.5,17.18895792167579,0.0581768833548059
7.5,16.9354,18.252139251516216,0.0547880983275387,4.387282417394918e-06,1.5,17.42599703941337,0.0573855256452897
9.0,16.9354,19.432033331838923,0.0514614185208052,2.601869882356162e-06,nan,17.54710390813879,0.0569894613512931
nan,nan,nan,nan,1.6726143231432695e-06,nan,17.701357983723558,0.0564928408837052
nan,nan,nan,nan,1.1520215583313438e-06,nan,17.82937007893531,0.0560872311008598
nan,nan,nan,nan,7.283512118429352e-07,nan,18.00505393592995,0.0555399613663168
Name:	183.29807108324357_10_80_1
Lambda:	183.2980710832436	Maximal Depth:	10	Filter time:	10 to 80 [us]
Chi2:	1.0741151317018962	RelRMS:	15.740532832360188	AbsRMS:	4.294181416355359e-07	Phi model:	0.0093752247664194
depth_vector,start_model,resistivity_model,conductivity_model,E/I[V/A],modelled_thickness,rhoa,sigma
0.0,16.9354,15.260898994805482,0.0655269391626522,0.0001032445268759,1.0,15.919045113538145,0.0628178381848772
1.0,16.9354,15.349708857979245,0.0651478154571101,6.559377852115567e-05,1.0,16.07783924400064,0.0621974125268819
2.0,16.9354,15.532575494483645,0.064380823409173,4.401357708460706e-05,1.0,16.376292575338915,0.0610638821576686
3.0,16.9354,15.817786331276642,0.0632199714332144,2.7207911801992425e-05,1.0,16.70454751009622,0.0598639382117714
4.0,16.9354,16.216154216895124,0.0616669024372085,1.6040772591926245e-05,1.0,16.81418960548379,0.0594735769884419
5.0,16.9354,16.73980784463183,0.0597378422310076,1.0271698874601704e-05,1.0,16.988866849606914,0.0588620776684195
6.0,16.9354,17.401067068462627,0.0574677401141899,7.008936504782458e-06,1.5,17.181887879062398,0.0582008221121373
7.5,16.9354,18.27217394946592,0.0547280253989279,4.391459468954893e-06,1.5,17.414945158255954,0.0574219436761147
9.0,16.9354,19.36169945847328,0.0516483587685464,2.605251689952811e-06,nan,17.531915669939618,0.0570388324257462
nan,nan,nan,nan,1.6752799302860597e-06,nan,17.68257609251143,0.0565528458505262
nan,nan,nan,nan,1.154134884201293e-06,nan,17.807598633243547,0.0561558029577992
nan,nan,nan,nan,7.298969704828049e-07,nan,17.97962450178823,0.0556185141631039
Name:	233.57214690901213_10_80_1
Lambda:	233.57214690901213	Maximal Depth:	10	Filter time:	10 to 80 [us]
Chi2:	1.0851322220066024	RelRMS:	15.875784987323696	AbsRMS:	3.968571223178071e-07	Phi model:	0.0087731805126365
depth_vector,start_model,resistivity_model,conductivity_model,E/I[V/A],modelled_thickness,rhoa,sigma
0.0,16.9354,15.258380599127404,0.0655377543837901,0.0001031158527994,1.0,15.932285513187631,0.0627656339181387
1.0,16.9354,15.353646226738023,0.0651311086130487,6.553006187563724e-05,1.0,16.088259500122927,0.0621571276863329
2.0,16.9354,15.54826034197841,0.0643158770180945,4.398331533469567e-05,1.0,16.383803278821485,0.0610358891022971
3.0,16.9354,15.847651900018388,0.0631008307293044,2.719933950112107e-05,1.0,16.70805712685134,0.0598513634713943
4.0,16.9354,16.2583463376389,0.0615068703318829,1.6042126478119566e-05,1.0,16.813243562185185,0.0594769234324963
5.0,16.9354,16.787184396439066,0.0595692509466996,1.0276220117179192e-05,1.0,16.983883407524516,0.0588793490867325
6.0,16.9354,17.44059610636486,0.0573374897223297,7.0142293746907305e-06,1.5,17.17324326693998,0.0582301190553265
7.5,16.9354,18.27386488152373,0.0547229612609796,4.396463370739304e-06,1.5,17.401728593541527,0.0574655554834443
9.0,16.9354,19.28430187963605,0.0518556495454982,2.609225869776735e-06,nan,17.51410893637451,0.0570968242593907
nan,nan,nan,nan,1.6783809091734925e-06,nan,17.660789145448067,0.0566226113546994
nan,nan,nan,nan,1.1565805141281806e-06,nan,17.782486584790686,0.056235104985559
nan,nan,nan,nan,7.316754935157655e-07,nan,17.950476657447005,0.0557088270736886
Name:	297.63514416313194_10_80_1
Lambda:	297.63514416313194	Maximal Depth:	10	Filter time:	10 to 80 [us]
Chi2:	1.0995704769319037	RelRMS:	16.033522305202627	AbsRMS:	3.594604896424319e-07	Phi model:	0.008154010353422
depth_vector,start_model,resistivity_model,conductivity_model,E/I[V/A],modelled_thickness,rhoa,sigma
0.0,16.9354,15.276118032197807,0.0654616570710096,0.0001029567364842,1.0,15.948696510120053,0.0627010489142772
1.0,16.9354,15.375108986791068,0.0650401893644533,6.545273625384691e-05,1.0,16.10092808022537,0.0621082210303247
2.0,16.9354,15.576250287023424,0.06420030376843,4.394753037404234e-05,1.0,16.39269591682271,0.0610027786200662
3.0,16.9354,15.882749984333872,0.0629613889903424,2.718984459009669e-05,1.0,16.711946625215806,0.0598374338086474
4.0,16.9354,16.297814115326425,0.0613579215546213,1.6044113587934598e-05,1.0,16.81185528767113,0.0594818348652658
5.0,16.9354,16.824194752286413,0.059438208765629,1.0281781962445523e-05,1.0,16.977757993965536,0.0589005921957088
6.0,16.9354,17.46378214723139,0.0572613647816566,7.020619003806911e-06,1.5,17.162821839559417,0.0582654769331143
7.5,16.9354,18.2585595700047,0.0547688330049215,4.4024242878917166e-06,1.5,17.38601699490607,0.0575174866269249
9.0,16.9354,19.19755569045069,0.0520899647915814,2.613901811548884e-06,nan,17.49321567780397,0.0571650186231246
nan,nan,nan,nan,1.6820051949441156e-06,nan,17.635410406738295,0.0567040957333156
nan,nan,nan,nan,1.159428942895752e-06,nan,17.753349879580938,0.0563273977465037
nan,nan,nan,nan,7.337389471846639e-07,nan,17.916806771893338,0.0558135170363466
Name:	379.26901907322497_10_80_1
Lambda:	379.26901907322497	Maximal Depth:	10	Filter time:	10 to 80 [us]
Chi2:	1.1180463795040616	RelRMS:	16.21318198082273	AbsRMS:	3.234395598134236e-07	Phi model:	0.0075284245982096
depth_vector,start_model,resistivity_model,conductivity_model,E/I[V/A],modelled_thickness,rhoa,sigma
0.0,16.9354,15.309651787688916,0.0653182720200167,0.0001027848515354,1.0,15.9664720049963,0.0626312437517239
1.0,16.9354,15.409985280230035,0.0648929886573566,6.537163372752511e-05,1.0,16.114242275881157,0.0620569048720795
2.0,16.9354,15.61311165380307,0.0640487317437724,4.391192081074536e-05,1.0,16.40155695600312,0.0609698215042926
3.0,16.9354,15.92061395111038,0.0628116480351095,2.718230335491431e-05,1.0,16.715037432533432,0.0598263691622755
4.0,16.9354,16.333279571290362,0.0612246913202746,1.60480969150432e-05,1.0,16.809073238604846,0.0594916796306968
5.0,16.9354,16.850881270261503,0.0593440772599118,1.028907494867322e-05,1.0,16.969734390435658,0.058928441482479
6.0,16.9354,17.471996861902255,0.0572344425141526,7.028466323750092e-06,1.5,17.15004454006849,0.0583088864675337
7.5,16.9354,18.22854463490796,0.0548590148049989,4.40948923757644e-06,1.5,17.36744127446721,0.0575790056921138
9.0,16.9354,19.10363400853909,0.0523460614641702,2.6193249307926323e-06,nan,17.46906172888602,0.0572440589838003
nan,nan,nan,nan,1.686159554316658e-06,nan,17.606431753291655,0.0567974257369351
nan,nan,nan,nan,1.1626718970339613e-06,nan,17.72032244969224,0.0564323816814838
nan,nan,nan,nan,7.360727321221091e-07,nan,17.878915497504774,0.0559318041488345
Name:	483.2930238571752_10_80_1
Lambda:	483.2930238571752	Maximal Depth:	10	Filter time:	10 to 80 [us]
Chi2:	1.1446663426804866	RelRMS:	16.425560681003553	AbsRMS:	2.861161225600715e-07	Phi model:	0.006816483604047
depth_vector,start_model,resistivity_model,conductivity_model,E/I[V/A],modelled_thickness,rhoa,sigma
0.0,16.9354,15.36512123249811,0.065082467288637,0.0001025559766268,1.0,15.990218171439324,0.0625382336424986
1.0,16.9354,15.464728268523858,0.0646632764983883,6.526214754294325e-05,1.0,16.132259805006566,0.0619875957917349
2.0,16.9354,15.665802684434995,0.0638333075006469,4.386232422873031e-05,1.0,16.413918482739177,0.0609239043712564
3.0,16.9354,15.968622295220326,0.0626228100027963,2.7169785331821936e-05,1.0,16.720171153885055,0.0598080002170098
4.0,16.9354,16.372068431940132,0.061079637197772,1.6051070277754054e-05,1.0,16.80699732242401,0.0594990277451757
5.0,16.9354,16.873593089984716,0.0592642002605567,1.0296783903185309e-05,1.0,16.961263445160736,0.0589578720496386
6.0,16.9354,17.469229865627074,0.0572435080247943,7.037243445086764e-06,1.5,17.135781442960866,0.0583574203095818
7.5,16.9354,18.18278306462141,0.0549970813844069,4.4176055001195484e-06,1.5,17.346162490265122,0.0576496386772124
9.0,16.9354,18.99334005559364,0.0526500340157651,2.6256249804459195e-06,nan,17.441106475981695,0.0573358118865399
nan,nan,nan,nan,1.691014791404613e-06,nan,17.572714579526792,0.0569064042709176
nan,nan,nan,nan,1.1664769316607194e-06,nan,17.681765807141645,0.0565554374437026
nan,nan,nan,nan,7.388199858203455e-07,nan,17.83456693414446,0.0560708877144356
Name:	615.8482110660261_10_80_1
Lambda:	615.8482110660261	Maximal Depth:	10	Filter time:	10 to 80 [us]
Chi2:	1.1806390368112094	RelRMS:	16.6703458111413	AbsRMS:	2.63591799891736e-07	Phi model:	0.0060615132282969
depth_vector,start_model,resistivity_model,conductivity_model,E/I[V/A],modelled_thickness,rhoa,sigma
0.0,16.9354,15.437594698690273,0.0647769305722762,0.0001022977808796,1.0,16.01711267163971,0.0624332250450247
1.0,16.9354,15.53458982972631,0.0643724752929391,6.513995246265177e-05,1.0,16.152428348828437,0.0619101956934253
2.0,16.9354,15.729958475960023,0.0635729586653577,4.3808010478314734e-05,1.0,16.42748247628939,0.0608736001662671
3.0,16.9354,16.02302444258744,0.0624101900102024,2.7157094193496096e-05,1.0,16.72537989674882,0.0597893743623955
4.0,16.9354,16.411313972596993,0.0609335731233808,1.6055358758910083e-05,1.0,16.804004357003716,0.0595096251318937
5.0,16.9354,16.890656484706255,0.0592043299741165,1.030611662307992e-05,1.0,16.951022366852616,0.0589934918589618
6.0,16.9354,17.455334269070658,0.0572890776300923,7.047604726967263e-06,1.5,17.118982147124683,0.0584146879414767
7.5,16.9354,18.122990245455096,0.0551785321548016,4.427058758293992e-06,1.5,17.32146043641859,0.0577318525577374
9.0,16.9354,18.87029965717998,0.0529933291027261,2.632903048345721e-06,nan,17.408950307541865,0.0574417171819246
nan,nan,nan,nan,1.6965991191399824e-06,nan,17.53413319696223,0.0570316187727631
nan,nan,nan,nan,1.1708424336045468e-06,nan,17.637787313458908,0.0566964541655929
nan,nan,nan,nan,7.419642765477981e-07,nan,17.784145148660247,0.0562298604538399
Name:	784.7599703514607_10_80_1
Lambda:	784.7599703514607	Maximal Depth:	10	Filter time:	10 to 80 [us]
Chi2:	1.2286772690371557	RelRMS:	16.945780225849635	AbsRMS:	2.697516608471864e-07	Phi model:	0.0052696133804564
depth_vector,start_model,resistivity_model,conductivity_model,E/I[V/A],modelled_thickness,rhoa,sigma
0.0,16.9354,15.527160430642292,0.06440327608302,0.000102002259643,1.0,16.04803430218224,0.0623129276252866
1.0,16.9354,15.619890648504295,0.0640209347493579,6.499998307299452e-05,1.0,16.175608200041424,0.0618214775996762
2.0,16.9354,15.806337636080904,0.0632657623178511,4.37456194633495e-05,1.0,16.443098269637666,0.0608157893118299
3.0,16.9354,16.085147361649117,0.0621691537861966,2.714221445544062e-05,1.0,16.731492061712576,0.0597675327646567
4.0,16.9354,16.45292559830028,0.0607794640549099,1.6059841270828563e-05,1.0,16.800877399812144,0.0595207009850081
5.0,16.9354,16.90443140395506,0.0591560861234311,1.0316397124183445e-05,1.0,16.939759134932633,0.059032716583191
6.0,16.9354,17.43282377465905,0.0573630533369834,7.059114740551355e-06,1.5,17.100368547612796,0.0584782718112586
7.5,16.9354,18.051055714074437,0.0553984218895462,4.437598213414764e-06,1.5,17.294023508237856,0.0578234440079059
9.0,16.9354,18.73468803249981,0.053376922971189,2.641025804319243e-06,nan,17.37323659853215,0.057559798620626
nan,nan,nan,nan,1.7028354385894952e-06,nan,17.491296679694333,0.0571712902886668
nan,nan,nan,nan,1.1757201957905934e-06,nan,17.588970409363558,0.056853811037606
nan,nan,nan,nan,7.454789840132353e-07,nan,17.7282032299216,0.0564072955973453
Name:	1000.0_10_80_1
Lambda:	1000.0	Maximal Depth:	10	Filter time:	10.0 to 80.0 [us]
Chi2:	1.2908485343281695	RelRMS:	17.249012544035512	AbsRMS:	3.135685263898587e-07	Phi model:	0.004465110719636817
depth_vector,start_model,resistivity_model,conductivity_model,E/I[V/A],modelled_thickness,rhoa,sigma
0.0,16.9354,15.631899420653284,0.0639717524460766,0.00010167359641778314,1.0,16.082599560431234,0.0621790026072866
1.0,16.9354,15.718972463068889,0.06361738989933731,6.484408260813716e-05,1.0,16.201524473049606,0.06172258676419296
2.0,16.9354,15.89378734034356,0.06291766578892606,4.36758717926375e-05,1.0,16.460599355505046,0.060751129312041866
3.0,16.9354,16.15453761302299,0.06190211220863725,2.712523092714887e-05,1.0,16.738475231121598,0.05974259818724199
4.0,16.9354,16.497263894581806,0.060616112246857486,1.6064393523489217e-05,1.0,16.797703280545818,0.05953194810615243
5.0,16.9354,16.916107721193086,0.059115253726314675,1.0327452273137364e-05,1.0,16.927668060733826,0.05907488240034932
6.0,16.9354,17.403621100651314,0.05745930655560962,7.071599108028346e-06,1.5,17.08023635903431,0.058547199170991944
7.5,16.9354,17.969220343112177,0.05565071722120166,4.449075517551085e-06,1.5,17.264268381930684,0.05792310324870939
9.0,16.9354,18.588411293077282,0.05379695898876636,2.6498859771881723e-06,nan,17.33448882127389,0.05768846201987462
nan,nan,nan,nan,1.709644607359253e-06,nan,17.44482293102585,0.05732359703241737
nan,nan,nan,nan,1.1810498462558901e-06,nan,17.53601542689285,0.057025497278385254
nan,nan,nan,nan,7.493218245448458e-07,nan,17.667539467730588,0.05660097727963083
