Name:	10.0_10_80_1
Lambda:	10	Maximal Depth:	10	Filter time:	10 to 80 [us]
Chi2:	0.0280865618427129	RelRMS:	1.0420209202055002	AbsRMS:	1.0880836066906897e-07	Phi model:	0.0012031769105772
depth_vector,start_model,resistivity_model,conductivity_model,E/I[V/A],modelled_thickness,rhoa,sigma
0.0,18.9826,19.23093155743176,0.0519995610724095,8.022656589856972e-05,1.0,18.502410936350056,0.0540470105998666
1.0,18.9826,19.183578178014887,0.0521279185103245,5.1540113072100285e-05,1.0,18.548891251454293,0.0539115781339004
2.0,18.9826,19.08415465271692,0.0523994915256901,3.4958583510458207e-05,1.0,18.75784313548716,0.0533110332982869
3.0,18.9826,18.97159520837664,0.0527103803879635,2.189068204086845e-05,1.0,18.97014919209112,0.0527143982830093
4.0,18.9826,18.87710447540219,0.0529742260685715,1.3061401243497555e-05,1.0,18.942837452565914,0.0527904017813627
5.0,18.9826,18.837802439207696,0.0530847482463596,8.450771348520239e-06,1.0,19.008176216751224,0.0526089398897057
6.0,18.9826,18.893677952533185,0.0529277572377549,5.81924642854854e-06,1.5,19.107618000959885,0.0523351471622346
7.5,18.9826,19.169338495161306,0.0521666410268887,3.685121728010383e-06,1.5,19.22968734833673,0.0520029255746841
9.0,18.9826,19.74892037846932,0.050635679360489,2.2081115159061017e-06,nan,19.230647783295897,0.0520003283960418
nan,nan,nan,nan,1.4317831071812678e-06,nan,19.28846741367792,0.0518444508085114
nan,nan,nan,nan,9.932198125499852e-07,nan,19.3356260975766,0.0517180046280132
nan,nan,nan,nan,6.331884034670083e-07,nan,19.41832541731056,0.0514977465105484
Name:	12.742749857031335_10_80_1
Lambda:	12.742749857031336	Maximal Depth:	10	Filter time:	10 to 80 [us]
Chi2:	0.0284260972791663	RelRMS:	1.0463047455510803	AbsRMS:	1.0874746446174933e-07	Phi model:	0.0008844262159802
depth_vector,start_model,resistivity_model,conductivity_model,E/I[V/A],modelled_thickness,rhoa,sigma
0.0,18.9826,19.1459921053806,0.0522302523941274,8.023026113912886e-05,1.0,18.50184281003287,0.0540486701928813
1.0,18.9826,19.103801061774043,0.0523456037239081,5.153874271314436e-05,1.0,18.549220046522112,0.0539106225216997
2.0,18.9826,19.040007862479897,0.0525209867150629,3.495583179290276e-05,1.0,18.758827532204013,0.0533082357243948
3.0,18.9826,18.96889352384025,0.0527178877746976,2.188838933212585e-05,1.0,18.97147385991672,0.0527107175427639
4.0,18.9826,18.91483461918013,0.0528685563544908,1.3060493757683112e-05,1.0,18.94371491593113,0.0527879565564528
5.0,18.9826,18.907761162346056,0.0528883346586508,8.450519112869925e-06,1.0,19.00855445906383,0.0526078930490777
6.0,18.9826,18.980210681799484,0.0526864541582207,5.81926836648961e-06,1.5,19.107569978650243,0.0523352786941168
7.5,18.9826,19.23342582522568,0.0519928175607928,3.6853390942264384e-06,1.5,19.228931212495365,0.0520049704764755
9.0,18.9826,19.732335697893088,0.0506782377570626,2.2084196166002434e-06,nan,19.22885913960933,0.0520051653995483
nan,nan,nan,nan,1.4320809479633666e-06,nan,19.285792941315925,0.05185164037812
nan,nan,nan,nan,9.934792832305317e-07,nan,19.33225931274384,0.0517270115107963
nan,nan,nan,nan,6.333968139717726e-07,nan,19.414065628524035,0.0515090460254112
Name:	16.237767391887218_10_80_1
Lambda:	16.237767391887218	Maximal Depth:	10	Filter time:	10 to 80 [us]
Chi2:	0.0287169368591318	RelRMS:	1.0504534632216482	AbsRMS:	1.087576740132999e-07	Phi model:	0.0006631445335881
depth_vector,start_model,resistivity_model,conductivity_model,E/I[V/A],modelled_thickness,rhoa,sigma
0.0,18.9826,19.06166876824884,0.0524613040000835,8.02340994059242e-05,1.0,18.50125274026075,0.0540503939943423
1.0,18.9826,19.04286824487748,0.052513097666839,5.153798830509896e-05,1.0,18.54940106052957,0.053910096435828
2.0,18.9826,19.00326647525585,0.0526225320947901,3.495376134776787e-05,1.0,18.75956829635034,0.053306130727675
3.0,18.9826,18.967351351060422,0.0527221740922773,2.188661978020544e-05,1.0,18.972496419391604,0.0527078765964562
4.0,18.9826,18.949025886617104,0.0527731613215145,1.305985337774789e-05,1.0,18.94433417126484,0.0527862310155413
5.0,18.9826,18.97009786669312,0.0527145409068108,8.450404116587343e-06,1.0,19.008726909052587,0.0526074157824723
6.0,18.9826,19.05584408307381,0.0524773395311436,5.8193638606664645e-06,1.5,19.10736094473051,0.0523358512403976
7.5,18.9826,19.288165498234072,0.0518452623237578,3.685579995195669e-06,1.5,19.2280932948746,0.0520072367376414
9.0,18.9826,19.717613266716864,0.050716077370682,2.2087207626492163e-06,nan,19.227111272201224,0.0520098930017538
nan,nan,nan,nan,1.432362633934402e-06,nan,19.283264384530263,0.0518584395286431
nan,nan,nan,nan,9.937212821508244e-07,nan,19.32912055484368,0.0517354111979714
nan,nan,nan,nan,6.335889339349769e-07,nan,19.41014087763688,0.0515194612086579
Name:	20.6913808111479_10_80_1
Lambda:	20.6913808111479	Maximal Depth:	10	Filter time:	10 to 80 [us]
Chi2:	0.0288842124443948	RelRMS:	1.0537470250640528	AbsRMS:	1.0866782822895989e-07	Phi model:	0.000555233065815
depth_vector,start_model,resistivity_model,conductivity_model,E/I[V/A],modelled_thickness,rhoa,sigma
0.0,18.9826,19.021412976743065,0.0525723299958142,8.023487043398878e-05,1.0,18.50113421317593,0.0540507402669308
1.0,18.9826,19.00899783096357,0.0526066660058801,5.153696338997201e-05,1.0,18.549646987562383,0.0539093817079378
2.0,18.9826,18.98329417931987,0.0526778961835499,3.495239177668077e-05,1.0,18.760058341871364,0.0533047382783484
3.0,18.9826,18.96318980829597,0.0527337441701143,2.1885662490843334e-05,1.0,18.97304965941351,0.0527063396739621
4.0,18.9826,18.96304945406473,0.0527341344767547,1.3059624347055387e-05,1.0,18.94455565906965,0.0527856138721972
5.0,18.9826,19.00217910633421,0.0526255433339568,8.450487088352278e-06,1.0,19.00860248307293,0.0526077601386264
6.0,18.9826,19.10101113282812,0.0523532494194164,5.819557568019605e-06,1.5,19.10693694264168,0.0523370126254125
7.5,18.9826,19.32425041203616,0.0517484496773622,3.6858338977162176e-06,1.5,19.22721025320007,0.0520096252566627
9.0,18.9826,19.707504834631475,0.0507420908121624,2.208979336841088e-06,nan,19.22561081097777,0.0520139521095997
nan,nan,nan,nan,1.43258888420009e-06,nan,19.281234046967,0.0518639002858483
nan,nan,nan,nan,9.93910125463929e-07,nan,19.326672116988423,0.0517419654013266
nan,nan,nan,nan,6.337349347387463e-07,nan,19.407159604933227,0.0515273754818713
Name:	26.366508987303583_10_80_1
Lambda:	26.366508987303583	Maximal Depth:	10	Filter time:	10 to 80 [us]
Chi2:	0.0290730387072108	RelRMS:	1.0574947410303448	AbsRMS:	1.0862729866467761e-07	Phi model:	0.0004559347133296
depth_vector,start_model,resistivity_model,conductivity_model,E/I[V/A],modelled_thickness,rhoa,sigma
0.0,18.9826,18.968639278259463,0.0527185943773062,8.0236563782527e-05,1.0,18.50087390808728,0.0540515007543979
1.0,18.9826,18.96488559286996,0.052729028873022,5.1536222239362976e-05,1.0,18.549824830751923,0.0539088648612033
2.0,18.9826,18.9605814010754,0.0527409987514033,3.4951059262231954e-05,1.0,18.76053515889283,0.0533033834872232
3.0,18.9826,18.964023498147377,0.0527314259074658,2.1884670826821293e-05,1.0,18.973622807890923,0.0527047475395216
4.0,18.9826,18.987223571354324,0.0526669945314533,1.305939946723974e-05,1.0,18.944773139001413,0.0527850079102457
5.0,18.9826,19.044618497642663,0.0525082715688833,8.450591061217723e-06,1.0,19.00844656633237,0.0526081916536616
6.0,18.9826,19.151648411655287,0.0522148265520278,5.819775594954746e-06,1.5,19.106459736050144,0.0523383198046468
7.5,18.9826,19.360044617393417,0.0516527735221013,3.6861144726008654e-06,1.5,19.22623456623958,0.052012264624918
9.0,18.9826,19.696392785164697,0.0507707178114968,2.2092646014597034e-06,nan,19.223955809410096,0.052018430021073
nan,nan,nan,nan,1.4328382672016545e-06,nan,19.27899673862407,0.0518699190397482
nan,nan,nan,nan,9.94118064978875e-07,nan,19.32397698510464,0.0517491818982615
nan,nan,nan,nan,6.338956140516002e-07,nan,19.40387992632996,0.0515360847313354
Name:	33.59818286283781_10_80_1
Lambda:	33.59818286283781	Maximal Depth:	10	Filter time:	10 to 80 [us]
Chi2:	0.0292109410418895	RelRMS:	1.0610247200544407	AbsRMS:	1.0848121782262629e-07	Phi model:	0.0003969283479789
depth_vector,start_model,resistivity_model,conductivity_model,E/I[V/A],modelled_thickness,rhoa,sigma
0.0,18.9826,18.9333152316494,0.0528169519054103,8.023610474040526e-05,1.0,18.50094447210035,0.0540512945978521
1.0,18.9826,18.936071935261648,0.0528092628407192,5.153495757871528e-05,1.0,18.550128302914523,0.0539079829352384
2.0,18.9826,18.944056721995,0.0527870041076761,3.494983220327688e-05,1.0,18.760974267304626,0.0533021358993457
3.0,18.9826,18.96352449391061,0.0527328134767938,2.1883961081882613e-05,1.0,18.97403304318961,0.0527036080164797
4.0,18.9826,19.00348295294536,0.052621932646563,1.305933754852798e-05,1.0,18.944833021315045,0.0527848410632539
5.0,18.9826,19.07472886895042,0.0524253847522722,8.450785192459864e-06,1.0,19.008155457487653,0.0526089973451938
6.0,18.9826,19.18875940743365,0.052113843254119,5.820047768763448e-06,1.5,19.105864057268075,0.0523399515982418
7.5,18.9826,19.38658177170748,0.0515820690710616,3.6864140684241545e-06,1.5,19.22519287143079,0.0520150828492352
9.0,18.9826,19.68703619603217,0.0507948474337414,2.209542546954554e-06,nan,19.22234361327252,0.0520227928559932
nan,nan,nan,nan,1.4330725080572286e-06,nan,19.27689586715229,0.0518755720263029
nan,nan,nan,nan,9.9431009242475e-07,nan,19.321488926015093,0.0517558457233369
nan,nan,nan,nan,6.340415352815962e-07,nan,19.400902680113127,0.0515439934155769
Name:	42.81332398719393_10_80_1
Lambda:	42.81332398719393	Maximal Depth:	10	Filter time:	10 to 80 [us]
Chi2:	0.0293238308692548	RelRMS:	1.0646590461339314	AbsRMS:	1.0824109793039817e-07	Phi model:	0.0003572826692942
depth_vector,start_model,resistivity_model,conductivity_model,E/I[V/A],modelled_thickness,rhoa,sigma
0.0,18.9826,18.906439140795825,0.0528920328441026,8.023390484483937e-05,1.0,18.501282649664223,0.0540503066158036
1.0,18.9826,18.91429716212612,0.0528700586349248,5.153314295354333e-05,1.0,18.550563768070635,0.0539067174724472
2.0,18.9826,18.93191083929004,0.052820869931664,3.494854863261231e-05,1.0,18.7614336261764,0.0533008308386826
3.0,18.9826,18.96392509066625,0.0527316995410504,2.188338251832816e-05,1.0,18.974367471550764,0.0527026791011268
4.0,18.9826,19.01696564409089,0.0525846246302037,1.3059378181301977e-05,1.0,18.94479372482854,0.0527849505529018
5.0,18.9826,19.098925993177893,0.0523589651249079,8.451052218513868e-06,1.0,19.00775505768386,0.0526101055577182
6.0,18.9826,19.21814490507538,0.0520341586005997,5.820374658389571e-06,1.5,19.105148688975643,0.052341911401979
7.5,18.9826,19.407031935574203,0.0515277144552404,3.686746466427939e-06,1.5,19.22403728853011,0.0520182095462664
9.0,18.9826,19.678318998702142,0.0508173487819743,2.209833541973944e-06,nan,19.220656086763952,0.0520273603297359
nan,nan,nan,nan,1.43331146699231e-06,nan,19.274753269576305,0.0518813385579582
nan,nan,nan,nan,9.9450353695518e-07,nan,19.31898331566493,0.0517625582910019
nan,nan,nan,nan,6.341866471027178e-07,nan,19.39794308064588,0.0515518576295721
Name:	54.5559478116852_10_80_1
Lambda:	54.5559478116852	Maximal Depth:	10	Filter time:	10 to 80 [us]
Chi2:	0.0294204300103804	RelRMS:	1.0685748644180295	AbsRMS:	1.0789981422381033e-07	Phi model:	0.000329435472535
depth_vector,start_model,resistivity_model,conductivity_model,E/I[V/A],modelled_thickness,rhoa,sigma
0.0,18.9826,18.886682118242327,0.052947362259786,8.022974861008091e-05,1.0,18.5019216064224,0.0540484400092193
1.0,18.9826,18.89848828888604,0.0529142852440788,5.153062421690435e-05,1.0,18.551168244919392,0.0539049609597427
2.0,18.9826,18.923548625638023,0.0528442111880209,3.4947103781659755e-05,1.0,18.76195073700062,0.0532993617784045
3.0,18.9826,18.96524204876996,0.0527280378193147,2.188288206742063e-05,1.0,18.974656760173666,0.0527018755932872
4.0,18.9826,19.028313397600165,0.0525532651846126,1.3059509190694588e-05,1.0,18.94466702532131,0.0527853035718921
5.0,18.9826,19.11835351923939,0.0523057594365366,8.451396371649804e-06,1.0,19.007239038585126,0.0526115338461297
6.0,18.9826,19.24118831232425,0.051971842059229,5.820766386550325e-06,1.5,19.104291515629253,0.0523442598843248
7.5,18.9826,19.4223651270625,0.0514870353562982,3.687124354406424e-06,1.5,19.22272377046288,0.0520217640299536
9.0,18.9826,19.66982266698892,0.0508392992112867,2.2101497459768045e-06,nan,19.218822789168595,0.0520323232577795
nan,nan,nan,nan,1.4335655229045874e-06,nan,19.272475959565835,0.0518874690568054
nan,nan,nan,nan,9.947069736140597e-07,nan,19.31634915739745,0.0517696171182035
nan,nan,nan,nan,6.343374965762874e-07,nan,19.39486765627841,0.0515600321550162
Name:	69.51927961775606_10_80_1
Lambda:	69.51927961775606	Maximal Depth:	10	Filter time:	10 to 80 [us]
Chi2:	0.0295099941276344	RelRMS:	1.0729817642502395	AbsRMS:	1.0746305402929913e-07	Phi model:	0.0003084083220615
depth_vector,start_model,resistivity_model,conductivity_model,E/I[V/A],modelled_thickness,rhoa,sigma
0.0,18.9826,18.87300366379095,0.0529857365480494,8.022339538871544e-05,1.0,18.502898422488204,0.0540455866516897
1.0,18.9826,18.88781169620492,0.0529441957641354,5.152724964558648e-05,1.0,18.55197819250258,0.0539026075615014
2.0,18.9826,18.918523523707982,0.0528582475660342,3.4945404924002706e-05,1.0,18.76255880217141,0.0532976344294931
3.0,18.9826,18.967525570453123,0.0527216898316858,2.188241974250229e-05,1.0,18.97492401964041,0.0527011332938634
4.0,18.9826,19.03808402816757,0.0525262940598676,1.3059727109500825e-05,1.0,18.944456280197794,0.0527858907750906
5.0,18.9826,19.133973910588647,0.0522630586135901,8.45182779380881e-06,1.0,19.00659221882283,0.0526133242870159
6.0,18.9826,19.2590354373076,0.0519236803553957,5.821237327530238e-06,1.5,19.10326113731216,0.0523470831923465
7.5,18.9826,19.43335837562914,0.0514579096762849,3.687563080497581e-06,1.5,19.22119906385406,0.0520258906157693
9.0,18.9826,19.661143432867604,0.050861741760568,2.210504716328638e-06,nan,19.21676525155852,0.052037894354717
nan,nan,nan,nan,1.4338458497851755e-06,nan,19.269963941915847,0.0518942330672871
nan,nan,nan,nan,9.949294746474726e-07,nan,19.31346917580513,0.0517773368884315
nan,nan,nan,nan,6.345008968096019e-07,nan,19.391537729871168,0.0515688860744435
Name:	88.58667904100822_10_80_1
Lambda:	88.58667904100822	Maximal Depth:	10	Filter time:	10 to 80 [us]
Chi2:	0.029604219592436	RelRMS:	1.078179690383776	AbsRMS:	1.069483505451835e-07	Phi model:	0.0002907859204773
depth_vector,start_model,resistivity_model,conductivity_model,E/I[V/A],modelled_thickness,rhoa,sigma
0.0,18.9826,18.86467293010368,0.0530091353136703,8.021445023707686e-05,1.0,18.50427396979196,0.0540415690792565
1.0,18.9826,18.88174383674749,0.0529612099732975,5.152280521861371e-05,1.0,18.5530450563448,0.0538995079763479
2.0,18.9826,18.916419862743595,0.0528641258364923,3.4943339990787965e-05,1.0,18.76329796160879,0.0532955348279433
3.0,18.9826,18.97105342995478,0.0527118856995588,2.188195907110165e-05,1.0,18.975190332607063,0.052700393644094
4.0,18.9826,19.046596576729524,0.0525028183366767,1.3060037835184394e-05,1.0,18.94415579344861,0.0527867280497042
5.0,18.9826,19.146795672512404,0.0522280603555833,8.452366593780563e-06,1.0,19.00578448763573,0.0526155603127328
6.0,18.9826,19.27248123116944,0.0518874548640212,5.821811098099643e-06,1.5,19.102005964436017,0.0523505228645511
7.5,18.9826,19.44078133141907,0.0514382618142953,3.688085499928817e-06,1.5,19.219383891734285,0.0520308041939924
9.0,18.9826,19.65179962786205,0.0508859248993264,2.210917328487112e-06,nan,19.214374292977784,0.0520443697386215
nan,nan,nan,nan,1.4341675109647068e-06,nan,19.26708253463841,0.0519019938904708
nan,nan,nan,nan,9.951830694550904e-07,nan,19.31018803508829,0.0517861347690096
nan,nan,nan,nan,6.346857315334085e-07,nan,19.387772713230724,0.0515789005158686
Name:	112.88378916846884_10_80_1
Lambda:	112.88378916846884	Maximal Depth:	10	Filter time:	10 to 80 [us]
Chi2:	0.0297145177300598	RelRMS:	1.0842924239507687	AbsRMS:	1.0642129546964129e-07	Phi model:	0.0002748206860085
depth_vector,start_model,resistivity_model,conductivity_model,E/I[V/A],modelled_thickness,rhoa,sigma
0.0,18.9826,18.86096211666714,0.0530195646337848,8.020291439556987e-05,1.0,18.50604827983617,0.054036387719229
1.0,18.9826,18.879555636170448,0.0529673483460673,5.151726915062232e-05,1.0,18.55437417803028,0.0538956469458329
2.0,18.9826,18.91734819702062,0.052861531626166,3.4940883633992604e-05,1.0,18.7641773290748,0.0532930371773089
3.0,18.9826,18.97534945929517,0.0526999517002383,2.188148157514239e-05,1.0,18.975466381670923,0.0526996269754895
4.0,18.9826,19.05476868116404,0.0524803012165934,1.306043406258711e-05,1.0,18.943772639689964,0.0527877957057431
5.0,18.9826,19.15685577783849,0.0522006331099931,8.453010592276614e-06,1.0,19.00481916276416,0.052618232851133
6.0,18.9826,19.28268470725983,0.0518599985002869,5.822487663154513e-06,1.5,19.100526184570885,0.0523545786297649
7.5,18.9826,19.444587846065385,0.051428192148714,3.688693053038843e-06,1.5,19.217273457342262,0.0520365181990962
9.0,18.9826,19.64168339441022,0.0509121331364392,2.2113896798100672e-06,nan,19.211638077425835,0.0520517821525602
nan,nan,nan,nan,1.4345325419998616e-06,nan,19.263813929159948,0.051910800409377
nan,nan,nan,nan,9.95469533142002e-07,nan,19.30648329555593,0.0517960720599066
nan,nan,nan,nan,6.348934258458662e-07,nan,19.38354423483576,0.0515901523418414
Name:	143.8449888287663_10_80_1
Lambda:	143.8449888287663	Maximal Depth:	10	Filter time:	10 to 80 [us]
Chi2:	0.0298600069746008	RelRMS:	1.091861373871521	AbsRMS:	1.059528947540222e-07	Phi model:	0.0002586477754661
depth_vector,start_model,resistivity_model,conductivity_model,E/I[V/A],modelled_thickness,rhoa,sigma
0.0,18.9826,18.861632294580733,0.0530176807808578,8.018817453236359e-05,1.0,18.50831601457908,0.0540297669011214
1.0,18.9826,18.88123816835411,0.0529626283553824,5.1510356810671246e-05,1.0,18.55603405488531,0.0538908258651706
2.0,18.9826,18.920885747779124,0.0528516483493579,3.4937919863781806e-05,1.0,18.76523848600261,0.0532900235052126
3.0,18.9826,18.98112007650857,0.0526839299245369,2.1880979130058824e-05,1.0,18.97575686511616,0.0526988202424925
4.0,18.9826,19.062462419091823,0.0524591198143666,1.3060953811375553e-05,1.0,18.943270069544702,0.0527891961804266
5.0,18.9826,19.165310899186142,0.0521776038625319,8.453808969449881e-06,1.0,19.003622601333326,0.0526215459535509
6.0,18.9826,19.289812549244147,0.0518408355419287,5.8233156974841084e-06,1.5,19.09871550178494,0.0523595421852606
7.5,18.9826,19.445599360186844,0.0514255169757025,3.689428050940512e-06,1.5,19.214721097013825,0.0520434303964688
9.0,18.9826,19.630121778748496,0.0509421190184666,2.211954177537532e-06,nan,19.20836935770441,0.0520606398897105
nan,nan,nan,nan,1.434965792203752e-06,nan,19.259936265830408,0.0519212517735132
nan,nan,nan,nan,9.958082726749764e-07,nan,19.30210478204529,0.0518078215454614
nan,nan,nan,nan,6.351379947773935e-07,nan,19.37856797557256,0.051603400275012
Name:	183.29807108324357_10_80_1
Lambda:	183.2980710832436	Maximal Depth:	10	Filter time:	10 to 80 [us]
Chi2:	0.0300632158345612	RelRMS:	1.101166342800893	AbsRMS:	1.0568152038635904e-07	Phi model:	0.0002415850164878
depth_vector,start_model,resistivity_model,conductivity_model,E/I[V/A],modelled_thickness,rhoa,sigma
0.0,18.9826,18.866325787738187,0.053004491242801,8.017000836784288e-05,1.0,18.511111843293538,0.0540216065067044
1.0,18.9826,18.886554986516664,0.0529477186662105,5.150194485522497e-05,1.0,18.5580545388794,0.0538849585717611
2.0,18.9826,18.92708855154255,0.052834327756051,3.4934380342268464e-05,1.0,18.76650598320015,0.0532864242760588
3.0,18.9826,18.98823467616378,0.0526641900658261,2.1880423655648253e-05,1.0,18.9760780198594,0.0526979283576643
4.0,18.9826,19.07016532199745,0.0524379303018678,1.3061591740738924e-05,1.0,18.94265327046817,0.0527909150699079
5.0,18.9826,19.172438020410105,0.0521582074713422,8.454764922647488e-06,1.0,19.00219012183293,0.0526255128271256
6.0,18.9826,19.29441759828053,0.0518284625543254,5.824301380134358e-06,1.5,19.09656064494064,0.0523654504385812
7.5,18.9826,19.44383226752291,0.0514301906250396,3.690297586660844e-06,1.5,19.21170263356725,0.0520516072455114
9.0,18.9826,19.61693940123521,0.0509763515881092,2.212617124143376e-06,nan,19.20453234523109,0.0520710414616433
nan,nan,nan,nan,1.4354724647238154e-06,nan,19.25540393479558,0.0519334729817298
nan,nan,nan,nan,9.96203522678793e-07,nan,19.296998956853244,0.0518215294635155
nan,nan,nan,nan,6.354226167048156e-07,nan,19.37278077498598,0.051618815678294
Name:	233.57214690901213_10_80_1
Lambda:	233.57214690901213	Maximal Depth:	10	Filter time:	10 to 80 [us]
Chi2:	0.0303575366931612	RelRMS:	1.112757204982358	AbsRMS:	1.0580003810060245e-07	Phi model:	0.0002229050426384
depth_vector,start_model,resistivity_model,conductivity_model,E/I[V/A],modelled_thickness,rhoa,sigma
0.0,18.9826,18.875019255603696,0.0529800784019394,8.014788775880637e-05,1.0,18.51451769919241,0.0540116689101558
1.0,18.9826,18.8952690016391,0.0529233005316438,5.149177633739844e-05,1.0,18.56049766943232,0.0538778656591154
2.0,18.9826,18.93597154999885,0.0528095427984554,3.4930148304046336e-05,1.0,18.76802175054021,0.053282120688677
3.0,18.9826,18.99705335110909,0.0526397426757564,2.1879789588240272e-05,1.0,18.976444630773447,0.0526969102725562
4.0,18.9826,19.078124480294385,0.0524160538439137,1.306236367870977e-05,1.0,18.941906968715816,0.0527929950058136
5.0,18.9826,19.17846987662174,0.0521418030965538,8.455906464802307e-06,1.0,19.00047989405776,0.0526302496345232
6.0,18.9826,19.297029888667687,0.0518214463971606,5.825474707478812e-06,1.5,19.093996359608425,0.0523724830133207
7.5,18.9826,19.43962653989058,0.0514413174526771,3.691328927112616e-06,1.5,19.20812402556869,0.0520613048243993
9.0,18.9826,19.601673732274417,0.051016051672847,2.2133999036717675e-06,nan,19.200004228113272,0.0520833218638445
nan,nan,nan,nan,1.4360691676901046e-06,nan,19.250069673402155,0.0519478639280823
nan,nan,nan,nan,9.966683565348868e-07,nan,19.2909985684836,0.0518376483441212
nan,nan,nan,nan,6.357568006084841e-07,nan,19.36599134564188,0.0516369124694997
Name:	297.63514416313194_10_80_1
Lambda:	297.63514416313194	Maximal Depth:	10	Filter time:	10 to 80 [us]
Chi2:	0.0307765043157865	RelRMS:	1.1270006911836887	AbsRMS:	1.0656147529486329e-07	Phi model:	0.0002026338279739
depth_vector,start_model,resistivity_model,conductivity_model,E/I[V/A],modelled_thickness,rhoa,sigma
0.0,18.9826,18.88740085326686,0.05294534741804,8.012184334681919e-05,1.0,18.51852970213156,0.053999967388604
1.0,18.9826,18.907387765522326,0.05288937913589,5.147987411711303e-05,1.0,18.56335836822042,0.0538695628325503
2.0,18.9826,18.94748645118581,0.0527774490076184,3.492524255245547e-05,1.0,18.769779201417403,0.0532771317802441
3.0,18.9826,19.007430637850334,0.0526110035097882,2.187909270306495e-05,1.0,18.976847582666707,0.0526957913132733
4.0,18.9826,19.08655295552289,0.0523929073170144,1.3063282777781497e-05,1.0,18.941018488968822,0.0527954714041589
5.0,18.9826,19.18380494425305,0.0521273023211994,8.457244329812532e-06,1.0,18.99847603034908,0.0526358008085781
6.0,18.9826,19.297772574536385,0.0518194520190123,5.826844396820051e-06,1.5,19.091004017473075,0.0523806919261421
7.5,18.9826,19.43295875865062,0.051458967850423,3.6925286883533246e-06,1.5,19.20396311709746,0.0520725849087728
9.0,18.9826,19.584254200202235,0.0510614287262301,2.2143072233189496e-06,nan,19.194759026729987,0.0520975542650696
nan,nan,nan,nan,1.436759359314601e-06,nan,19.243904270340604,0.0519645070954357
nan,nan,nan,nan,9.972053995687769e-07,nan,19.28407186008648,0.0518562680773745
nan,nan,nan,nan,6.361423957800469e-07,nan,19.358164809318485,0.0516577893540108
Name:	379.26901907322497_10_80_1
Lambda:	379.26901907322497	Maximal Depth:	10	Filter time:	10 to 80 [us]
Chi2:	0.0313638249808044	RelRMS:	1.1443630458094871	AbsRMS:	1.0825496603963388e-07	Phi model:	0.0001808407411829
depth_vector,start_model,resistivity_model,conductivity_model,E/I[V/A],modelled_thickness,rhoa,sigma
0.0,18.9826,18.90333576539189,0.0529007161704651,8.009175111055592e-05,1.0,18.523167958240624,0.0539864456368608
1.0,18.9826,18.92272650368982,0.0528465070720652,5.146617577726147e-05,1.0,18.56665212907654,0.0538600062654234
2.0,18.9826,18.96157342255206,0.0527382394759837,3.491963421688005e-05,1.0,18.7717888521526,0.0532714280922315
3.0,18.9826,19.01947623736758,0.0525776833977845,2.1878327726364296e-05,1.0,18.977289930967988,0.0526945630086072
4.0,18.9826,19.09558063492773,0.0523681379015466,1.3064355755539149e-05,1.0,18.939981388728093,0.0527983623360442
5.0,18.9826,19.18861880094762,0.0521142251234161,8.458788647771804e-06,1.0,18.996163596754258,0.0526422082493995
6.0,18.9826,19.29695014356568,0.0518216605505112,5.828420907217801e-06,1.5,19.08756128700992,0.0523901395764241
7.5,18.9826,19.424042866524168,0.0514825881960661,3.6939062843146073e-06,1.5,19.19918823568844,0.052085535478065
9.0,18.9826,19.56452143674137,0.0511129292496795,2.215346528283628e-06,nan,19.18875522002753,0.0521138546264995
nan,nan,nan,nan,1.4375488537250467e-06,nan,19.23685785666894,0.0519835415664479
nan,nan,nan,nan,9.978192404494712e-07,nan,19.276162233977523,0.0518775463633175
nan,nan,nan,nan,6.36582753989477e-07,nan,19.349236397048752,0.0516816260590276
Name:	483.2930238571752_10_80_1
Lambda:	483.2930238571752	Maximal Depth:	10	Filter time:	10 to 80 [us]
Chi2:	0.0321635648812078	RelRMS:	1.1651736170222835	AbsRMS:	1.1116041540609661e-07	Phi model:	0.0001579568954387
depth_vector,start_model,resistivity_model,conductivity_model,E/I[V/A],modelled_thickness,rhoa,sigma
0.0,18.9826,18.922545041583483,0.0528470138558231,8.005779629259632e-05,1.0,18.528405060885635,0.053971186225362
1.0,18.9826,18.94104664360418,0.0527953929271205,5.145076545603676e-05,1.0,18.570359282117888,0.0538492543309562
2.0,18.9826,18.978071004860983,0.0526923942767346,3.491335925007586e-05,1.0,18.774038016488745,0.05326504607702
3.0,18.9826,19.033131806102453,0.0525399608528627,2.1877503542930352e-05,1.0,18.97776654445204,0.0526932396210943
4.0,18.9826,19.105262075607584,0.0523416007612236,1.3065582426142074e-05,1.0,18.9387959086278,0.0528016672667367
5.0,18.9826,19.193068535544967,0.0521021429245683,8.460536480497733e-06,1.0,18.993547272539832,0.0526494596112524
6.0,18.9826,19.294789513912896,0.0518274635377043,5.830200510290402e-06,1.5,19.08367691391252,0.0524008032891697
7.5,18.9826,19.41308371428065,0.0515116513542039,3.6954582619122e-06,1.5,19.193812484531843,0.0521001234541544
9.0,18.9826,19.542522560333985,0.0511704667047297,2.216515313476917e-06,nan,19.1820090437694,0.0521321826988093
nan,nan,nan,nan,1.438435799713869e-06,nan,19.228949355030885,0.0520049214097269
nan,nan,nan,nan,9.985084580861649e-07,nan,19.26729100228033,0.0519014323228754
nan,nan,nan,nan,6.370768799450153e-07,nan,19.33923007328351,0.0517083666831941
Name:	615.8482110660261_10_80_1
Lambda:	615.8482110660261	Maximal Depth:	10	Filter time:	10 to 80 [us]
Chi2:	0.0332146406491834	RelRMS:	1.1895654533776283	AbsRMS:	1.1547877883845097e-07	Phi model:	0.0001346607831873
depth_vector,start_model,resistivity_model,conductivity_model,E/I[V/A],modelled_thickness,rhoa,sigma
0.0,18.9826,18.944611900006805,0.0527854571673564,8.002044370317026e-05,1.0,18.5341705048426,0.0539543973515685
1.0,18.9826,18.96197547593121,0.0527371212598243,5.143385487530931e-05,1.0,18.574429472265223,0.0538374544151232
2.0,18.9826,18.996691771052063,0.0526407446123772,3.4906506064060965e-05,1.0,18.776495204362355,0.0532580755415776
3.0,18.9826,19.048227526319863,0.0524983229341549,2.187663637955289e-05,1.0,18.9782680449304,0.0526918472029446
4.0,18.9826,19.115563767238136,0.0523133930119227,1.3066952694045969e-05,1.0,18.937471872419103,0.0528053589590498
5.0,18.9826,19.19725850791763,0.0520907711685793,8.462470527215721e-06,1.0,18.990653255004617,0.0526574829508021
6.0,18.9826,19.29151529530608,0.0518362598630764,5.8321647896087625e-06,1.5,19.07939173819589,0.0524125723566991
7.5,18.9826,19.400361715085776,0.0515454306824803,3.6971683128049818e-06,1.5,19.18789355340376,0.0521161948922011
9.0,18.9826,19.518490446884915,0.0512334702686803,2.217801359358188e-06,nan,19.174592891616943,0.0521523458491364
nan,nan,nan,nan,1.439410960151484e-06,nan,19.22026365925095,0.0520284225923554
nan,nan,nan,nan,9.992658863135992e-07,nan,19.25755356435236,0.0519276758939463
nan,nan,nan,nan,6.376196547757413e-07,nan,19.328253480307104,0.0517377320728365
Name:	784.7599703514607_10_80_1
Lambda:	784.7599703514607	Maximal Depth:	10	Filter time:	10 to 80 [us]
Chi2:	0.0345420922048827	RelRMS:	1.2173871707329116	AbsRMS:	1.212634726006709e-07	Phi model:	0.0001117916064168
depth_vector,start_model,resistivity_model,conductivity_model,E/I[V/A],modelled_thickness,rhoa,sigma
0.0,18.9826,18.96895823994178,0.052717707917895,7.998045240511117e-05,1.0,18.54034821251649,0.0539364195611442
1.0,18.9826,18.984985250725188,0.0526732039447753,5.1415788815213406e-05,1.0,18.57878023842016,0.0538248467965642
2.0,18.9826,19.0170063735997,0.052584512007539,3.4899216720724814e-05,1.0,18.77910965761602,0.0532506608796781
3.0,18.9826,19.0644728692064,0.052453587721024,2.187574875068511e-05,1.0,18.97878141538612,0.0526904219039742
4.0,18.9826,19.12636248835588,0.0522838569335282,1.3068444999628573e-05,1.0,18.93603017919673,0.0528093792910516
5.0,18.9826,19.201246107281392,0.0520799532703653,8.46455760698069e-06,1.0,18.98753148231972,0.0526661404580765
6.0,18.9826,19.287361578934377,0.0518474232936141,5.8342792831913885e-06,1.5,19.07478154994684,0.052425239963117
7.5,18.9826,19.38624670731728,0.0515829605955934,3.699006188324943e-06,1.5,19.181537273011664,0.0521334648921489
9.0,18.9826,19.49285328814808,0.0513008529442949,2.2191819602483954e-06,nan,19.166639448682584,0.0521739871341261
nan,nan,nan,nan,1.440457144553855e-06,nan,19.21095625526358,0.0520536295389258
nan,nan,nan,nan,1.000078180669824e-06,nan,19.24712443275269,0.0519558131134803
nan,nan,nan,nan,6.382015307137405e-07,nan,19.31650342458106,0.0517692036710669
Name:	1000.0_10_80_1
Lambda:	1000.0	Maximal Depth:	10	Filter time:	10.0 to 80.0 [us]
Chi2:	0.036148344576247916	RelRMS:	1.248148879945879	AbsRMS:	1.2838404669887196e-07	Phi model:	9.022453167390692e-05
depth_vector,start_model,resistivity_model,conductivity_model,E/I[V/A],modelled_thickness,rhoa,sigma
0.0,18.9826,18.99485429831165,0.0526458368300769,7.99388399027885e-05,1.0,18.546781825713644,0.05391770978906859
1.0,18.9826,19.009403146106365,0.05260554433582134,5.139702759964819e-05,1.0,18.58330111333118,0.05381175249227522
2.0,18.9826,19.038453962384413,0.05252527342691633,3.4891678648107636e-05,1.0,18.781814279485115,0.053242992669364955
3.0,18.9826,19.081467174799293,0.0524068715911264,2.1874866960208045e-05,1.0,18.979291443517656,0.05268900596083887
4.0,18.9826,19.13745516165139,0.05225355155913578,1.307002633066686e-05,1.0,18.934502779258466,0.05281363929426422
5.0,18.9826,19.2050492949369,0.05206963984537305,8.46674949841554e-06,1.0,18.984254317251082,0.052675231973230326
6.0,18.9826,19.282574857115655,0.05186029393947769,5.836494561443849e-06,1.5,19.069954608954614,0.05243850971362215
7.5,18.9826,19.371191775807173,0.05162304991729562,3.7009287491920236e-06,1.5,19.174893739448205,0.05215152759583308
9.0,18.9826,19.466213745529714,0.05137105823825875,2.2206247582063836e-06,nan,19.158336504938458,0.052196598579538955
nan,nan,nan,nan,1.4415498600870328e-06,nan,19.201246907551056,0.052079951099776825
nan,nan,nan,nan,1.00092633299075e-06,nan,19.23624997305592,0.05198518429531187
nan,nan,nan,nan,6.388089055614465e-07,nan,19.30425748980767,0.051802044213717285
