Name:	10.0_10_80_1
Lambda:	10	Maximal Depth:	10	Filter time:	10 to 80 [us]
Chi2:	0.170400869998257	RelRMS:	1.569093417408386	AbsRMS:	4.2468680958764133e-07	Phi model:	0.0204420740957689
depth_vector,start_model,resistivity_model,conductivity_model,E/I[V/A],modelled_thickness,rhoa,sigma
0.0,16.2551,17.76995600634103,0.0562747594672243,0.0001039124186753,1.0,15.850759261960553,0.0630884605256639
1.0,16.2551,17.464224967479165,0.0572599128711488,6.680815767345731e-05,1.0,15.882411753627087,0.0629627298115872
2.0,16.2551,16.90879269011012,0.0591408279897414,4.532791554856402e-05,1.0,16.05817552849784,0.062273575116011
3.0,16.2551,16.220581206499478,0.0616500720454644,2.836806011143645e-05,1.0,16.24594945705005,0.0615538046972097
4.0,16.2551,15.564723669338402,0.0642478479698256,1.6891888246359343e-05,1.0,16.244536664970273,0.0615591580495121
5.0,16.2551,15.103208792864429,0.0662110955171628,1.09071135350812e-05,1.0,16.32247615224877,0.0612652143383422
6.0,16.2551,14.978863692960337,0.0667607383642841,7.49743838700433e-06,1.5,16.42720565416734,0.0608746259742791
7.5,16.2551,15.648684590684937,0.0639031347462432,4.7360476956452764e-06,1.5,16.55963088302832,0.0603878194546523
9.0,16.2551,17.521462002630578,0.0570728629751253,2.829028988748149e-06,nan,16.594757053883104,0.060259996380363
nan,nan,nan,nan,1.829562328992934e-06,nan,16.673968874157648,0.059973723565591
nan,nan,nan,nan,1.2664882954959046e-06,nan,16.73820760454476,0.0597435534094152
nan,nan,nan,nan,8.052905205044964e-07,nan,16.83914100453603,0.059385452009139
Name:	12.742749857031335_10_80_1
Lambda:	12.742749857031336	Maximal Depth:	10	Filter time:	10 to 80 [us]
Chi2:	0.172798456326131	RelRMS:	1.585329860097055	AbsRMS:	4.042630617922997e-07	Phi model:	0.0140427448060234
depth_vector,start_model,resistivity_model,conductivity_model,E/I[V/A],modelled_thickness,rhoa,sigma
0.0,16.2551,17.427684589131847,0.0573799689158716,0.0001038421580128,1.0,15.85790831276872,0.0630600190313122
1.0,16.2551,17.186334645041214,0.0581857633203093,6.673666367001913e-05,1.0,15.89375279161454,0.0629178025549506
2.0,16.2551,16.749183791267253,0.0597044018659215,4.526626524345031e-05,1.0,16.07275248894881,0.0622170969588172
3.0,16.2551,16.21160345823825,0.0616842129513,2.832479790530697e-05,1.0,16.26248754083707,0.0614912077558171
4.0,16.2551,15.697366164673626,0.0637049546726166,1.6868604975547094e-05,1.0,16.259481152718518,0.0615025775181518
5.0,16.2551,15.340572945050134,0.0651866135366648,1.089404424263942e-05,1.0,16.33552796778891,0.0612162644495998
6.0,16.2551,15.271869647924555,0.0654798674329897,7.489642813064969e-06,1.5,16.438602485293416,0.0608324217885697
7.5,16.2551,15.87225819171159,0.0630030073806507,4.732406230332856e-06,1.5,16.568124601694766,0.0603568613853682
9.0,16.2551,17.45595187676046,0.0572870506896461,2.828006673833788e-06,nan,16.598756112259142,0.0602454782296272
nan,nan,nan,nan,1.8295441616505e-06,nan,16.67407925546001,0.0599733265435058
nan,nan,nan,nan,1.2668253483692455e-06,nan,16.735238549562517,0.0597541527142522
nan,nan,nan,nan,8.057909565483335e-07,nan,16.832168322987737,0.0594100522767644
Name:	16.237767391887218_10_80_1
Lambda:	16.237767391887218	Maximal Depth:	10	Filter time:	10 to 80 [us]
Chi2:	0.1772145216615199	RelRMS:	1.6093228858435904	AbsRMS:	3.93998127431407e-07	Phi model:	0.0095845098154927
depth_vector,start_model,resistivity_model,conductivity_model,E/I[V/A],modelled_thickness,rhoa,sigma
0.0,16.2551,17.138538452773428,0.058348032579066,0.0001038070266028,1.0,15.861485972057965,0.0630457954419672
1.0,16.2551,16.95451762675308,0.0589813300510577,6.669109389111396e-05,1.0,15.900992062518531,0.0628891578631234
2.0,16.2551,16.618602265855206,0.0601735322864434,4.522378090696616e-05,1.0,16.082817007262857,0.0621781619195448
3.0,16.2551,16.202929274794432,0.0617172353862963,2.829394145426701e-05,1.0,16.274308952317494,0.061446541474045
4.0,16.2551,15.808732528333264,0.0632561780780177,1.6852174911771323e-05,1.0,16.27004758004627,0.0614626352553761
5.0,16.2551,15.547640699891808,0.0643184402895906,1.0885010135516516e-05,1.0,16.344565258612004,0.0611824165511589
6.0,16.2551,15.527544978960204,0.0644016810999419,7.48438218719158e-06,1.5,16.446304498010832,0.0608039331948979
7.5,16.2551,16.063209469000586,0.0622540596217611,4.730127510508796e-06,1.5,16.573445259291844,0.0603374847145528
9.0,16.2551,17.399972571235345,0.0574713549636936,2.8275984487176403e-06,nan,16.600353667270518,0.0602396804335327
nan,nan,nan,nan,1.829811826722428e-06,nan,16.672453158402803,0.0599791758596728
nan,nan,nan,nan,1.267299258232736e-06,nan,16.731066165415765,0.059769054172236
nan,nan,nan,nan,8.063291462011863e-07,nan,16.824677662459415,0.059436502740928
Name:	20.6913808111479_10_80_1
Lambda:	20.6913808111479	Maximal Depth:	10	Filter time:	10 to 80 [us]
Chi2:	0.1818420584238568	RelRMS:	1.6352962547422605	AbsRMS:	3.8957230900093764e-07	Phi model:	0.0065704344894978
depth_vector,start_model,resistivity_model,conductivity_model,E/I[V/A],modelled_thickness,rhoa,sigma
0.0,16.2551,16.904454212298084,0.0591560063070533,0.0001037939065582,1.0,15.862822588867104,0.0630404831421252
1.0,16.2551,16.760712979851288,0.0596633330098868,6.666328187238953e-05,1.0,15.905414366489792,0.0628716723097037
2.0,16.2551,16.506360786640585,0.0605827058384274,4.519512278252044e-05,1.0,16.08961500738545,0.0621518911136767
3.0,16.2551,16.197115593070247,0.0617393877480159,2.827233263299826e-05,1.0,16.282600305702918,0.0614152519391975
4.0,16.2551,15.908269072793155,0.0628603901168753,1.6840854619383638e-05,1.0,16.2773378303271,0.0614351075356346
5.0,16.2551,15.726278071322854,0.0635878365793059,1.0878967307830218e-05,1.0,16.350617196409456,0.0611597707895452
6.0,16.2551,15.742332330367212,0.0635229887804479,7.480989305804715e-06,1.5,16.451276758683118,0.0607855557151326
7.5,16.2551,16.220715007938303,0.0616495635063316,4.728830432500299e-06,1.5,16.576475757573167,0.0603264538629773
9.0,16.2551,17.35294492706221,0.0576271061887877,2.827602580822278e-06,nan,16.6003374946972,0.0602397391209328
nan,nan,nan,nan,1.830249020555889e-06,nan,16.669798006434977,0.0599887292943786
nan,nan,nan,nan,1.267837470982082e-06,nan,16.726330800113224,0.0597859752955041
nan,nan,nan,nan,8.068650100890784e-07,nan,16.81722764681883,0.0594628330543626
Name:	26.366508987303583_10_80_1
Lambda:	26.366508987303583	Maximal Depth:	10	Filter time:	10 to 80 [us]
Chi2:	0.1860577270709373	RelRMS:	1.660778020395241	AbsRMS:	3.88520207286414e-07	Phi model:	0.0045371061387642
depth_vector,start_model,resistivity_model,conductivity_model,E/I[V/A],modelled_thickness,rhoa,sigma
0.0,16.2551,16.707843076352596,0.0598521302498553,0.0001037944397542,1.0,15.862768263532136,0.0630406990373149
1.0,16.2551,16.604606963755078,0.0602242499435742,6.664730582183886e-05,1.0,15.90795606016052,0.0628616269882951
2.0,16.2551,16.41935960017083,0.0609037151479157,4.517601606023316e-05,1.0,16.09415131029628,0.0621343729607069
3.0,16.2551,16.19348678901963,0.061753222948752,2.8257233034020124e-05,1.0,16.288400327320755,0.0613933830151931
4.0,16.2551,15.98756952696885,0.0625485942884024,1.683310822410863e-05,1.0,16.28233120498108,0.0614162669590015
5.0,16.2551,15.872856583441065,0.0630006322266669,1.0874995080577168e-05,1.0,16.354598464969474,0.0611448824097966
6.0,16.2551,15.923882192270227,0.0627987564794607,7.478876378221576e-06,1.5,16.45437514923834,0.0607741096778317
7.5,16.2551,16.355076121753584,0.0611430966481359,4.728188342200789e-06,1.5,16.577976452642446,0.0603209929062605
9.0,16.2551,17.313202350675972,0.0577593896117639,2.827860921334098e-06,nan,16.599326458416037,0.0602434082193129
nan,nan,nan,nan,1.8307742695631643e-06,nan,16.666609478052518,0.0600002058797173
nan,nan,nan,nan,1.2683951447814745e-06,nan,16.72142774334071,0.0598035057382135
nan,nan,nan,nan,8.073793483101107e-07,nan,16.81008465048115,0.0594881001965315
Name:	33.59818286283781_10_80_1
Lambda:	33.59818286283781	Maximal Depth:	10	Filter time:	10 to 80 [us]
Chi2:	0.1897238440748406	RelRMS:	1.6848843839913892	AbsRMS:	3.893027663667505e-07	Phi model:	0.0031638723731219
depth_vector,start_model,resistivity_model,conductivity_model,E/I[V/A],modelled_thickness,rhoa,sigma
0.0,16.2551,16.556064520953075,0.0604008276685813,0.0001038025689146,1.0,15.861940071633809,0.0630439905512137
1.0,16.2551,16.476437009126325,0.0606927334742395,6.66387482058704e-05,1.0,15.90931794313859,0.062856245853788
2.0,16.2551,16.34104743764255,0.0611955876033039,4.516321866044539e-05,1.0,16.097191447366143,0.0621226381800672
3.0,16.2551,16.18315677021231,0.0617926412132804,2.824655382147175e-05,1.0,16.29250552026716,0.0613779138362754
4.0,16.2551,16.050730032109787,0.0623024621309735,1.6827781347644e-05,1.0,16.28576716562106,0.0614033093946584
5.0,16.2551,15.997823657625066,0.0625085024939232,1.087241324697441e-05,1.0,16.357187475028187,0.0611352044186481
6.0,16.2551,16.080512704988703,0.0621870719140545,7.477616012533523e-06,1.5,16.456224040407154,0.0607672815795754
7.5,16.2551,16.469924868334342,0.0607167311323098,4.727971033556449e-06,1.5,16.57848442388663,0.0603191446474551
9.0,16.2551,17.279175784883428,0.0578731307817843,2.828268957265986e-06,nan,16.597729890665395,0.0602492031493055
nan,nan,nan,nan,1.8313383397513688e-06,nan,16.663186982778935,0.0600125294779131
nan,nan,nan,nan,1.2689482699646345e-06,nan,16.716568225652477,0.0598208906577754
nan,nan,nan,nan,8.078650274204436e-07,nan,16.80334662292539,0.0595119545195636
Name:	42.81332398719393_10_80_1
Lambda:	42.81332398719393	Maximal Depth:	10	Filter time:	10 to 80 [us]
Chi2:	0.1926125306592375	RelRMS:	1.7065663231419816	AbsRMS:	3.902013270663581e-07	Phi model:	0.0023057792638411
depth_vector,start_model,resistivity_model,conductivity_model,E/I[V/A],modelled_thickness,rhoa,sigma
0.0,16.2551,16.42761279276102,0.0608731172700064,0.0001038100825694,1.0,15.861174683031722,0.0630470327692563
1.0,16.2551,16.37715055595207,0.0610606830891325,6.663330084613985e-05,1.0,15.910185003062413,0.0628528203667976
2.0,16.2551,16.28712957012882,0.0613981730601588,4.515438183066658e-05,1.0,16.09929155364822,0.0621145344605795
3.0,16.2551,16.18416300329046,0.0617887993217002,2.823917685886207e-05,1.0,16.29534280721268,0.0613672269329233
4.0,16.2551,16.105923578043175,0.0620889572184035,1.682432712312425e-05,1.0,16.287996190733573,0.0613949063033862
5.0,16.2551,16.09617506098877,0.0621265608885948,1.0870923792576492e-05,1.0,16.35868153563576,0.0611296208573777
6.0,16.2551,16.200650339795743,0.0617259171098564,7.477035214472404e-06,1.5,16.45707621590266,0.0607641349460172
7.5,16.2551,16.557359243748067,0.0603961045525778,4.728086078818732e-06,1.5,16.578215494233508,0.0603201231367655
9.0,16.2551,17.25130066987152,0.0579666437410395,2.8287740152684377e-06,nan,16.595754225417878,0.0602563756016831
nan,nan,nan,nan,1.8319080372529683e-06,nan,16.65973212664061,0.0600249747353919
nan,nan,nan,nan,1.269474535223456e-06,nan,16.711947963856172,0.0598374290156212
nan,nan,nan,nan,8.083078415773358e-07,nan,16.797209159839063,0.0595336993475635
Name:	54.5559478116852_10_80_1
Lambda:	54.5559478116852	Maximal Depth:	10	Filter time:	10 to 80 [us]
Chi2:	0.1949966401410372	RelRMS:	1.7266906891041915	AbsRMS:	3.910191397597176e-07	Phi model:	0.0017388660280213
depth_vector,start_model,resistivity_model,conductivity_model,E/I[V/A],modelled_thickness,rhoa,sigma
0.0,16.2551,16.328848287869377,0.0612413063291729,0.0001038165230299,1.0,15.860518690308464,0.0630496404011709
1.0,16.2551,16.296986152675593,0.0613610388222501,6.66294187295293e-05,1.0,15.910802994282973,0.0628503791015021
2.0,16.2551,16.241609426781515,0.0615702529055436,4.514779894185132e-05,1.0,16.100856447522855,0.0621084973497699
3.0,16.2551,16.183089479234532,0.0617928981535422,2.8233744217431105e-05,1.0,16.29743306996173,0.0613593561456698
4.0,16.2551,16.150460300210096,0.0619177398917225,1.6821976547512285e-05,1.0,16.289513462893375,0.0613891877297591
5.0,16.2551,16.177725870289663,0.0618133851455906,1.0870077735766176e-05,1.0,16.35953036086791,0.0611264491058988
6.0,16.2551,16.30059655387776,0.0613474480332506,7.476855638872291e-06,1.5,16.457339720389093,0.0607631620292248
7.5,16.2551,16.62924350161138,0.0601350265815218,4.728396681642265e-06,1.5,16.577489483950732,0.0603227648533956
9.0,16.2551,17.227162144344152,0.0580478660165342,2.829333892950688e-06,nan,16.593564805756778,0.0602643260629007
nan,nan,nan,nan,1.8324784086131969e-06,nan,16.65627497737333,0.0600374334212449
nan,nan,nan,nan,1.269982665202738e-06,nan,16.707489945973244,0.0598533952876036
nan,nan,nan,nan,8.087234962451588e-07,nan,16.791453227490898,0.0595541068692496
Name:	69.51927961775606_10_80_1
Lambda:	69.51927961775606	Maximal Depth:	10	Filter time:	10 to 80 [us]
Chi2:	0.1969234893936954	RelRMS:	1.7455570620647736	AbsRMS:	3.911624339534766e-07	Phi model:	0.001371767715269
depth_vector,start_model,resistivity_model,conductivity_model,E/I[V/A],modelled_thickness,rhoa,sigma
0.0,16.2551,16.251738454034122,0.0615318787481331,0.0001038190588756,1.0,15.86026042051151,0.0630506671067478
1.0,16.2551,16.234545039268284,0.0615970449175625,6.662530958673498e-05,1.0,15.911457191012373,0.0628477950193557
2.0,16.2551,16.20655556810817,0.0617034258635336,4.514229778258168e-05,1.0,16.10216448279767,0.062103452058779
3.0,16.2551,16.183285641501456,0.0617921491440239,2.8229587063688983e-05,1.0,16.299033028944955,0.0613533329384712
4.0,16.2551,16.18692853588589,0.0617782427211581,1.6820399146112963e-05,1.0,16.29053185726534,0.0613853500156911
5.0,16.2551,16.243607978351868,0.0615626775364633,1.0869702664852504e-05,1.0,16.359906694296786,0.0611250429899217
6.0,16.2551,16.380819877527696,0.061047005429311,7.476983278437278e-06,1.5,16.457152424382926,0.0607638535642654
7.5,16.2551,16.686084918617052,0.0599301756449936,4.728864011768561e-06,1.5,16.576397285367346,0.0603267394467397
9.0,16.2551,17.206059702181665,0.0581190590587805,2.82993960190251e-06,nan,16.591196974463557,0.0602729267538174
nan,nan,nan,nan,1.8330514158180967e-06,nan,16.65280365707373,0.0600499483806273
nan,nan,nan,nan,1.2704783365417853e-06,nan,16.703144095930192,0.0598689680372005
nan,nan,nan,nan,8.091189519071485e-07,nan,16.785981583502664,0.0595735194290219
Name:	88.58667904100822_10_80_1
Lambda:	88.58667904100822	Maximal Depth:	10	Filter time:	10 to 80 [us]
Chi2:	0.1984907003699817	RelRMS:	1.7637890900295143	AbsRMS:	3.903242005055802e-07	Phi model:	0.0011321000565179
depth_vector,start_model,resistivity_model,conductivity_model,E/I[V/A],modelled_thickness,rhoa,sigma
0.0,16.2551,16.19255643137788,0.0617567710347578,0.0001038162599392,1.0,15.860545486071894,0.0630495338813006
1.0,16.2551,16.186849989870876,0.0617785424975064,6.661985527561672e-05,1.0,15.912325649355328,0.0628443649304345
2.0,16.2551,16.180340564473457,0.061803396289177,4.5137035801719016e-05,1.0,16.10341589616847,0.0620986259342611
3.0,16.2551,16.184764938102102,0.0617865013069052,2.8226173516103955e-05,1.0,16.300347090719026,0.0613483869045569
4.0,16.2551,16.216915823018745,0.061664006332238,1.681933325498845e-05,1.0,16.291220102935227,0.0613827567046269
5.0,16.2551,16.296598652326388,0.0613624978643777,1.0869666885885824e-05,1.0,16.359942594828762,0.0611249088561038
6.0,16.2551,16.44464590366653,0.0608100658328579,7.477350125444436e-06,1.5,16.456614149336396,0.0607658410731058
7.5,16.2551,16.73028702700338,0.0597718376490468,4.729466352387637e-06,1.5,16.57498981870197,0.0603318620969332
9.0,16.2551,17.187022816303035,0.0581834335526356,2.830595031071379e-06,nan,16.588635728734907,0.0602822327497249
nan,nan,nan,nan,1.833638917694576e-06,nan,16.649246404217152,0.0600627785619597
nan,nan,nan,nan,1.2709748999961212e-06,nan,16.698793256740455,0.0598845667842705
nan,nan,nan,nan,8.095068163007531e-07,nan,16.780619302448304,0.0595925562684149
Name:	112.88378916846884_10_80_1
Lambda:	112.88378916846884	Maximal Depth:	10	Filter time:	10 to 80 [us]
Chi2:	0.1997935005944883	RelRMS:	1.781972033209954	AbsRMS:	3.882557422884271e-07	Phi model:	0.000972277778572
depth_vector,start_model,resistivity_model,conductivity_model,E/I[V/A],modelled_thickness,rhoa,sigma
0.0,16.2551,16.148310509339833,0.0619259828711877,0.0001038068697448,1.0,15.861501950457148,0.0630457319315324
1.0,16.2551,16.151502117417117,0.0619137460237609,6.661209098102281e-05,1.0,15.913562117411889,0.0628394819853592
2.0,16.2551,16.16167465283189,0.0618747760662771,4.5131294517650406e-05,1.0,16.104781575659885,0.0620933599938641
3.0,16.2551,16.18759837029932,0.0617756863695592,2.8223055204287705e-05,1.0,16.30154773155704,0.0613438684760079
4.0,16.2551,16.241824970869082,0.0615694358111587,1.6818561153245667e-05,1.0,16.291718694266528,0.0613808781483518
5.0,16.2551,16.33911883796012,0.0612028108686457,1.0869862762885848e-05,1.0,16.359746054714723,0.0611256431888079
6.0,16.2551,16.494965609414134,0.0606245580426837,7.477902065959519e-06,1.5,16.455804369289364,0.0607688313229008
7.5,16.2551,16.763894763200753,0.0596520089230784,4.730188073542029e-06,1.5,16.57330379342166,0.0603379997413022
9.0,16.2551,17.169216314419174,0.0582437766341246,2.8313054122666176e-06,nan,16.58586086084461,0.0602923181612339
nan,nan,nan,nan,1.8342523633963056e-06,nan,16.645534091332973,0.0600761738561865
nan,nan,nan,nan,1.2714847230952742e-06,nan,16.694329184457718,0.0599005799484888
nan,nan,nan,nan,8.098985053700993e-07,nan,16.77520848860402,0.0596117777420968
Name:	143.8449888287663_10_80_1
Lambda:	143.8449888287663	Maximal Depth:	10	Filter time:	10 to 80 [us]
Chi2:	0.200914685138277	RelRMS:	1.8012672034338526	AbsRMS:	3.849153194179749e-07	Phi model:	0.0008608296781825
depth_vector,start_model,resistivity_model,conductivity_model,E/I[V/A],modelled_thickness,rhoa,sigma
0.0,16.2551,16.116523811317673,0.0620481197873303,0.0001037905608174,1.0,15.863163484397628,0.0630391284174534
1.0,16.2551,16.1265590333773,0.0620095085337355,6.660173953272597e-05,1.0,15.915210964722558,0.06283297169083
2.0,16.2551,16.1494999188601,0.0619214220269542,4.5124875746914775e-05,1.0,16.106308751796757,0.0620874723942221
3.0,16.2551,16.1918507361199,0.0617594626023357,2.822014279332325e-05,1.0,16.302669294267503,0.0613396482471511
4.0,16.2551,16.262817792607784,0.0614899590435396,1.681809091744862e-05,1.0,16.292022371763313,0.0613797340306357
5.0,16.2551,16.373180287676526,0.0610754894547067,1.0870334364514432e-05,1.0,16.35927288075877,0.0611274111807357
6.0,16.2551,16.534144362911533,0.0604809041248692,7.4786928233016445e-06,1.5,16.45464438248803,0.0607731152831389
7.5,16.2551,16.788526968519147,0.0595644872164866,4.731083771960637e-06,1.5,16.571211932985715,0.0603456164850234
9.0,16.2551,17.151638241544887,0.0583034685035385,2.832118562292529e-06,nan,16.582685984662405,0.0603038615653046
nan,nan,nan,nan,1.83493106198424e-06,nan,16.64142930604818,0.0600909922825294
nan,nan,nan,nan,1.2720396667160636e-06,nan,16.68947342118918,0.0599180078821652
nan,nan,nan,nan,8.103179500736437e-07,nan,16.7694190907336,0.0596323578407422
Name:	183.29807108324357_10_80_1
Lambda:	183.2980710832436	Maximal Depth:	10	Filter time:	10 to 80 [us]
Chi2:	0.2019551159026642	RelRMS:	1.822191481981252	AbsRMS:	3.801142808668653e-07	Phi model:	0.0007779237841767
depth_vector,start_model,resistivity_model,conductivity_model,E/I[V/A],modelled_thickness,rhoa,sigma
0.0,16.2551,16.09542209754789,0.0621294672447483,0.0001037660125896,1.0,15.86566524894554,0.0630291881436526
1.0,16.2551,16.110587825149715,0.0620709815714441,6.658788688127075e-05,1.0,15.917418175244554,0.0628242588710298
2.0,16.2551,16.14310162047586,0.0619459645060775,4.511714287511265e-05,1.0,16.108149064300175,0.0620803790682728
3.0,16.2551,16.19769150790708,0.0617371925815378,2.821705850979448e-05,1.0,16.303857255051053,0.0613351788080819
4.0,16.2551,16.280950708433203,0.0614214745753158,1.681774175641849e-05,1.0,16.292247868531867,0.061378884489689
5.0,16.2551,16.400519659364964,0.0609736777108147,1.0870993206072378e-05,1.0,16.35861189989593,0.0611298810754451
6.0,16.2551,16.564221277121426,0.0603710843552424,7.479678595898985e-06,1.5,16.45319860790137,0.0607784555350694
7.5,16.2551,16.8055494256138,0.0595041539359535,4.732140955062785e-06,1.5,16.568743781992133,0.0603546058263546
9.0,16.2551,17.133667860655382,0.058364619189119,2.8330383385165022e-06,nan,16.579096626077064,0.0603169172937391
nan,nan,nan,nan,1.835683755738643e-06,nan,16.63687995451328,0.0601074241524907
nan,nan,nan,nan,1.2726492418113632e-06,nan,16.684143699355666,0.0599371485896887
nan,nan,nan,nan,8.107739379411694e-07,nan,16.763130968375563,0.0596547269055254
Name:	233.57214690901213_10_80_1
Lambda:	233.57214690901213	Maximal Depth:	10	Filter time:	10 to 80 [us]
Chi2:	0.2030182090474499	RelRMS:	1.845700711244964	AbsRMS:	3.738366176243651e-07	Phi model:	0.0007105360238042
depth_vector,start_model,resistivity_model,conductivity_model,E/I[V/A],modelled_thickness,rhoa,sigma
0.0,16.2551,16.0835806927582,0.0621752095570522,0.0001037325116463,1.0,15.86908099673863,0.0630156213964449
1.0,16.2551,16.102480769864012,0.0621022322145238,6.657007972283991e-05,1.0,15.920256601088925,0.0628130579209132
2.0,16.2551,16.14193121744404,0.061950456022222,4.5107813824497294e-05,1.0,16.110369944244205,0.0620718210358212
3.0,16.2551,16.205280177189948,0.0617082820578177,2.8213672626737225e-05,1.0,16.305161630904536,0.0613302721332499
4.0,16.2551,16.297088620231648,0.0613606530161818,1.6817490115371968e-05,1.0,16.292410389338144,0.0613782722201993
5.0,16.2551,16.422540221524766,0.0608919196732619,1.0871857073629148e-05,1.0,16.357745328456584,0.06113311950519
6.0,16.2551,16.586807581746747,0.0602888768722721,7.480891506080616e-06,1.5,16.451420139706723,0.0607850259435309
7.5,16.2551,16.815991056695523,0.0594672057465109,4.733396825498083e-06,1.5,16.56581295993713,0.0603652837574833
9.0,16.2551,17.11456233229317,0.058429773463334,2.834098847113321e-06,nan,16.574960479770557,0.060331968888884
nan,nan,nan,nan,1.8365390378097524e-06,nan,16.63171432157997,0.0601260928768167
nan,nan,nan,nan,1.273336885548413e-06,nan,16.678136501568986,0.0599587369911456
nan,nan,nan,nan,8.112842229578023e-07,nan,16.756101067474457,0.0596797546143426
Name:	297.63514416313194_10_80_1
Lambda:	297.63514416313194	Maximal Depth:	10	Filter time:	10 to 80 [us]
Chi2:	0.2042264131750486	RelRMS:	1.8727215691802448	AbsRMS:	3.661365624627783e-07	Phi model:	0.0006504375464914
depth_vector,start_model,resistivity_model,conductivity_model,E/I[V/A],modelled_thickness,rhoa,sigma
0.0,16.2551,16.07994443072528,0.0621892696400876,0.0001036892999732,1.0,15.873489564267956,0.0629981199755252
1.0,16.2551,16.101420360906733,0.0621063221495626,6.654786057554272e-05,1.0,15.92380006431486,0.0627990803678196
2.0,16.2551,16.145609021705607,0.0619363443432597,4.509661537327476e-05,1.0,16.113036866135804,0.0620615473239352
3.0,16.2551,16.214792767720038,0.061672080200172,2.8209864230217525e-05,1.0,16.306629087422344,0.0613247529356831
4.0,16.2551,16.311960494135562,0.061304709532586,1.681731411368381e-05,1.0,16.292524061343542,0.0613778439875163
5.0,16.2551,16.44039144393232,0.0608258023180507,1.0872942242991317e-05,1.0,16.35665692515528,0.0611371874201308
6.0,16.2551,16.603202846497137,0.060229343051782,7.482361084174009e-06,1.5,16.449265967795416,0.0607929862619896
7.5,16.2551,16.820651495885464,0.0594507293754116,4.734885376885639e-06,1.5,16.562340808851975,0.0603779388156012
9.0,16.2551,17.09367381181771,0.0585011748210996,2.8353309411132903e-06,nan,16.570158362222458,0.060349453405337
nan,nan,nan,nan,1.8375226566315169e-06,nan,16.625778530061236,0.0601475592972617
nan,nan,nan,nan,1.2741236624277648e-06,nan,16.671269913745018,0.059983432886269
nan,nan,nan,nan,8.118647234188874e-07,nan,16.748112804041703,0.0597082197678222
Name:	379.26901907322497_10_80_1
Lambda:	379.26901907322497	Maximal Depth:	10	Filter time:	10 to 80 [us]
Chi2:	0.2057260341102352	RelRMS:	1.904151727451742	AbsRMS:	3.57193020597162e-07	Phi model:	0.0005926025937639
depth_vector,start_model,resistivity_model,conductivity_model,E/I[V/A],modelled_thickness,rhoa,sigma
0.0,16.2551,16.083713540289814,0.0621746960050608,0.0001036357182048,1.0,15.878960370298657,0.0629764151228996
1.0,16.2551,16.106791992412447,0.0620856096279804,6.652084208578503e-05,1.0,15.928111574272894,0.0627820815629645
2.0,16.2551,16.15386418834363,0.061904692793046,4.50833228099292e-05,1.0,16.11620393585067,0.0620493513224593
3.0,16.2551,16.226394657465505,0.0616279845960677,2.820553909811083e-05,1.0,16.308296053672887,0.0613184845742841
4.0,16.2551,16.32616780165067,0.0612513611368673,1.6817201400869816e-05,1.0,16.292596858798124,0.0613775697432783
5.0,16.2551,16.45500420308094,0.0607717863610612,1.0874267126860872e-05,1.0,16.355328338395495,0.061142153756242
6.0,16.2551,16.61444990244728,0.0601885711456929,7.484115916870473e-06,1.5,16.446694580764024,0.0608024910470214
7.5,16.2551,16.82015673077973,0.0594524781193072,4.736637885238594e-06,1.5,16.558255290603867,0.0603928362287939
9.0,16.2551,17.070455449568882,0.0585807451332679,2.836762293655756e-06,nan,16.56458399472263,0.0603697623990191
nan,nan,nan,nan,1.8386574482070471e-06,nan,16.618937040117913,0.0601723201421373
nan,nan,nan,nan,1.2750281476799108e-06,nan,16.6633847539007,0.0600118172129412
nan,nan,nan,nan,8.12529401845043e-07,nan,16.738977850458404,0.0597408043032098
Name:	483.2930238571752_10_80_1
Lambda:	483.2930238571752	Maximal Depth:	10	Filter time:	10 to 80 [us]
Chi2:	0.2076887872215452	RelRMS:	1.9408042524845777	AbsRMS:	3.4736474634806386e-07	Phi model:	0.0005342561610366
depth_vector,start_model,resistivity_model,conductivity_model,E/I[V/A],modelled_thickness,rhoa,sigma
0.0,16.2551,16.094240014099455,0.0621340305055687,0.0001035713544282,1.0,15.885538276818572,0.0629503377584175
1.0,16.2551,16.11809475708342,0.0620420722840415,6.648877749228311e-05,1.0,15.933232111408683,0.0627619049925199
2.0,16.2551,16.166469747777516,0.061856423548343,4.506779198638754e-05,1.0,16.119906262719997,0.0620351001862007
3.0,16.2551,16.24020854547292,0.0615755639590451,2.8200638902517908e-05,1.0,16.310185172251032,0.0613113823932132
4.0,16.2551,16.34018565285566,0.0611988150713108,1.6817149461911938e-05,1.0,16.292630404715773,0.061377443369154
5.0,16.2551,16.467123454968707,0.0607270603596686,1.087584969034904e-05,1.0,16.353741705383545,0.0611480857417973
6.0,16.2551,16.621391105225687,0.0601634360005887,7.4861801893863e-06,1.5,16.443671052145813,0.0608136709150178
7.5,16.2551,16.815022540472654,0.059470630954735,4.738679549140268e-06,1.5,16.55349885725556,0.0604101893275384
9.0,16.2551,17.044494705138906,0.0586699704097711,2.838414799537833e-06,nan,16.558154178275558,0.0603932050175018
nan,nan,nan,nan,1.839961338466188e-06,nan,16.611084762716985,0.0602007643862287
nan,nan,nan,nan,1.2760648594815108e-06,nan,16.654358322639144,0.0600443427856747
nan,nan,nan,nan,8.13289135588196e-07,nan,16.72855175349746,0.0597780378562016
Name:	615.8482110660261_10_80_1
Lambda:	615.8482110660261	Maximal Depth:	10	Filter time:	10 to 80 [us]
Chi2:	0.2103063635088801	RelRMS:	1.9833086056783933	AbsRMS:	3.372370713468075e-07	Phi model:	0.0004743025361704
depth_vector,start_model,resistivity_model,conductivity_model,E/I[V/A],modelled_thickness,rhoa,sigma
0.0,16.2551,16.11092480053868,0.062069683297545,0.0001034962088617,1.0,15.893226696055768,0.0629198852520093
1.0,16.2551,16.134850940901103,0.0619776410493539,6.64516366030259e-05,1.0,15.939168451760084,0.0627385301200938
2.0,16.2551,16.18317524248816,0.0617925706801065,4.5049991929388097e-05,1.0,16.12415215853175,0.0620187647801916
3.0,16.2551,16.256277402490728,0.061514698306439,2.819514824000136e-05,1.0,16.312302577114906,0.0613034239202339
4.0,16.2551,16.3543590230158,0.061145777623732,1.6817163074684244e-05,1.0,16.29262161259085,0.0613774764907819
5.0,16.2551,16.477336401909394,0.0606894206447177,1.0877702144624922e-05,1.0,16.351884976314413,0.0611550290042091
6.0,16.2551,16.62472318779002,0.0601513774818486,7.488567822004618e-06,1.5,16.44017563237783,0.0608266007834226
7.5,16.2551,16.805720657464732,0.0595035476539247,4.7410241999889874e-06,1.5,16.548040771509587,0.0604301145862342
9.0,16.2551,17.015562607089876,0.058769728811866,2.840300576552925e-06,nan,16.55082433366447,0.060419951287018
nan,nan,nan,nan,1.8414443051933856e-06,nan,16.602165317081624,0.0602331070014777
nan,nan,nan,nan,1.2772418940497729e-06,nan,16.644124934803834,0.0600812601393625
nan,nan,nan,nan,8.14150022253377e-07,nan,16.716757099809815,0.0598202147718816
Name:	784.7599703514607_10_80_1
Lambda:	784.7599703514607	Maximal Depth:	10	Filter time:	10 to 80 [us]
Chi2:	0.2137745916260349	RelRMS:	2.031985313321195	AbsRMS:	3.2763675943450285e-07	Phi model:	0.0004129466778185
depth_vector,start_model,resistivity_model,conductivity_model,E/I[V/A],modelled_thickness,rhoa,sigma
0.0,16.2551,16.133120745493233,0.0619842878371407,0.000103410860499,1.0,15.901970293191836,0.0628852891536423
1.0,16.2551,16.156519855472407,0.0618945174422131,6.640968308244463e-05,1.0,15.945880664124,0.0627121211467398
2.0,16.2551,16.203641154988446,0.0617145239415611,4.503003827403869e-05,1.0,16.128915083174768,0.0620004504235484
3.0,16.2551,16.274526424066995,0.0614457203818346,2.818910200189532e-05,1.0,16.314635027908697,0.0612946595672747
4.0,16.2551,16.368895533669818,0.0610914766938955,1.681725174395927e-05,1.0,16.29256434377197,0.0613776922343266
5.0,16.2551,16.486095612977753,0.0606571758089772,1.0879825477745134e-05,1.0,16.349757391426635,0.0611629870743141
6.0,16.2551,16.625046563134696,0.0601502074717466,7.4912764013065e-06,1.5,16.43621260472942,0.0608412670271894
7.5,16.2551,16.79274097859704,0.0595495399634006,4.743668802137209e-06,1.5,16.541889828947664,0.0604525849428666
9.0,16.2551,16.98366522855366,0.0588801054744506,2.842417784232564e-06,nan,16.542604598057604,0.0604499729212785
nan,nan,nan,nan,1.8431051897531104e-06,nan,16.59218996924688,0.0602693195927402
nan,nan,nan,nan,1.2785584384850652e-06,nan,16.63269722489143,0.0601225397467984
nan,nan,nan,nan,8.151115930367936e-07,nan,16.703607565074076,0.0598673068739306
Name:	1000.0_10_80_1
Lambda:	1000.0	Maximal Depth:	10	Filter time:	10.0 to 80.0 [us]
Chi2:	0.21826592667776065	RelRMS:	2.086714879589114	AbsRMS:	3.195790824724378e-07	Phi model:	0.0003513736375216387
depth_vector,start_model,resistivity_model,conductivity_model,E/I[V/A],modelled_thickness,rhoa,sigma
0.0,16.2551,16.1600533887721,0.061880983678853044,0.00010331659156486576,1.0,15.911641756388835,0.06284706602311986
1.0,16.2551,16.182427528373637,0.06179542582512043,6.636353092682139e-05,1.0,15.953272791310956,0.06268306278475072
2.0,16.2551,16.227385470561618,0.061624221709289974,4.500821658762705e-05,1.0,16.134127934209776,0.061980418407347804
3.0,16.2551,16.294732224273076,0.061369526435689,2.818258926633875e-05,1.0,16.317148371891182,0.061285218299703334
4.0,16.2551,16.38386004021425,0.061035677645286036,1.681742651107052e-05,1.0,16.2924514684227,0.06137811746367053
5.0,16.2551,16.493738502156845,0.06062906841097502,1.088220436873399e-05,1.0,16.347374558781006,0.061171902338461384
6.0,16.2551,16.622905932300977,0.0601579533730525,7.4942818474009e-06,1.5,16.431818013912945,0.06085753865782182
7.5,16.2551,16.776641595740795,0.05960668553912942,4.7465887540875265e-06,1.5,16.535105100013844,0.0604773900106122
9.0,16.2551,16.94908344757714,0.05900024051996447,2.844747096761228e-06,nan,16.533573178559962,0.06048299355500224
nan,nan,nan,nan,1.8449290257077029e-06,nan,16.581253172470262,0.0603090725169249
nan,nan,nan,nan,1.2800026952901274e-06,nan,16.620183498205467,0.06016780741969384
nan,nan,nan,nan,8.161653265381885e-07,nan,16.68922735729087,0.059918891305842215
