Name:	10.0_10_80_1
Lambda:	10	Maximal Depth:	10	Filter time:	10 to 80 [us]
Chi2:	0.2852833090625015	RelRMS:	3.62269943626922	AbsRMS:	1.963385821428077e-07	Phi model:	0.0171045348440568
depth_vector,start_model,resistivity_model,conductivity_model,E/I[V/A],modelled_thickness,rhoa,sigma
0.0,15.1476,14.193146093850382,0.0704565424316516,0.0001101477040647,1.0,14.978103411459296,0.0667641271080376
1.0,15.1476,14.420222047009084,0.0693470597567817,7.087218993552989e-05,1.0,15.000220091988018,0.0666656884944057
2.0,15.1476,14.892828387736325,0.0671464126198796,4.8168222509105634e-05,1.0,15.148804846240497,0.0660118082020293
3.0,15.1476,15.522258111541875,0.0644236162557064,3.026690030080745e-05,1.0,15.28498361862382,0.0654236880425282
4.0,15.1476,16.201285666576307,0.0617234965533029,1.8149237615352177e-05,1.0,15.212454383656944,0.0657356120702206
5.0,15.1476,16.77280112122064,0.0596203337041192,1.1796334151213556e-05,1.0,15.218551074715007,0.0657092777814741
6.0,15.1476,17.03888491656608,0.058689286587513,8.155454120901474e-06,1.5,15.25757863213579,0.0655411991712618
7.5,15.1476,16.50298022147943,0.0605951159475093,5.191092590408406e-06,1.5,15.30268358881487,0.0653480152155093
9.0,15.1476,14.947902748008472,0.0668990169964299,3.1281739556940025e-06,nan,15.245698196016807,0.0655922731214282
nan,nan,nan,nan,2.0380808469693367e-06,nan,15.24292359085125,0.0656042126065761
nan,nan,nan,nan,1.4192664184141524e-06,nan,15.240967517105402,0.0656126324577274
nan,nan,nan,nan,9.090271399530736e-07,nan,15.25864058009392,0.0655366377332839
Name:	12.742749857031335_10_80_1
Lambda:	12.742749857031336	Maximal Depth:	10	Filter time:	10 to 80 [us]
Chi2:	0.2869156859275204	RelRMS:	3.681636001584538	AbsRMS:	2.177616240976504e-07	Phi model:	0.0118140455491311
depth_vector,start_model,resistivity_model,conductivity_model,E/I[V/A],modelled_thickness,rhoa,sigma
0.0,15.1476,14.429286595558718,0.0693034955940092,0.0001099591939406,1.0,14.995217141790777,0.0666879305944199
1.0,15.1476,14.619805872853538,0.068400361037408,7.078482964565333e-05,1.0,15.012559404265934,0.0666108937904247
2.0,15.1476,15.012744399355038,0.0666100729752623,4.81269947468965e-05,1.0,15.157455046145252,0.0659741359585502
3.0,15.1476,15.533094042425075,0.0643786741565286,3.024942666315244e-05,1.0,15.29086931823872,0.0653985054209583
4.0,15.1476,16.08671364258839,0.0621631006940145,1.81383959544048e-05,1.0,15.21851562697233,0.0657094308348748
5.0,15.1476,16.54525824174305,0.0604402775338397,1.1788520071380063e-05,1.0,15.225275460729174,0.0656802566613207
6.0,15.1476,16.74945407663072,0.0597034384180453,8.149597637450224e-06,1.5,15.264887382169173,0.0655098183801928
7.5,15.1476,16.296543081043215,0.0613627071107638,5.186630863767086e-06,1.5,15.311458277383402,0.065310565583234
9.0,15.1476,15.001233629042169,0.0666611843218023,3.124647761025767e-06,nan,15.257165983227356,0.0655429718139875
nan,nan,nan,nan,2.0353125380647885e-06,nan,15.256742127459336,0.065544792698579
nan,nan,nan,nan,1.417087074255268e-06,nan,15.256589613206495,0.065545447924638
nan,nan,nan,nan,9.074172581719304e-07,nan,15.276682518707435,0.0654592382066869
Name:	16.237767391887218_10_80_1
Lambda:	16.237767391887218	Maximal Depth:	10	Filter time:	10 to 80 [us]
Chi2:	0.2904070966963001	RelRMS:	3.731709626793952	AbsRMS:	2.4270353401450245e-07	Phi model:	0.0080130018274606
depth_vector,start_model,resistivity_model,conductivity_model,E/I[V/A],modelled_thickness,rhoa,sigma
0.0,15.1476,14.638283011109548,0.0683140228427789,0.0001098179293668,1.0,15.00807381031055,0.0666308023693886
1.0,15.1476,14.796134420763252,0.0675852200015641,7.07224651533735e-05,1.0,15.021383692240658,0.0665717633267402
2.0,15.1476,15.11779169169961,0.0661472270813896,4.809976731992168e-05,1.0,15.163174541238089,0.0659492507509149
3.0,15.1476,15.54178807868519,0.0643426608918604,3.023920907952492e-05,1.0,15.294313564822506,0.0653837778179229
4.0,15.1476,15.986914394543652,0.0625511574854808,1.813172710965372e-05,1.0,15.22224697578918,0.0656933238299502
5.0,15.1476,16.34919909998947,0.0611650756642044,1.1783392474062344e-05,1.0,15.22969203944993,0.0656612095247671
6.0,15.1476,16.501761176866218,0.0605995923272661,8.14558001175805e-06,1.5,15.269906346503753,0.0654882863920749
7.5,15.1476,16.11993900342825,0.0620349741886323,5.183378638025375e-06,1.5,15.31786222306798,0.0652832611651283
9.0,15.1476,15.047841414989314,0.0664547141627828,3.1219286301165467e-06,nan,15.266023800854722,0.0655049417611946
nan,nan,nan,nan,2.033114557564501e-06,nan,15.26773609145836,0.0654975953219061
nan,nan,nan,nan,1.4153278799208792e-06,nan,15.269229204561526,0.0654911905901091
nan,nan,nan,nan,9.060972073182896e-07,nan,15.291516176965857,0.0653957389461703
Name:	20.6913808111479_10_80_1
Lambda:	20.6913808111479	Maximal Depth:	10	Filter time:	10 to 80 [us]
Chi2:	0.2943461331242725	RelRMS:	3.773115633422079	AbsRMS:	2.642712488556188e-07	Phi model:	0.0053552932266666
depth_vector,start_model,resistivity_model,conductivity_model,E/I[V/A],modelled_thickness,rhoa,sigma
0.0,15.1476,14.819328558845807,0.067479440517775,0.0001097141305381,1.0,15.01753825480455,0.0665888098989906
1.0,15.1476,14.948685382056151,0.0668955145179764,7.067930620643886e-05,1.0,15.02749808106715,0.0665446766058736
2.0,15.1476,15.208058602556187,0.0657546124810381,4.808291013010976e-05,1.0,15.166718330879378,0.0659338413349448
3.0,15.1476,15.548644235383543,0.0643142890699327,3.023416516859806e-05,1.0,15.2960145325874,0.0653765069240454
4.0,15.1476,15.901636165145176,0.0628866105106782,1.812806481748837e-05,1.0,15.2242970728621,0.06568447759618
5.0,15.1476,16.183171851516843,0.0617925836279289,1.1780236971871902e-05,1.0,15.23241157621808,0.0656494866224118
6.0,15.1476,16.2931512127828,0.0613754814486377,8.14293440028733e-06,1.5,15.273213594249722,0.0654741056182501
7.5,15.1476,15.971242409741247,0.0626125366045459,5.181056879826186e-06,1.5,15.322438086944596,0.0652637650957157
9.0,15.1476,15.087890989067535,0.0662783155528221,3.1198565832074766e-06,nan,15.272782320301618,0.06547595448085
nan,nan,nan,nan,2.031387081990911e-06,nan,15.276390573471083,0.0654604891902014
nan,nan,nan,nan,1.4139219769010178e-06,nan,15.279349281822013,0.0654478133561427
nan,nan,nan,nan,9.050259909304268e-07,nan,15.303580134739772,0.0653441868631744
Name:	26.366508987303583_10_80_1
Lambda:	26.366508987303583	Maximal Depth:	10	Filter time:	10 to 80 [us]
Chi2:	0.2980628788505023	RelRMS:	3.8067518828439577	AbsRMS:	2.809837931288381e-07	Phi model:	0.0035399269530205
depth_vector,start_model,resistivity_model,conductivity_model,E/I[V/A],modelled_thickness,rhoa,sigma
0.0,15.1476,14.973071052464416,0.0667865661290246,0.0001096391469585,1.0,15.024384595669078,0.0665584665802724
1.0,15.1476,15.078433486346698,0.0663198866716151,7.06503767075316e-05,1.0,15.031600048586464,0.0665265172548306
2.0,15.1476,15.284448809582964,0.065425977243813,4.807338555628634e-05,1.0,15.168721542664278,0.0659251339796404
3.0,15.1476,15.5538447100911,0.0642927853941614,3.0232591134463588e-05,1.0,15.29654544396873,0.0653742378410211
4.0,15.1476,15.829868923224035,0.0631717170148451,1.812645054899796e-05,1.0,15.225200935727278,0.0656805781560105
5.0,15.1476,16.044624626869354,0.0623261698703337,1.177846078941786e-05,1.0,15.233942894710443,0.0656428875250163
6.0,15.1476,16.119810285141064,0.0620354695440666,8.141269879256174e-06,1.5,15.275295310362164,0.0654651828119904
7.5,15.1476,15.847770121586445,0.0631003600082441,5.179426989190047e-06,1.5,15.325652417896052,0.0652500769776222
9.0,15.1476,15.121805084886956,0.0661296713181034,3.1182895815189285e-06,nan,15.277898473689255,0.0654540283614362
nan,nan,nan,nan,2.030038401195203e-06,nan,15.283155862229204,0.065431512248815
nan,nan,nan,nan,1.4128061825318766e-06,nan,15.287393021912075,0.0654133767979051
nan,nan,nan,nan,9.041633751347452e-07,nan,15.313312160406705,0.0653026588581892
Name:	33.59818286283781_10_80_1
Lambda:	33.59818286283781	Maximal Depth:	10	Filter time:	10 to 80 [us]
Chi2:	0.3013032754335924	RelRMS:	3.833911597643516	AbsRMS:	2.9326851037863164e-07	Phi model:	0.0023233381057424
depth_vector,start_model,resistivity_model,conductivity_model,E/I[V/A],modelled_thickness,rhoa,sigma
0.0,15.1476,15.101517936375409,0.0662185089083843,0.0001095856542254,1.0,15.02927349607412,0.0665368156525473
1.0,15.1476,15.187246596408055,0.065844720019,7.063156749104272e-05,1.0,15.03426854448596,0.0665147091819618
2.0,15.1476,15.348355235386968,0.065153561060042,4.8068742383001205e-05,1.0,15.16969833638815,0.0659208889870447
3.0,15.1476,15.557312826711236,0.0642784529139918,3.0233134645652067e-05,1.0,15.296362116005294,0.0653750213558067
4.0,15.1476,15.770070357099591,0.0634112579941538,1.812611210474458e-05,1.0,15.225390454792302,0.0656797605926252
5.0,15.1476,15.930726421702738,0.0627717765988172,1.1777576755018698e-05,1.0,15.234705199858126,0.0656396029251233
6.0,15.1476,15.97747811054637,0.0625881001420319,8.14025902862475e-06,1.5,15.276559866547007,0.0654597637646041
7.5,15.1476,15.74622104737662,0.0635073010210665,5.178282491431043e-06,1.5,15.32791050621291,0.0652404644191174
9.0,15.1476,15.15024630673263,0.0660055275507705,3.1170989291728515e-06,nan,15.281788737940069,0.0654373658181324
nan,nan,nan,nan,2.028982163569784e-06,nan,15.288459422570646,0.0654088140838887
nan,nan,nan,nan,1.4119191786340824e-06,nan,15.293794973719386,0.0653859948899788
nan,nan,nan,nan,9.034688502795824e-07,nan,15.321159037647307,0.0652692134807027
Name:	42.81332398719393_10_80_1
Lambda:	42.81332398719393	Maximal Depth:	10	Filter time:	10 to 80 [us]
Chi2:	0.3039985602732324	RelRMS:	3.855820277498621	AbsRMS:	3.0187164651530364e-07	Phi model:	0.0015256546915981
depth_vector,start_model,resistivity_model,conductivity_model,E/I[V/A],modelled_thickness,rhoa,sigma
0.0,15.1476,15.207728319979596,0.0657560405446105,0.0001095484988816,1.0,15.032671602956926,0.0665217751316605
1.0,15.1476,15.276225023661928,0.0654611985913445,7.06200154387608e-05,1.0,15.035908041168728,0.0665074565009291
2.0,15.1476,15.401554304507997,0.0649285117741202,4.806728363818036e-05,1.0,15.17000524794048,0.0659195553103557
3.0,15.1476,15.56010204729329,0.0642669307026782,3.0234855820148465e-05,1.0,15.295781594893796,0.0653775025353285
4.0,15.1476,15.718560896877111,0.0636190556222405,1.8126498143166933e-05,1.0,15.225174284832097,0.0656806931265304
5.0,15.1476,15.836693535740926,0.0631444940033194,1.1777227759770416e-05,1.0,15.235006165618689,0.0656383062224635
6.0,15.1476,15.863236166250406,0.0630388395860571,8.139656410493206e-06,1.5,15.277313855651656,0.0654565330953165
7.5,15.1476,15.664755878049968,0.0638375731983948,5.177463936967935e-06,1.5,15.32952602031089,0.0652335890017113
9.0,15.1476,15.173855248779873,0.0659028298085557,3.1161820881418684e-06,nan,15.284786056150953,0.0654245336720023
nan,nan,nan,nan,2.0281479446353907e-06,nan,15.292651440283644,0.065390884236452
nan,nan,nan,nan,1.4112100888709052e-06,nan,15.298917653211891,0.0653641010865927
nan,nan,nan,nan,9.029081705060118e-07,nan,15.327501044845192,0.0652422072635454
Name:	54.5559478116852_10_80_1
Lambda:	54.5559478116852	Maximal Depth:	10	Filter time:	10 to 80 [us]
Chi2:	0.3062320772750657	RelRMS:	3.873656262142707	AbsRMS:	3.078862320926533e-07	Phi model:	0.0009994161860061
depth_vector,start_model,resistivity_model,conductivity_model,E/I[V/A],modelled_thickness,rhoa,sigma
0.0,15.1476,15.296601266471404,0.0653739992681837,0.0001095224014231,1.0,15.035059540278995,0.0665112098373136
1.0,15.1476,15.347564099891382,0.0651569195926718,7.061313181673722e-05,1.0,15.036885194884382,0.0665031345946702
2.0,15.1476,15.442283613093968,0.0647572616236675,4.8067698028820034e-05,1.0,15.169918060945628,0.0659199341738345
3.0,15.1476,15.562733664881788,0.0642560633326623,3.023716323586372e-05,1.0,15.295003431601822,0.0653808287439705
4.0,15.1476,15.6809369030793,0.0637716997511563,1.8127281918649074e-05,1.0,15.224735417627636,0.0656825864337958
5.0,15.1476,15.762043786449388,0.0634435491709329,1.1777204434377817e-05,1.0,15.235026281449784,0.0656382195557879
6.0,15.1476,15.768250938095184,0.0634185746996236,8.139318544868815e-06,1.5,15.277736630068343,0.0654547217440497
7.5,15.1476,15.59710926142058,0.0641144447499318,5.176872596700245e-06,1.5,15.330693365174294,0.065228621835959
9.0,15.1476,15.193605285173762,0.0658171632888094,3.1154665879557933e-06,nan,15.287126176193148,0.0654145186266149
nan,nan,nan,nan,2.0274810196949875e-06,nan,15.296004859783883,0.0653765482664817
nan,nan,nan,nan,1.4106368081001708e-06,nan,15.303062344603449,0.0653463978308005
nan,nan,nan,nan,9.024508105961512e-07,nan,15.332679234742574,0.0652201735058856
Name:	69.51927961775606_10_80_1
Lambda:	69.51927961775606	Maximal Depth:	10	Filter time:	10 to 80 [us]
Chi2:	0.3080078163333499	RelRMS:	3.8884066587970985	AbsRMS:	3.11583853049561e-07	Phi model:	0.000666102194793
depth_vector,start_model,resistivity_model,conductivity_model,E/I[V/A],modelled_thickness,rhoa,sigma
0.0,15.1476,15.368151843863414,0.065069632976024,0.0001095059848936,1.0,15.036562151188331,0.0665045633400298
1.0,15.1476,15.405619521219984,0.064911378515001,7.061002526405859e-05,1.0,15.037326232666985,0.0665011840886717
2.0,15.1476,15.47488804650962,0.0646208229096398,4.806935918959122e-05,1.0,15.169568568485122,0.0659214529065451
3.0,15.1476,15.562653206431902,0.0642563955345807,3.0239626908687864e-05,1.0,15.29417268070004,0.0653843801085047
4.0,15.1476,15.647449908823408,0.0639081771040604,1.812816571565297e-05,1.0,15.22424058231286,0.0656847213227683
5.0,15.1476,15.701569923547208,0.0636878990361548,1.1777290889585796e-05,1.0,15.234951722765077,0.0656385407841978
6.0,15.1476,15.694533645718185,0.0637164520191284,8.139083943787595e-06,1.5,15.278030205802306,0.0654534639956543
7.5,15.1476,15.544987035909022,0.0643294200046608,5.176395675049408e-06,1.5,15.331635002016904,0.0652246156309127
9.0,15.1476,15.209945843955962,0.0657464536862486,3.1148776653046708e-06,nan,15.28905298299434,0.065406274745223
nan,nan,nan,nan,2.026929139594526e-06,nan,15.298781203403257,0.0653646840689209
nan,nan,nan,nan,1.4101610833894863e-06,nan,15.306503859537282,0.0653317053441248
nan,nan,nan,nan,9.020708336526216e-07,nan,15.336984628831102,0.0652018649167945
Name:	88.58667904100822_10_80_1
Lambda:	88.58667904100822	Maximal Depth:	10	Filter time:	10 to 80 [us]
Chi2:	0.3094673740986988	RelRMS:	3.900845392571029	AbsRMS:	3.138871413174933e-07	Phi model:	0.0004477974280443
depth_vector,start_model,resistivity_model,conductivity_model,E/I[V/A],modelled_thickness,rhoa,sigma
0.0,15.1476,15.423523727816576,0.064836026944769,0.0001094953685894,1.0,15.0375340652858,0.0665002649808457
1.0,15.1476,15.451865661904405,0.0647171041918541,7.06090507419642e-05,1.0,15.037464592388972,0.0665005722112315
2.0,15.1476,15.502353592507497,0.0645063340887356,4.80716219420309e-05,1.0,15.169092539230046,0.0659235216222603
3.0,15.1476,15.565558463378268,0.0642444023035049,3.024208743594042e-05,1.0,15.293343103066402,0.0653879268424635
4.0,15.1476,15.621960385002104,0.064012452685519,1.812908393799313e-05,1.0,15.223726514940193,0.0656869393324048
5.0,15.1476,15.65267643851072,0.0638868377512533,1.177744734652545e-05,1.0,15.23481679713817,0.0656391221053507
6.0,15.1476,15.633244564702728,0.0639662480722545,8.138925847248852e-06,1.5,15.27822805303014,0.0654526163982523
7.5,15.1476,15.501801069498692,0.0645086332560155,5.176007717254268e-06,1.5,15.332401094770857,0.0652213566432887
9.0,15.1476,15.22380819121249,0.0656865869196395,3.1143858139114446e-06,nan,15.29066266240638,0.0653993892925648
nan,nan,nan,nan,2.026464856357169e-06,nan,15.301117849391572,0.0653547021755514
nan,nan,nan,nan,1.4097593949891315e-06,nan,15.30941128384702,0.0653192981401643
nan,nan,nan,nan,9.017492726027e-07,nan,15.340630493571789,0.0651863689969608
Name:	112.88378916846884_10_80_1
Lambda:	112.88378916846884	Maximal Depth:	10	Filter time:	10 to 80 [us]
Chi2:	0.3106208265896905	RelRMS:	3.911762256561642	AbsRMS:	3.147587441994949e-07	Phi model:	0.0003110990218433
depth_vector,start_model,resistivity_model,conductivity_model,E/I[V/A],modelled_thickness,rhoa,sigma
0.0,15.1476,15.46826294040483,0.0646485002131615,0.0001094906721152,1.0,15.037964073827329,0.0664983634147949
1.0,15.1476,15.487761007283128,0.0645671120266996,7.061014688191832e-05,1.0,15.037308965951665,0.0665012604492105
2.0,15.1476,15.523054772010235,0.0644203099639324,4.8074346907528055e-05,1.0,15.168519320913587,0.0659260128720178
3.0,15.1476,15.56525160808856,0.0642456688255745,3.02443755805122e-05,1.0,15.292571745955373,0.0653912250086048
4.0,15.1476,15.600905119717446,0.0640988450558637,1.812988188049819e-05,1.0,15.223279821550731,0.0656888667699819
5.0,15.1476,15.61368256528063,0.0640463898134864,1.1777544302766917e-05,1.0,15.234733185333376,0.0656394823483163
6.0,15.1476,15.586236433063412,0.0641591704510961,8.138738204372021e-06,1.5,15.2784628838337,0.0654516103879867
7.5,15.1476,15.468801995138133,0.0646462473509132,5.175628836511869e-06,1.5,15.333149355619163,0.0652181738276441
9.0,15.1476,15.23559357314457,0.0656357755409462,3.113935618204204e-06,nan,15.292136386909394,0.0653930866622426
nan,nan,nan,nan,2.0260482408112435e-06,nan,15.303215352957716,0.0653457444684476
nan,nan,nan,nan,1.4094018327126045e-06,nan,15.31200048464132,0.0653082528963507
nan,nan,nan,nan,9.014654104656662e-07,nan,15.343850728535209,0.0651726882444368
Name:	143.8449888287663_10_80_1
Lambda:	143.8449888287663	Maximal Depth:	10	Filter time:	10 to 80 [us]
Chi2:	0.3115507311865539	RelRMS:	3.921714383559384	AbsRMS:	3.14527856976868e-07	Phi model:	0.0002236681341662
depth_vector,start_model,resistivity_model,conductivity_model,E/I[V/A],modelled_thickness,rhoa,sigma
0.0,15.1476,15.502814691613793,0.0645044154814639,0.0001094905172588,1.0,15.037978252981542,0.0664983007141756
1.0,15.1476,15.515751497043164,0.0644506326484134,7.06128270996518e-05,1.0,15.036928454187478,0.0665029432737322
2.0,15.1476,15.53871203799886,0.0643553981536287,4.807741665300149e-05,1.0,15.167873640227542,0.0659288192741694
3.0,15.1476,15.56479737538305,0.0642475437284894,3.024651535637984e-05,1.0,15.291850493464455,0.0653943092385965
4.0,15.1476,15.583646182408616,0.064169834728976,1.8130567256897007e-05,1.0,15.22289616955604,0.0656905222805026
5.0,15.1476,15.582753967471303,0.0641735088731735,1.177757560341363e-05,1.0,15.234706192952348,0.0656395986463201
6.0,15.1476,15.548916805507064,0.064313161650323,8.138509732957075e-06,1.5,15.27874882280907,0.0654503854731309
7.5,15.1476,15.443164155147668,0.0647535692785257,5.175241662208056e-06,1.5,15.333914089943946,0.0652149212610891
9.0,15.1476,15.245940267332742,0.0655912316633356,3.113505595151462e-06,nan,15.29354440746298,0.065387066160544
nan,nan,nan,nan,2.0256590701242804e-06,nan,15.305175331395722,0.0653373763022946
nan,nan,nan,nan,1.4090709459920991e-06,nan,15.314397496358977,0.0652980308391336
nan,nan,nan,nan,9.012052255365796e-07,nan,15.346803845484873,0.0651601473549951
Name:	183.29807108324357_10_80_1
Lambda:	183.2980710832436	Maximal Depth:	10	Filter time:	10 to 80 [us]
Chi2:	0.3123072202895329	RelRMS:	3.931242561992919	AbsRMS:	3.133135877057449e-07	Phi model:	0.0001674703021702
depth_vector,start_model,resistivity_model,conductivity_model,E/I[V/A],modelled_thickness,rhoa,sigma
0.0,15.1476,15.52911382202559,0.0643951748606323,0.0001094944174553,1.0,15.037621148516632,0.0664998798761893
1.0,15.1476,15.536901556928562,0.0643628973470619,7.061692667476851e-05,1.0,15.03634648215807,0.0665055172269797
2.0,15.1476,15.550202970783294,0.0643078422756836,4.80807894669913e-05,1.0,15.167164292272254,0.0659319026767254
3.0,15.1476,15.56371860078521,0.0642519969456109,3.024849913395609e-05,1.0,15.291181899152482,0.0653971685508119
4.0,15.1476,15.56954058804168,0.0642279709118751,1.81311123159482e-05,1.0,15.222591080021864,0.0656918388428892
5.0,15.1476,15.55818414611058,0.0642748530682478,1.1777506576196748e-05,1.0,15.234765719323482,0.0656393421745645
6.0,15.1476,15.519692770847904,0.0644342652116409,8.138206472045894e-06,1.5,15.27912838379543,0.0654487595680241
7.5,15.1476,15.423606084234168,0.0648356807440893,5.174814551680933e-06,1.5,15.334757815643414,0.0652113331049722
9.0,15.1476,15.255325379824088,0.0655508797814662,3.113068211438932e-06,nan,15.29497686148143,0.0653809423222064
nan,nan,nan,nan,2.0252747094102447e-06,nan,15.307111701487525,0.0653291110368536
nan,nan,nan,nan,1.408748403577838e-06,nan,15.316734963317977,0.0652880657917564
nan,nan,nan,nan,9.009548918484754e-07,nan,15.349646491772871,0.0651480801551997
Name:	233.57214690901213_10_80_1
Lambda:	233.57214690901213	Maximal Depth:	10	Filter time:	10 to 80 [us]
Chi2:	0.3129052720058414	RelRMS:	3.9409447125134265	AbsRMS:	3.1090055434097937e-07	Phi model:	0.0001322699692526
depth_vector,start_model,resistivity_model,conductivity_model,E/I[V/A],modelled_thickness,rhoa,sigma
0.0,15.1476,15.54588820873435,0.0643256909205198,0.0001095032552282,1.0,15.036812034858388,0.0665034581586706
1.0,15.1476,15.550632963448228,0.0643060640907994,7.062283839221592e-05,1.0,15.035507359158002,0.066509228861566
2.0,15.1476,15.557483086074823,0.0642777494577563,4.808461684170397e-05,1.0,15.166359444554228,0.0659354015481328
3.0,15.1476,15.562383220590643,0.0642575102942392,3.025033464325754e-05,1.0,15.290563340916478,0.0653998141012941
4.0,15.1476,15.559098287919625,0.0642710767356241,1.813147155493805e-05,1.0,15.22239000914595,0.0656927065591656
5.0,15.1476,15.540269966873316,0.064348946455349,1.1777279440027022e-05,1.0,15.234961596774191,0.0656384982428664
6.0,15.1476,15.498414462816418,0.0645227292378318,8.137771331531209e-06,1.5,15.279673046313595,0.0654464265674364
7.5,15.1476,15.409848818108232,0.0648935633180834,5.174298334362586e-06,1.5,15.335777720234155,0.0652069962308198
9.0,15.1476,15.264143478569055,0.0655130110250867,3.112586437044796e-06,nan,15.296555085525643,0.0653741966350481
nan,nan,nan,nan,2.0248670139062418e-06,nan,15.309166299370164,0.0653203434102836
nan,nan,nan,nan,1.4084123030508842e-06,nan,15.319171635189855,0.0652776810531248
nan,nan,nan,nan,9.006986615548472e-07,nan,15.35255746014347,0.0651357275552352
Name:	297.63514416313194_10_80_1
Lambda:	297.63514416313194	Maximal Depth:	10	Filter time:	10 to 80 [us]
Chi2:	0.313476188013056	RelRMS:	3.9507871960757246	AbsRMS:	3.081145591088968e-07	Phi model:	0.0001058328555757
depth_vector,start_model,resistivity_model,conductivity_model,E/I[V/A],modelled_thickness,rhoa,sigma
0.0,15.1476,15.562186792004264,0.0642583213635369,0.000109513681276,1.0,15.03585765176858,0.0665076793861756
1.0,15.1476,15.562936262228272,0.0642552268511843,7.062937775106284e-05,1.0,15.034579283632004,0.0665133344362146
2.0,15.1476,15.563082873227753,0.0642546215390423,4.808864199091133e-05,1.0,15.165513122583912,0.0659390811189129
3.0,15.1476,15.559606870785586,0.0642689759647835,3.025216055354169e-05,1.0,15.289948079566512,0.065402445763462
4.0,15.1476,15.548064648022882,0.0643166865225995,1.8131787431321604e-05,1.0,15.222213214387583,0.0656934695314101
5.0,15.1476,15.523196684337584,0.0644197210365161,1.177700806080528e-05,1.0,15.23519563675683,0.0656374899175809
6.0,15.1476,15.47955769554594,0.0646013290345975,8.137296296231523e-06,1.5,15.28026770029375,0.065443879623966
7.5,15.1476,15.398650495078462,0.0649407557058073,5.173752973185767e-06,1.5,15.33685538937206,0.065202414354964
9.0,15.1476,15.272860210749448,0.0654756205583662,3.112088264437043e-06,nan,15.298187455989371,0.0653672209780964
nan,nan,nan,nan,2.024449469182025e-06,nan,15.31127124757224,0.0653113633630231
nan,nan,nan,nan,1.4080697205533192e-06,nan,15.321656297805967,0.0652670951862559
nan,nan,nan,nan,9.004387825065614e-07,nan,15.355511291249432,0.0651231978559948
Name:	379.26901907322497_10_80_1
Lambda:	379.26901907322497	Maximal Depth:	10	Filter time:	10 to 80 [us]
Chi2:	0.3139673234722757	RelRMS:	3.9615433825622777	AbsRMS:	3.041456280312103e-07	Phi model:	8.814235657762681e-05
depth_vector,start_model,resistivity_model,conductivity_model,E/I[V/A],modelled_thickness,rhoa,sigma
0.0,15.1476,15.57095433865391,0.0642221393917753,0.0001095290515257,1.0,15.0344509607946,0.0665139021443286
1.0,15.1476,15.569433578824473,0.0642284123527827,7.063787599733119e-05,1.0,15.033373413858229,0.0665186696605413
2.0,15.1476,15.56536289006821,0.0642452095118238,4.809328007706319e-05,1.0,15.164538071781116,0.0659433208757507
3.0,15.1476,15.556511630634514,0.0642817634019415,3.0253937807473635e-05,1.0,15.289349272967543,0.0654050072469766
4.0,15.1476,15.53962579001813,0.0643516139650125,1.813193395828792e-05,1.0,15.222131205568878,0.0656938234531941
5.0,15.1476,15.51088555687495,0.0644708515405663,1.1776560316565468e-05,1.0,15.235581795232129,0.0656358262808804
6.0,15.1476,15.466372890690158,0.0646564005062842,8.136659300888115e-06,1.5,15.281065188305718,0.0654404642397101
7.5,15.1476,15.391721469744692,0.0649699906515127,5.173083024656647e-06,1.5,15.33817951039044,0.0651967855326361
9.0,15.1476,15.28169741519993,0.0654377568689032,3.1115114654662944e-06,nan,15.300078006883783,0.0653591438912979
nan,nan,nan,nan,2.0239791789918333e-06,nan,15.313642965592171,0.0653012481907064
nan,nan,nan,nan,1.407689186046195e-06,nan,15.324417397974791,0.0652553355882981
nan,nan,nan,nan,9.001542491002453e-07,nan,15.358746978016638,0.065109478099439
Name:	483.2930238571752_10_80_1
Lambda:	483.2930238571752	Maximal Depth:	10	Filter time:	10 to 80 [us]
Chi2:	0.3144455658032847	RelRMS:	3.973348294801366	AbsRMS:	2.992678130384892e-07	Phi model:	7.46819875393611e-05
depth_vector,start_model,resistivity_model,conductivity_model,E/I[V/A],modelled_thickness,rhoa,sigma
0.0,15.1476,15.5755535036507,0.064203175814305,0.0001095483338637,1.0,15.032686699242326,0.0665217083284521
1.0,15.1476,15.572399443712072,0.0642161796333696,7.064800999730807e-05,1.0,15.031935752714444,0.0665250315362358
2.0,15.1476,15.56531574299761,0.0642454041094457,4.809849962242127e-05,1.0,15.163440969978804,0.0659480919917742
3.0,15.1476,15.552685056296182,0.064297579252733,3.025574303880602e-05,1.0,15.288741100015567,0.0654076090018282
4.0,15.1476,15.53217385067213,0.0643824882218097,1.8131967300287493e-05,1.0,15.222112544734884,0.0656939039874518
5.0,15.1476,15.501071601703666,0.0645116689797171,1.1775973633124736e-05,1.0,15.236087819311877,0.0656336463703294
6.0,15.1476,15.456632563873228,0.064697145116673,8.135886919782521e-06,1.5,15.282032312472095,0.0654363228367127
7.5,15.1476,15.38772575695159,0.064986861333179,5.172302526337215e-06,1.5,15.339722488230557,0.0651902275785792
9.0,15.1476,15.290942549471891,0.0653981922150729,3.110859262048963e-06,nan,15.302216411672209,0.065350010292445
nan,nan,nan,nan,2.0234552678495552e-06,nan,15.316286180930616,0.0652899787968861
nan,nan,nan,nan,1.4072685495845205e-06,nan,15.32747091969928,0.065242335492855
nan,nan,nan,nan,8.998423129044743e-07,nan,15.362296246057484,0.0650944353619424
Name:	615.8482110660261_10_80_1
Lambda:	615.8482110660261	Maximal Depth:	10	Filter time:	10 to 80 [us]
Chi2:	0.3149467381690469	RelRMS:	3.9863993652325007	AbsRMS:	2.935101099405087e-07	Phi model:	6.367197858909513e-05
depth_vector,start_model,resistivity_model,conductivity_model,E/I[V/A],modelled_thickness,rhoa,sigma
0.0,15.1476,15.576579210246706,0.0641989480811147,0.0001095715414742,1.0,15.030563976196328,0.0665311029967794
1.0,15.1476,15.572315638660797,0.064216525223605,7.065983404056299e-05,1.0,15.03025876777786,0.0665324539949916
2.0,15.1476,15.563210265258046,0.0642540955854276,4.8104357613353744e-05,1.0,15.16220990891266,0.0659534464967523
3.0,15.1476,15.548117288552849,0.0643164687686167,3.0257614570525887e-05,1.0,15.288110654659114,0.0654103062562047
4.0,15.1476,15.52540777793202,0.0644105465249943,1.8131899461263527e-05,1.0,15.2221505129068,0.0656937401290378
5.0,15.1476,15.49321677957362,0.0645443754016537,1.1775248303551418e-05,1.0,15.236713486040392,0.0656309512491773
6.0,15.1476,15.44968858247118,0.0647262237463203,8.134974827731546e-06,1.5,15.283174570441512,0.0654314321537656
7.5,15.1476,15.386220727613438,0.0649932181335026,5.1714043986091965e-06,1.5,15.341498489524737,0.0651826808628117
9.0,15.1476,15.300781007735882,0.0653561409378,3.110123907468713e-06,nan,15.30462834377606,0.0653397114609889
nan,nan,nan,nan,2.022870762689764e-06,nan,15.319236449229033,0.0652774048702882
nan,nan,nan,nan,1.4068018972143563e-06,nan,15.330860264601563,0.065227911724495
nan,nan,nan,nan,8.994983355401104e-07,nan,15.366212462632747,0.0650778454633358
Name:	784.7599703514607_10_80_1
Lambda:	784.7599703514607	Maximal Depth:	10	Filter time:	10 to 80 [us]
Chi2:	0.3155051082372049	RelRMS:	4.000791283974831	AbsRMS:	2.8694567943004853e-07	Phi model:	5.409381445754551e-05
depth_vector,start_model,resistivity_model,conductivity_model,E/I[V/A],modelled_thickness,rhoa,sigma
0.0,15.1476,15.574554018743832,0.064207296003244,0.000109598554975,1.0,15.028094084551844,0.0665420374914974
1.0,15.1476,15.56961083172184,0.0642276811416878,7.067333093184082e-05,1.0,15.028345097059496,0.0665409260661484
2.0,15.1476,15.55929837190467,0.0642702502450685,4.8110873552604125e-05,1.0,15.16084087302264,0.0659594021449964
3.0,15.1476,15.542828547020958,0.0643383536641833,3.0259578071952376e-05,1.0,15.287449298186424,0.0654131359976861
4.0,15.1476,15.51910430807784,0.0644367084690249,1.813174352256252e-05,1.0,15.22223778963861,0.0656933634738431
5.0,15.1476,15.486896052159024,0.0645707181498509,1.1774390427325048e-05,1.0,15.237453569961025,0.0656277635504262
6.0,15.1476,15.445013689306933,0.0647458150647241,8.133925792316691e-06,1.5,15.28448859331176,0.0654258069476778
7.5,15.1476,15.386825814890534,0.064990662273713,5.1703885550891525e-06,1.5,15.34350788738484,0.0651741444876619
9.0,15.1476,15.311315084927765,0.0653111763720665,3.109303483721387e-06,nan,15.30732042116732,0.0653282202557919
nan,nan,nan,nan,2.0222233694826257e-06,nan,15.322505801393053,0.0652634766768425
nan,nan,nan,nan,1.4062870685824193e-06,nan,15.334601693357737,0.0652119970245562
nan,nan,nan,nan,8.99120463397712e-07,nan,15.370517452693347,0.065059618394615
Name:	1000.0_10_80_1
Lambda:	1000.0	Maximal Depth:	10	Filter time:	10.0 to 80.0 [us]
Chi2:	0.31615116467466753	RelRMS:	4.016494256318881	AbsRMS:	2.797060358439713e-07	Phi model:	4.542917839393931e-05
depth_vector,start_model,resistivity_model,conductivity_model,E/I[V/A],modelled_thickness,rhoa,sigma
0.0,15.1476,15.569969814243397,0.06422620030291906,0.00010962905726188538,1.0,15.025306426443626,0.06655438309331654
1.0,15.1476,15.564696794373457,0.06424795890412037,7.068838189195596e-05,1.0,15.026211799299023,0.06655037299864562
2.0,15.1476,15.553840692723456,0.06429280200020496,4.8118016356504546e-05,1.0,15.159340484313415,0.0659659304463001
3.0,15.1476,15.536880198325095,0.0643629858269617,3.0261643334727396e-05,1.0,15.286753743118153,0.06541611232863509
4.0,15.1476,15.513112546833328,0.0644615964063336,1.8131514023122443e-05,1.0,15.22236623957299,0.06569280913767132
5.0,15.1476,15.481776468829198,0.06459207068474258,1.1773413384558425e-05,1.0,15.23829656750697,0.065624132958032
6.0,15.1476,15.442169530070988,0.06475774003469337,8.132751431767056e-06,1.5,15.28595993369984,0.0654195094280846
7.5,15.1476,15.389192193009814,0.06498066873544064,5.1692635290476e-06,1.5,15.345734022664123,0.06516468997332414
9.0,15.1476,15.32255211209414,0.06526327942527908,3.1084031269847252e-06,nan,15.31027614757515,0.06531560831176651
nan,nan,nan,nan,2.021516401306772e-06,nan,15.32607800183698,0.06524826507343498
nan,nan,nan,nan,1.4057263785130795e-06,nan,15.338679010040758,0.06519466241815193
nan,nan,nan,nan,8.987101427832646e-07,nan,15.375195535238374,0.06503982324700212
