Name:	10.0_10_80_1
Lambda:	10	Maximal Depth:	10	Filter time:	10 to 80 [us]
Chi2:	0.4157162072767071	RelRMS:	6.339623663876687	AbsRMS:	5.33019821262811e-07	Phi model:	0.0256038344149325
depth_vector,start_model,resistivity_model,conductivity_model,E/I[V/A],modelled_thickness,rhoa,sigma
0.0,18.3254,17.462029889569486,0.0572671107725754,8.166718147714961e-05,1.0,18.28417681924576,0.0546920985224453
1.0,18.3254,17.792709837186784,0.0562027936807016,5.278084026769314e-05,1.0,18.25705258558952,0.054773353766276
2.0,18.3254,18.407868098920552,0.0543245961252102,3.602460786301128e-05,1.0,18.385944424673585,0.0543893735835521
3.0,18.3254,19.23440251512616,0.05199017745488,2.2748888030487967e-05,1.0,18.489996388272303,0.0540832988282395
4.0,18.3254,20.095178030920263,0.0497631819166423,1.3702649879825996e-05,1.0,18.34714553637202,0.0545043913243924
5.0,18.3254,20.741335736703725,0.0482129026160261,8.93999176071759e-06,1.0,18.308240324577213,0.0546202137546549
6.0,18.3254,20.883729657082004,0.0478841670726609,6.200934003822943e-06,1.5,18.315255294899902,0.0545992935341972
7.5,18.3254,19.83604458532685,0.0504132764825363,3.961802164930863e-06,1.5,18.323633303051327,0.0545743294171618
9.0,18.3254,17.441306468997293,0.0573351544379742,2.3956038147794406e-06,nan,18.21368906130625,0.0549037592897329
nan,nan,nan,nan,1.5651995653447408e-06,nan,18.176184900609428,0.0550170459570132
nan,nan,nan,nan,1.0924803056030588e-06,nan,18.14593751452168,0.0551087536369905
nan,nan,nan,nan,7.015760341128143e-07,nan,18.1349869067216,0.0551420304378249
Name:	12.742749857031335_10_80_1
Lambda:	12.742749857031336	Maximal Depth:	10	Filter time:	10 to 80 [us]
Chi2:	0.4180056427718306	RelRMS:	6.435804142430551	AbsRMS:	5.608596764925682e-07	Phi model:	0.0171692212681947
depth_vector,start_model,resistivity_model,conductivity_model,E/I[V/A],modelled_thickness,rhoa,sigma
0.0,18.3254,17.878527934966016,0.0559330166128635,8.152413120818905e-05,1.0,18.305559380458657,0.0546282131682634
1.0,18.3254,18.141769622439448,0.0551214143279113,5.2710665597034176e-05,1.0,18.27325295704491,0.0547247937929118
2.0,18.3254,18.63065929546839,0.0536749657723188,3.598796168987466e-05,1.0,18.3984237867184,0.054352482125229
3.0,18.3254,19.25570591717776,0.0519326585221637,2.2730006583339384e-05,1.0,18.50023453087065,0.0540533688008839
4.0,18.3254,19.88819266205802,0.0502810897396304,1.3689607939024548e-05,1.0,18.35879643777028,0.05446980162287
5.0,18.3254,20.34506420109609,0.0491519707244828,8.930156880383571e-06,1.0,18.321679903229743,0.0545801479603254
6.0,18.3254,20.39915346334257,0.0490216420890703,6.193350550312139e-06,1.5,18.330202999083305,0.0545547695271029
7.5,18.3254,19.512334658636583,0.0512496335007957,3.956088097265036e-06,1.5,18.341273168369565,0.0545218421218735
9.0,18.3254,17.518654059173198,0.0570820107881732,2.391329227773176e-06,nan,18.23538768287502,0.0548384283016426
nan,nan,nan,nan,1.561953469386588e-06,nan,18.201359027696583,0.054940952402418
nan,nan,nan,nan,1.0899713684568072e-06,nan,18.173772844193763,0.0550243479201119
nan,nan,nan,nan,6.997637598189315e-07,nan,18.166284517621406,0.0550470295139324
Name:	16.237767391887218_10_80_1
Lambda:	16.237767391887218	Maximal Depth:	10	Filter time:	10 to 80 [us]
Chi2:	0.4226374962591717	RelRMS:	6.511952445499619	AbsRMS:	5.800464199480367e-07	Phi model:	0.0115157780810485
depth_vector,start_model,resistivity_model,conductivity_model,E/I[V/A],modelled_thickness,rhoa,sigma
0.0,18.3254,18.23426877487197,0.0548417933478125,8.143469993757725e-05,1.0,18.3189589913632,0.0545882547404286
1.0,18.3254,18.43496199061224,0.0542447551836145,5.266994455845254e-05,1.0,18.28267021889223,0.0546966054754222
2.0,18.3254,18.802092816316406,0.0531855687432945,3.596860251945164e-05,1.0,18.405024845302385,0.0543329883227642
3.0,18.3254,19.27113817406012,0.0518910710393871,2.272066527560401e-05,1.0,18.5053049382766,0.0540385583126267
4.0,18.3254,19.73435563824745,0.0506730505080127,1.368225040212622e-05,1.0,18.365377393150776,0.0544502831928159
5.0,18.3254,20.03082943030172,0.0499230450481119,8.924061501433013e-06,1.0,18.33002176063168,0.0545553089384624
6.0,18.3254,20.009941951237145,0.0499751574710677,6.18837010469006e-06,1.5,18.3400365348526,0.0545255184252029
7.5,18.3254,19.23482523152005,0.0519890348866442,3.95209594094509e-06,1.5,18.35362254938674,0.0544851566664376
9.0,18.3254,17.58404585491764,0.0568697334078172,2.388185254699039e-06,nan,18.25138839468548,0.0547903522940306
nan,nan,nan,nan,1.5594959235707412e-06,nan,18.22047586028315,0.0548833086286068
nan,nan,nan,nan,1.0880384480931238e-06,nan,18.19529050460529,0.0549592763988514
nan,nan,nan,nan,6.983439697577886e-07,nan,18.19089853742292,0.0549725456355422
Name:	20.6913808111479_10_80_1
Lambda:	20.6913808111479	Maximal Depth:	10	Filter time:	10 to 80 [us]
Chi2:	0.4273830184098938	RelRMS:	6.572222744446263	AbsRMS:	5.920893556449399e-07	Phi model:	0.0078440946641779
depth_vector,start_model,resistivity_model,conductivity_model,E/I[V/A],modelled_thickness,rhoa,sigma
0.0,18.3254,18.525584565895866,0.0539794032648729,8.138198999487991e-05,1.0,18.326868088330905,0.0545646967708967
1.0,18.3254,18.67325153521228,0.0535525373347161,5.264853188872071e-05,1.0,18.287627042738453,0.0546817800725586
2.0,18.3254,18.94618783377411,0.0527810665012708,3.596005863878108e-05,1.0,18.407940007581136,0.054324383911951
3.0,18.3254,19.287076260488146,0.0518481902852542,2.271704893946184e-05,1.0,18.50726879745665,0.054032824126779
4.0,18.3254,19.60411221284665,0.0510097059812122,1.3678368565911511e-05,1.0,18.368851882335864,0.0544399838599403
5.0,18.3254,19.78145526449965,0.0505523980227393,8.920311790971464e-06,1.0,18.335158162551533,0.0545400258418517
6.0,18.3254,19.69447308461153,0.0507756666402697,6.185057288660885e-06,1.5,18.346584762482657,0.0545060572823843
7.5,18.3254,19.016831025102,0.0525849968735596,3.949247740111485e-06,1.5,18.36244592117109,0.0544589759062023
9.0,18.3254,17.63860706862799,0.0566938191949748,2.385829456222841e-06,nan,18.26340085435299,0.0547543148165449
nan,nan,nan,nan,1.557607154774883e-06,nan,18.235202429694347,0.0548389854105261
nan,nan,nan,nan,1.0865307863960044e-06,nan,18.212118377110745,0.0549084944042981
nan,nan,nan,nan,6.972215605887226e-07,nan,18.210416156330343,0.0549136269822355
Name:	26.366508987303583_10_80_1
Lambda:	26.366508987303583	Maximal Depth:	10	Filter time:	10 to 80 [us]
Chi2:	0.4315637212550986	RelRMS:	6.620669415136658	AbsRMS:	5.989741384987642e-07	Phi model:	0.0054874772324071
depth_vector,start_model,resistivity_model,conductivity_model,E/I[V/A],modelled_thickness,rhoa,sigma
0.0,18.3254,18.76205290044456,0.0532990715518292,8.135360073852093e-05,1.0,18.331131418586587,0.054552006483684
1.0,18.3254,18.86803260010093,0.0529996964280552,5.2639329453706905e-05,1.0,18.28975834897026,0.0546754080026596
2.0,18.3254,19.061409204184947,0.0524620183790214,3.595799618382989e-05,1.0,18.4086438878139,0.0543223067431912
3.0,18.3254,19.295688021100084,0.0518250501825323,2.2716692619037425e-05,1.0,18.50746232623433,0.0540322591165024
4.0,18.3254,19.498577328476724,0.0512857929660103,1.367652296922093e-05,1.0,18.370504384699974,0.0544350867596677
5.0,18.3254,19.58046336328202,0.0510713143732459,8.917984010372735e-06,1.0,18.33834859728599,0.0545305371797761
6.0,18.3254,19.447224827280795,0.0514212186510636,6.1827821431001325e-06,1.5,18.35108528132558,0.0544926899237735
7.5,18.3254,18.84429128626066,0.0530664690334678,3.947141158028795e-06,1.5,18.36897867624404,0.054439608081927
9.0,18.3254,17.684209614056435,0.05654762196469,2.3840101848611687e-06,nan,18.272691043324965,0.0547264766655867
nan,nan,nan,nan,1.556117975621191e-06,nan,18.24683443290724,0.0548040266204504
nan,nan,nan,nan,1.085327983153393e-06,nan,18.225571484535788,0.0548679639949007
nan,nan,nan,nan,6.963169429113734e-07,nan,18.2261847414892,0.0548661178509646
Name:	33.59818286283781_10_80_1
Lambda:	33.59818286283781	Maximal Depth:	10	Filter time:	10 to 80 [us]
Chi2:	0.4350746648574379	RelRMS:	6.660954051690421	AbsRMS:	6.023092189763328e-07	Phi model:	0.0039762798898523
depth_vector,start_model,resistivity_model,conductivity_model,E/I[V/A],modelled_thickness,rhoa,sigma
0.0,18.3254,18.95174613549281,0.0527655864979745,8.134116598169191e-05,1.0,18.33299957764693,0.0545464475556569
1.0,18.3254,19.023825853665915,0.0525656620120552,5.263766478890722e-05,1.0,18.29014395569712,0.0546742552941205
2.0,18.3254,19.152747723392025,0.0522118295736052,3.59596191789606e-05,1.0,18.4080899819824,0.0543239413202992
3.0,18.3254,19.301453858166745,0.0518095687168603,2.271801570268892e-05,1.0,18.506743743565693,0.0540343570893001
4.0,18.3254,19.413514608138936,0.051510508024176,1.367575901769516e-05,1.0,18.37118851707253,0.0544330596287055
5.0,18.3254,19.420405452738947,0.0514922308101948,8.916443818328169e-06,1.0,18.34046033346801,0.0545242584874045
6.0,18.3254,19.251399974928493,0.0519442742503049,6.18109889614092e-06,1.5,18.354416728501448,0.0544827991426805
7.5,18.3254,18.70816366464,0.0534526005826046,3.945479208908975e-06,1.5,18.374136674971943,0.0544243257623165
9.0,18.3254,17.722898852062404,0.0564241780279432,2.3825324578569097e-06,nan,18.28024582210996,0.0547038595504279
nan,nan,nan,nan,1.554892392831771e-06,nan,18.2564214069344,0.0547752474436291
nan,nan,nan,nan,1.084330609518723e-06,nan,18.2367457634225,0.0548343445136852
nan,nan,nan,nan,6.95562371477336e-07,nan,18.23936397937493,0.0548264731780559
Name:	42.81332398719393_10_80_1
Lambda:	42.81332398719393	Maximal Depth:	10	Filter time:	10 to 80 [us]
Chi2:	0.437971779223008	RelRMS:	6.695947083027449	AbsRMS:	6.031557565393959e-07	Phi model:	0.0030089796403497
depth_vector,start_model,resistivity_model,conductivity_model,E/I[V/A],modelled_thickness,rhoa,sigma
0.0,18.3254,19.10191111370648,0.0523507828115928,8.133955831550238e-05,1.0,18.33324114314589,0.054545728831689
1.0,18.3254,19.146627168052493,0.0522285200010877,5.264068558320931e-05,1.0,18.2894442270813,0.0546763470548379
2.0,18.3254,19.22379147097964,0.0520188747110374,3.596321741189652e-05,1.0,18.406862103332934,0.0543275651431609
3.0,18.3254,19.304338280525503,0.0518018274166286,2.272003360884e-05,1.0,18.50564792872944,0.0540375567422057
4.0,18.3254,19.344782784231537,0.051693524355059,1.3675457696011124e-05,1.0,18.371458373592457,0.0544322600669211
5.0,18.3254,19.29325423129949,0.0518315877669666,8.915265438792859e-06,1.0,18.342076404031086,0.0545194545029933
6.0,18.3254,19.09706822785556,0.0523640586119585,6.179699943025972e-06,1.5,18.35718665800209,0.0544745781927368
7.5,18.3254,18.60177419069917,0.0537583130376884,3.944050380479568e-06,1.5,18.37857405979357,0.0544111853697985
9.0,18.3254,17.756380605691554,0.0563177835734983,2.3812535418519084e-06,nan,18.286790500178352,0.0546842815304439
nan,nan,nan,nan,1.55382893835225e-06,nan,18.264750362887675,0.0547502692416705
nan,nan,nan,nan,1.0834634596731786e-06,nan,18.2464749840538,0.0548051062396398
nan,nan,nan,nan,6.949058916980877e-07,nan,18.2508493611089,0.0547919705112968
Name:	54.5559478116852_10_80_1
Lambda:	54.5559478116852	Maximal Depth:	10	Filter time:	10 to 80 [us]
Chi2:	0.4402741588447641	RelRMS:	6.727732262660094	AbsRMS:	6.019753133734365e-07	Phi model:	0.0024070732306001
depth_vector,start_model,resistivity_model,conductivity_model,E/I[V/A],modelled_thickness,rhoa,sigma
0.0,18.3254,19.20946534758763,0.0520576695866021,8.13465067255771e-05,1.0,18.33219714264181,0.0545488351570221
1.0,18.3254,19.2364418360102,0.0519846657986417,5.2646923217603234e-05,1.0,18.287999570081187,0.0546806662023319
2.0,18.3254,19.275442779101112,0.051879482689976,3.596777104569073e-05,1.0,18.405308492501383,0.0543321509882551
3.0,18.3254,19.306300887799303,0.0517965614340939,2.2722068057342423e-05,1.0,18.504543294841827,0.0540407825292695
4.0,18.3254,19.29338061205637,0.0518312482455823,1.3675170461566492e-05,1.0,18.371715623142425,0.0544314978803788
5.0,18.3254,19.19797346053316,0.0520888312537665,8.914131945077236e-06,1.0,18.343631252585144,0.0545148333081036
6.0,18.3254,18.980711346066578,0.0526850644197396,6.178350994246386e-06,1.5,18.359858568737813,0.0544666505058348
7.5,18.3254,18.521943475066667,0.0539900146734683,3.942692704135763e-06,1.5,18.38279295709192,0.0543986978656694
9.0,18.3254,17.785696610803168,0.0562249554730733,2.380066842159217e-06,nan,18.292868515954304,0.0546661120495039
nan,nan,nan,nan,1.5528532179981703e-06,nan,18.272400548451422,0.0547273467078604
nan,nan,nan,nan,1.082671958594133e-06,nan,18.25536677897216,0.0547784118559519
nan,nan,nan,nan,6.943103676115511e-07,nan,18.26128395228369,0.0547606620987317
Name:	69.51927961775606_10_80_1
Lambda:	69.51927961775606	Maximal Depth:	10	Filter time:	10 to 80 [us]
Chi2:	0.4423712545381291	RelRMS:	6.759150143315217	AbsRMS:	5.997539336463969e-07	Phi model:	0.0019794259378124
depth_vector,start_model,resistivity_model,conductivity_model,E/I[V/A],modelled_thickness,rhoa,sigma
0.0,18.3254,19.30772585107852,0.0517927387053789,8.135794356621179e-05,1.0,18.33047907783245,0.0545539478675888
1.0,18.3254,19.313380027476,0.0517775758866319,5.265488901454565e-05,1.0,18.28615507957393,0.054686181739595
2.0,18.3254,19.317113590088685,0.0517675684483775,3.597285055314973e-05,1.0,18.403575850603147,0.054337266198581
3.0,18.3254,19.301931979901923,0.0518082853592711,2.2724087481574456e-05,1.0,18.5034469816116,0.0540439843988951
4.0,18.3254,19.24317800956971,0.0519664682986716,1.3674818700428304e-05,1.0,18.372030675601696,0.0544305644627522
5.0,18.3254,19.11236779267985,0.0523221408695894,8.9129404328151e-06,1.0,18.345266042269827,0.0545099753634465
6.0,18.3254,18.881499569063426,0.0529618951260873,6.176951696419742e-06,1.5,18.362631235210404,0.0544584263110668
7.5,18.3254,18.45715699512944,0.0541795250624938,3.941306163501012e-06,1.5,18.38710404824261,0.0543859433968655
9.0,18.3254,17.81386147009796,0.056136060206743,2.378876022545649e-06,nan,18.298972712337864,0.054647876452964
nan,nan,nan,nan,1.5518824829065915e-06,nan,18.28001960118934,0.0547045365276817
nan,nan,nan,nan,1.0818878315259132e-06,nan,18.26418642319781,0.0547519597549592
nan,nan,nan,nan,6.937232108832285e-07,nan,18.27158654714972,0.0547297848175092
Name:	88.58667904100822_10_80_1
Lambda:	88.58667904100822	Maximal Depth:	10	Filter time:	10 to 80 [us]
Chi2:	0.4441104659383507	RelRMS:	6.791096299930385	AbsRMS:	5.960566173146813e-07	Phi model:	0.0017045299584586
depth_vector,start_model,resistivity_model,conductivity_model,E/I[V/A],modelled_thickness,rhoa,sigma
0.0,18.3254,19.373049295309976,0.0516181002152351,8.137554201664066e-05,1.0,18.327836189909988,0.0545618145883761
1.0,18.3254,19.365320687429765,0.0516387007548555,5.26648159177768e-05,1.0,18.28385714318853,0.0546930547623831
2.0,18.3254,19.344051366947426,0.0516954789371924,3.597813754646297e-05,1.0,18.40177286741605,0.05434259009743
3.0,18.3254,19.296632106077794,0.0518225146493326,2.272563042393128e-05,1.0,18.502609452219065,0.0540464307254816
4.0,18.3254,19.205052525434738,0.0520696310866956,1.367407242789017e-05,1.0,18.37269911422658,0.0544285841608143
5.0,18.3254,19.04885817793037,0.0524965848692485,8.911455451369368e-06,1.0,18.3473039901894,0.054503920605159
6.0,18.3254,18.80834019708044,0.053167902617756,6.175325419954892e-06,1.5,18.365854968633908,0.0544488672979204
7.5,18.3254,18.41099701312062,0.0543153637626114,3.939774989421788e-06,1.5,18.39186777778864,0.0543718567402748
9.0,18.3254,17.840602213051167,0.0560519195517098,2.377616873405853e-06,nan,18.305432710941574,0.0546285911833309
nan,nan,nan,nan,1.550878091306026e-06,nan,18.28791118082448,0.0546809304852997
nan,nan,nan,nan,1.0810855883372709e-06,nan,18.273220865201065,0.0547248899018326
nan,nan,nan,nan,6.931295826881064e-07,nan,18.28201747912276,0.0546985583588876
Name:	112.88378916846884_10_80_1
Lambda:	112.88378916846884	Maximal Depth:	10	Filter time:	10 to 80 [us]
Chi2:	0.4457039271755522	RelRMS:	6.825432345447853	AbsRMS:	5.911357343274182e-07	Phi model:	0.0015084519070037
depth_vector,start_model,resistivity_model,conductivity_model,E/I[V/A],modelled_thickness,rhoa,sigma
0.0,18.3254,19.41827125242979,0.0514978901571822,8.139838480601585e-05,1.0,18.324407141642663,0.0545720247465728
1.0,18.3254,19.40034548152743,0.0515454738139677,5.267644971868285e-05,1.0,18.28116500295799,0.0547011090287842
2.0,18.3254,19.360110429430488,0.0516525979355902,3.598361253612162e-05,1.0,18.399906238616616,0.0543481030300719
3.0,18.3254,19.28845499482007,0.0518444841885236,2.2726715324738444e-05,1.0,18.502020610545184,0.0540481507965704
4.0,18.3254,19.17260132320413,0.0521577632133686,1.3672877602637292e-05,1.0,18.373769449518345,0.0544254135085065
5.0,18.3254,18.998333010312138,0.0526361970525102,8.909597626505946e-06,1.0,18.349854415357576,0.0544963451678978
6.0,18.3254,18.75231616086016,0.0533267459561715,6.173391387945893e-06,1.5,18.369690601783983,0.0544374982506719
7.5,18.3254,18.378386806382213,0.0544117397536073,3.938022379806274e-06,1.5,18.39732421772206,0.054355730657652
9.0,18.3254,17.86765743568165,0.0559670456857429,2.376222072042069e-06,nan,18.31259532580857,0.0546072242742494
nan,nan,nan,nan,1.5497845900886346e-06,nan,18.296512592192613,0.0546552243200004
nan,nan,nan,nan,1.080220309361763e-06,nan,18.282977716689143,0.0546956855440006
nan,nan,nan,nan,6.924956244189688e-07,nan,18.29317352409158,0.054665200583323
Name:	143.8449888287663_10_80_1
Lambda:	143.8449888287663	Maximal Depth:	10	Filter time:	10 to 80 [us]
Chi2:	0.4472835417603074	RelRMS:	6.863580061709598	AbsRMS:	5.849570440113447e-07	Phi model:	0.0013572630741034
depth_vector,start_model,resistivity_model,conductivity_model,E/I[V/A],modelled_thickness,rhoa,sigma
0.0,18.3254,19.44613283520646,0.0514241061950137,8.142678198004966e-05,1.0,18.32014653175269,0.0545847162448612
1.0,18.3254,19.42065889960473,0.0514915588173145,5.268996086495408e-05,1.0,18.278039675757785,0.0547104622672585
2.0,18.3254,19.366469186528,0.0516356383999844,3.5989348876380066e-05,1.0,18.39795101333863,0.0543538788246035
3.0,18.3254,19.27720889121709,0.0518747296687546,2.272732693834927e-05,1.0,18.501688671277563,0.0540491204758202
4.0,18.3254,19.14417922683096,0.052235198393801,1.367116174657044e-05,1.0,18.37530680164294,0.0544208600593591
5.0,18.3254,18.95797393914164,0.052748252698847,8.907281693968347e-06,1.0,18.35303497294364,0.0544869010206877
6.0,18.3254,18.710129595606137,0.0534469841531636,6.171067846451353e-06,1.5,18.374301371628945,0.0544238379339995
7.5,18.3254,18.357238560037537,0.0544744241749373,3.935977202384615e-06,1.5,18.40369663511908,0.0543369095799882
9.0,18.3254,17.89612802212001,0.0558780088499578,2.374635576686888e-06,nan,18.32075085463549,0.0545829157295145
nan,nan,nan,nan,1.548558258984127e-06,nan,18.306170875718983,0.054626388379581
nan,nan,nan,nan,1.0792575347389275e-06,nan,18.293849246636874,0.0546631814069332
nan,nan,nan,nan,6.9179613727489e-07,nan,18.30550247827732,0.0546283829786521
Name:	183.29807108324357_10_80_1
Lambda:	183.2980710832436	Maximal Depth:	10	Filter time:	10 to 80 [us]
Chi2:	0.4489988955352548	RelRMS:	6.906832017241483	AbsRMS:	5.774522797586411e-07	Phi model:	0.0012295851555535
depth_vector,start_model,resistivity_model,conductivity_model,E/I[V/A],modelled_thickness,rhoa,sigma
0.0,18.3254,19.45876149029838,0.0513907321644583,8.146126703137103e-05,1.0,18.3149758471688,0.0546001266037478
1.0,18.3254,19.427953255340626,0.0514722259651878,5.2705630804824456e-05,1.0,18.27441666024597,0.0547213089529359
2.0,18.3254,19.36399479677552,0.051642236557847,3.599547873927863e-05,1.0,18.395862230294835,0.0543600505092482
3.0,18.3254,19.262673229017786,0.0519138744716685,2.272748063440071e-05,1.0,18.50160525860945,0.0540493641509654
4.0,18.3254,19.11843102438831,0.0523055473916429,1.3668873174565532e-05,1.0,18.37735778949868,0.0544147864700891
5.0,18.3254,18.92553134644721,0.0528386749990892,8.904437868972968e-06,1.0,18.35694239099056,0.0544753030597727
6.0,18.3254,18.679193346596136,0.0535355023873248,6.168284887503408e-06,1.5,18.379827606015304,0.0544074744026827
7.5,18.3254,18.345960871106,0.054507910870722,3.9335771739418185e-06,1.5,18.41118174821314,0.054314818770232
9.0,18.3254,17.9270065336232,0.0557817613400451,2.37280791428552e-06,nan,18.330157389463423,0.0545549052718348
nan,nan,nan,nan,1.5471603463026056e-06,nan,18.31719605329076,0.0545935085856301
nan,nan,nan,nan,1.0781666375312897e-06,nan,18.30618707054791,0.054626340053569
nan,nan,nan,nan,6.910086864142266e-07,nan,18.319406738913703,0.0545869205401625
Name:	233.57214690901213_10_80_1
Lambda:	233.57214690901213	Maximal Depth:	10	Filter time:	10 to 80 [us]
Chi2:	0.4510237698513861	RelRMS:	6.956353647873351	AbsRMS:	5.685663990884373e-07	Phi model:	0.0011122722526574
depth_vector,start_model,resistivity_model,conductivity_model,E/I[V/A],modelled_thickness,rhoa,sigma
0.0,18.3254,19.457834970127173,0.0513931792275584,8.150239937518226e-05,1.0,18.308813237080003,0.054618504599454
1.0,18.3254,19.423554645899177,0.0514838822363097,5.272374646223109e-05,1.0,18.27023041205349,0.0547338472173983
2.0,18.3254,19.353350306963225,0.0516706401805896,3.600213457049603e-05,1.0,18.393594892010345,0.0543667513539928
3.0,18.3254,19.24464572478747,0.0519625050157187,2.272719427534626e-05,1.0,18.501760669817067,0.0540489101467707
4.0,18.3254,19.09426345771017,0.0523717504063349,1.366596781485421e-05,1.0,18.379962358939807,0.0544070755136019
5.0,18.3254,18.89922216797415,0.0529122305199713,8.901005219871386e-06,1.0,18.3616616251905,0.0544613020549345
6.0,18.3254,18.65748253607792,0.0535977990635287,6.164981053828215e-06,1.5,18.386393559796414,0.054388044982709
7.5,18.3254,18.343334582677155,0.0545157149858874,3.930767490567397e-06,1.5,18.419954153888444,0.0542889516252623
9.0,18.3254,17.961164931319395,0.0556756760390453,2.3706957095560018e-06,nan,18.341043447931632,0.0545225250045832
nan,nan,nan,nan,1.545556950666887e-06,nan,18.329862312058783,0.0545557835064654
nan,nan,nan,nan,1.076920854023112e-06,nan,18.3203020981036,0.0545842527402162
nan,nan,nan,nan,6.90113698280819e-07,nan,18.33524191687996,0.0545397767061568
Name:	297.63514416313194_10_80_1
Lambda:	297.63514416313194	Maximal Depth:	10	Filter time:	10 to 80 [us]
Chi2:	0.4535570566086543	RelRMS:	7.013006507173987	AbsRMS:	5.582784011078563e-07	Phi model:	0.0009978456026716
depth_vector,start_model,resistivity_model,conductivity_model,E/I[V/A],modelled_thickness,rhoa,sigma
0.0,18.3254,19.4447386204002,0.0514277933749576,8.155071792295305e-05,1.0,18.30158057931953,0.0546400894538028
1.0,18.3254,19.40856046004887,0.0515236563813389,5.2744604413103925e-05,1.0,18.26541343038036,0.0547482817080246
2.0,18.3254,19.335092903878497,0.0517194308282535,3.600947349164843e-05,1.0,18.391095665830907,0.054374139429763
3.0,18.3254,19.222982945179183,0.0520210626442231,2.2726518759459304e-05,1.0,18.502127295006098,0.0540478391514423
4.0,18.3254,19.070816368273647,0.0524361401572513,1.3662435134150172e-05,1.0,18.38313054674239,0.0543976988825337
5.0,18.3254,18.877633652157257,0.0529727410980731,8.89695266631363e-06,1.0,18.36723701502784,0.0544447702820959
6.0,18.3254,18.643385799813057,0.0536383257171037,6.1611203706574985e-06,1.5,18.39407361630563,0.0543653364045221
7.5,18.3254,18.348378020510225,0.0545007301943625,3.927513462141004e-06,1.5,18.43012696530492,0.054258985946354
9.0,18.3254,17.999263807120258,0.0555578278487375,2.368270240798198e-06,nan,18.353563989215463,0.0544853305106081
nan,nan,nan,nan,1.5437251030380958e-06,nan,18.344360090842123,0.0545126673837601
nan,nan,nan,nan,1.0755018136718964e-06,nan,18.33641335832625,0.054536292373989
nan,nan,nan,nan,6.89097575629437e-07,nan,18.35326188921978,0.0544862273548972
Name:	379.26901907322497_10_80_1
Lambda:	379.26901907322497	Maximal Depth:	10	Filter time:	10 to 80 [us]
Chi2:	0.4568165986320138	RelRMS:	7.0772855119137725	AbsRMS:	5.46650218436284e-07	Phi model:	0.0008828348513315
depth_vector,start_model,resistivity_model,conductivity_model,E/I[V/A],modelled_thickness,rhoa,sigma
0.0,18.3254,19.42074568860484,0.0514913287076691,8.160652954549937e-05,1.0,18.29323519014917,0.0546650163082414
1.0,18.3254,19.38400077871567,0.051588937258919,5.2768403558584106e-05,1.0,18.2599210790921,0.054764749292647
2.0,18.3254,19.309797021209008,0.0517871834127331,3.601762245918884e-05,1.0,18.38832157760734,0.054382342389409
3.0,18.3254,19.19766845934872,0.0520896588102618,2.2725516164585127e-05,1.0,18.502671470444778,0.0540462495698174
4.0,18.3254,19.04746572676793,0.0525004225939975,1.3658291159864406e-05,1.0,18.386848697021016,0.0543866986930727
5.0,18.3254,18.85966217285724,0.0530232191242108,8.892277754464858e-06,1.0,18.37367388789412,0.0544256965755156
6.0,18.3254,18.635598408230216,0.0536607399501783,6.156693502464606e-06,1.5,18.40288986204487,0.0543392916817078
7.5,18.3254,18.360234973108053,0.0544655338814935,3.923802660794122e-06,1.5,18.44174490683412,0.0542248038378093
9.0,18.3254,18.04170455488932,0.0554271353328973,2.365519457631513e-06,nan,18.367789728621805,0.054443131959516
nan,nan,nan,nan,1.5416544682563187e-06,nan,18.360782262790043,0.0544639103981206
nan,nan,nan,nan,1.073900948549362e-06,nan,18.35463157261521,0.0544821614121627
nan,nan,nan,nan,6.879537621109604e-07,nan,18.373599395718824,0.0544259172338876
Name:	483.2930238571752_10_80_1
Lambda:	483.2930238571752	Maximal Depth:	10	Filter time:	10 to 80 [us]
Chi2:	0.4610212627900756	RelRMS:	7.149178444886194	AbsRMS:	5.338579733345946e-07	Phi model:	0.0007667376751949
depth_vector,start_model,resistivity_model,conductivity_model,E/I[V/A],modelled_thickness,rhoa,sigma
0.0,18.3254,19.387177373207223,0.0515804843969697,8.166976894862294e-05,1.0,18.283790629542537,0.0546932537273875
1.0,18.3254,19.35098087669746,0.0516769669905572,5.279518749507552e-05,1.0,18.25374483523873,0.0547832792134524
2.0,18.3254,19.27816242436613,0.0518721638498115,3.602665978325617e-05,1.0,18.38524629630708,0.0543914388680701
3.0,18.3254,19.168872282601388,0.0521679097892289,2.272426283402568e-05,1.0,18.50335179322256,0.0540442624220268
4.0,18.3254,19.0238260240802,0.0525656615411751,1.3653587789774205e-05,1.0,18.39107103971028,0.0543742122381445
5.0,18.3254,18.84445921443099,0.0530659961435351,8.887016773364364e-06,1.0,18.380924466186364,0.0544042277002772
6.0,18.3254,18.633022982240675,0.0536681568499706,6.151727202463512e-06,1.5,18.412792986399925,0.054310065873147
7.5,18.3254,18.378065574498287,0.0544126908213678,3.91965269012722e-06,1.5,18.454759529617046,0.054186563547206
9.0,18.3254,18.08854888008589,0.0552835944237032,2.362453588485721e-06,nan,18.38367746698416,0.0543960805337197
nan,nan,nan,nan,1.539351495560132e-06,nan,18.37909033775181,0.0544096569320374
nan,nan,nan,nan,1.0721226708509123e-06,nan,18.3749219221928,0.0544219999537643
nan,nan,nan,nan,6.866849859414492e-07,nan,18.39622482326102,0.05435897906268
Name:	615.8482110660261_10_80_1
Lambda:	615.8482110660261	Maximal Depth:	10	Filter time:	10 to 80 [us]
Chi2:	0.466360401823511	RelRMS:	7.228052481347694	AbsRMS:	5.202112164560172e-07	Phi model:	0.0006512092744176
depth_vector,start_model,resistivity_model,conductivity_model,E/I[V/A],modelled_thickness,rhoa,sigma
0.0,18.3254,19.34553019253551,0.0516915271924597,8.173987286035714e-05,1.0,18.273335115920485,0.0547245477443665
1.0,18.3254,19.31079443777367,0.0517845085670794,5.282478940922236e-05,1.0,18.24692485201352,0.0548037550496982
2.0,18.3254,19.24109975477561,0.0519720812606774,3.603659406810856e-05,1.0,18.381867274302795,0.0544014373010931
3.0,18.3254,19.13699767157007,0.0522548007353107,2.272284773050725e-05,1.0,18.504120003462344,0.0540420187403069
4.0,18.3254,18.99975198701959,0.0526322659729026,1.3648417613973066e-05,1.0,18.39571524442952,0.054360484858169
5.0,18.3254,18.83138865690925,0.0531028283797381,8.88125103375834e-06,1.0,18.388878913147103,0.054380694153413
6.0,18.3254,18.63469109990812,0.0536633526490241,6.146290545867849e-06,1.5,18.4236493210482,0.0542780630793674
7.5,18.3254,18.4009590443254,0.0543449935186061,3.915116496459709e-06,1.5,18.469011673576983,0.0541447489272351
9.0,18.3254,18.13945502852448,0.0551284478187183,2.359109041117768e-06,nan,18.401048590317533,0.0543447290567012
nan,nan,nan,nan,1.536842333346492e-06,nan,18.3990896043563,0.0543505152430603
nan,nan,nan,nan,1.0701866174637302e-06,nan,18.39707638358923,0.0543564629047271
nan,nan,nan,nan,6.853048520028661e-07,nan,18.42091528510051,0.0542861190403951
Name:	784.7599703514607_10_80_1
Lambda:	784.7599703514607	Maximal Depth:	10	Filter time:	10 to 80 [us]
Chi2:	0.4729542145448855	RelRMS:	7.312604695327719	AbsRMS:	5.061485414486839e-07	Phi model:	0.000539280184804
depth_vector,start_model,resistivity_model,conductivity_model,E/I[V/A],modelled_thickness,rhoa,sigma
0.0,18.3254,19.29754439029813,0.0518200647592629,8.18157065083167e-05,1.0,18.26204186609834,0.0547583894140775
1.0,18.3254,19.26498287856859,0.0519076505960695,5.285679646103589e-05,1.0,18.23955791257584,0.0548258902322691
2.0,18.3254,19.19977221405616,0.052083951249583,3.604734721424349e-05,1.0,18.37821147623059,0.0544122588475678
3.0,18.3254,19.102698459899987,0.0523486250960397,2.272136658252352e-05,1.0,18.5049241523435,0.0540396702935611
4.0,18.3254,18.97532830950135,0.052700010439307,1.3642912539077208e-05,1.0,18.40066350263189,0.0543458663790557
5.0,18.3254,18.81999056337273,0.0531349894481982,8.875107085387645e-06,1.0,18.397364616671577,0.0543556112973814
6.0,18.3254,18.639708536778976,0.0536489075473926,6.140495742605148e-06,1.5,18.435238465515454,0.0542439416702191
7.5,18.3254,18.4278812035567,0.0542655983590231,3.9102833240853815e-06,1.5,18.484227201642515,0.0541001789845528
9.0,18.3254,18.19365352733472,0.0549642213696973,2.3555491703815426e-06,nan,18.419583225300386,0.0542900448814955
nan,nan,nan,nan,1.5341734277377027e-06,nan,18.4204219196136,0.0542875730189016
nan,nan,nan,nan,1.0681281236242326e-06,nan,18.420705331000924,0.0542867377785508
nan,nan,nan,nan,6.838381834041687e-07,nan,18.44724483715638,0.054208637052716
Name:	1000.0_10_80_1
Lambda:	1000.0	Maximal Depth:	10	Filter time:	10.0 to 80.0 [us]
Chi2:	0.48081440997382446	RelRMS:	7.400912096834551	AbsRMS:	4.922013530084808e-07	Phi model:	0.0004345308555322529
depth_vector,start_model,resistivity_model,conductivity_model,E/I[V/A],modelled_thickness,rhoa,sigma
0.0,18.3254,19.245192891454117,0.05196102765195213,8.189557815279573e-05,1.0,18.250166121022378,0.054794021784168825
1.0,18.3254,19.215321514189927,0.05204180420616593,5.289054998127459e-05,1.0,18.231797045551094,0.054849228383881066
2.0,18.3254,19.155576486023097,0.05220411929286763,3.605874823446731e-05,1.0,18.374337401948157,0.05442373121405586
3.0,18.3254,19.066853406762753,0.052447038778056246,2.27199128598114e-05,1.0,18.505713496382082,0.05403736528156576
4.0,18.3254,18.950838195102722,0.05276811451318391,1.3637235082811755e-05,1.0,18.405770193455055,0.054330788089247795
5.0,18.3254,18.809947662512947,0.05316335898121278,8.868749163268251e-06,1.0,18.40615616386502,0.054329648792353545
6.0,18.3254,18.647226856387743,0.0536272770048616,6.134491759477107e-06,1.5,18.447265195452985,0.054208577228373515
7.5,18.3254,18.45766843887113,0.05417802380142656,3.90527375941268e-06,1.5,18.500031154896757,0.05405396302456014
9.0,18.3254,18.249983517659157,0.054794570035220806,2.351860741598245e-06,nan,18.438836512389692,0.05423335682422616
nan,nan,nan,nan,1.5314089160537498e-06,nan,18.442583717647036,0.0542223375699326
nan,nan,nan,nan,1.0659962343812548e-06,nan,18.445256903342873,0.05421447937755575
nan,nan,nan,nan,6.823196151981184e-07,nan,18.47460544456336,0.05412835489237885
