Name:	10.0_10_80_1
Lambda:	10	Maximal Depth:	10	Filter time:	10 to 80 [us]
Chi2:	0.2011435064944029	RelRMS:	1.875848455577412	AbsRMS:	4.317103020187936e-07	Phi model:	0.0170207711348068
depth_vector,start_model,resistivity_model,conductivity_model,E/I[V/A],modelled_thickness,rhoa,sigma
0.0,17.2235,20.42542823592178,0.0489585818446303,8.446500058097278e-05,1.0,17.878150868369907,0.0559341962914746
1.0,17.2235,20.318589002333024,0.0492160159293136,5.5375725752618434e-05,1.0,17.6821571333199,0.0565541858077722
2.0,17.2235,20.094148351611388,0.0497657319186562,3.829559903083024e-05,1.0,17.65168652580885,0.0566518104962878
3.0,17.2235,19.73374873371336,0.0506746089399419,2.4539135443605326e-05,1.0,17.579402231190862,0.0568847556275671
4.0,17.2235,19.21564896414865,0.0520409173723842,1.4963716570807191e-05,1.0,17.30129312978992,0.0577991478728354
5.0,17.2235,18.52245750860424,0.0539885163475456,9.862842323586574e-06,1.0,17.14759786653207,0.0583172061640048
6.0,17.2235,17.64817781054903,0.0566630737028419,6.901709297937304e-06,1.5,17.0534901341053,0.0586390229880333
7.5,17.2235,16.495243496136975,0.0606235367325247,4.45333420355264e-06,1.5,16.94922805001105,0.0589997371590824
9.0,17.2235,15.119655157687973,0.0661390745735047,2.716481987402855e-06,nan,16.749558438038655,0.0597030664240661
nan,nan,nan,nan,1.7876534396142296e-06,nan,16.6351603634711,0.0601136375093735
nan,nan,nan,nan,1.2551716649871358e-06,nan,16.541938594197767,0.0604524067300527
nan,nan,nan,nan,8.115102544943288e-07,nan,16.457773019076015,0.0607615622624586
Name:	12.742749857031335_10_80_1
Lambda:	12.742749857031336	Maximal Depth:	10	Filter time:	10 to 80 [us]
Chi2:	0.2062183087802549	RelRMS:	1.898891278573687	AbsRMS:	4.408417167666164e-07	Phi model:	0.0164126641125391
depth_vector,start_model,resistivity_model,conductivity_model,E/I[V/A],modelled_thickness,rhoa,sigma
0.0,17.2235,20.53986549254437,0.0486858105454966,8.449418009741431e-05,1.0,17.874034562549074,0.0559470776729541
1.0,17.2235,20.410404317310924,0.0489946198249418,5.539502611276717e-05,1.0,17.67804976309579,0.0565673257741118
2.0,17.2235,20.14451774143331,0.0496412975895271,3.83082348427916e-05,1.0,17.647804755459987,0.0566642714975988
3.0,17.2235,19.73225183959877,0.0506784531298751,2.4545670759056103e-05,1.0,17.57628173419624,0.0568948549598183
4.0,17.2235,19.163569612664745,0.0521823449499264,1.4965812068358933e-05,1.0,17.2996780859668,0.057804543820453
5.0,17.2235,18.433659421601583,0.0542485882552514,9.863065882272963e-06,1.0,17.147338751095315,0.058318087402112
6.0,17.2235,17.547334702353332,0.0569887117880008,6.901171134241036e-06,1.5,17.054376693775662,0.0586359746800344
7.5,17.2235,16.43122727281188,0.06085972662886,4.4523907013559495e-06,1.5,16.951622429454613,0.0589914035757681
9.0,17.2235,15.143277303074356,0.0660359035885172,2.715479425394956e-06,nan,16.75368083784956,0.0596883759263708
nan,nan,nan,nan,1.7867587488114242e-06,nan,16.640713093395764,0.060093578585696
nan,nan,nan,nan,1.2544124743587946e-06,nan,16.54861221954637,0.0604280278450691
nan,nan,nan,nan,8.109160852928155e-07,nan,16.465811259822022,0.0607318998268907
Name:	16.237767391887218_10_80_1
Lambda:	16.237767391887218	Maximal Depth:	10	Filter time:	10 to 80 [us]
Chi2:	0.2104143707783117	RelRMS:	1.9204338952830045	AbsRMS:	4.492420028294685e-07	Phi model:	0.0159651967015674
depth_vector,start_model,resistivity_model,conductivity_model,E/I[V/A],modelled_thickness,rhoa,sigma
0.0,17.2235,20.631933506814164,0.0484685548094524,8.452235942271518e-05,1.0,17.87006160021296,0.0559595161097868
1.0,17.2235,20.483815447825247,0.0488190299579256,5.541260941092014e-05,1.0,17.674309881934413,0.0565792954112532
2.0,17.2235,20.1838586364246,0.0495445404178247,3.83191383098615e-05,1.0,17.644456882950838,0.0566750230190571
3.0,17.2235,19.72920547415917,0.0506862783354238,2.455086839327316e-05,1.0,17.573800944633508,0.0569028864700649
4.0,17.2235,19.119539327723967,0.0523025153932431,1.4967137816775969e-05,1.0,17.298656498552262,0.057807957518764
5.0,17.2235,18.360313719336933,0.0544653002822499,9.862826421485776e-06,1.0,17.147616298216505,0.0583171434798204
6.0,17.2235,17.465024455108587,0.0572572917129524,6.9003353897807824e-06,1.5,17.055753710238488,0.0586312406352177
7.5,17.2235,16.380054338847348,0.061049858523874,4.4512885413658e-06,1.5,16.95442051498345,0.0589816678851542
9.0,17.2235,15.165342187510616,0.0659398243465648,2.7144137035378164e-06,nan,16.75806572476961,0.0596727579676411
nan,nan,nan,nan,1.7858413716617934e-06,nan,16.646411435735246,0.0600730075584504
nan,nan,nan,nan,1.2536475987097385e-06,nan,16.555342629677455,0.0604034614304737
nan,nan,nan,nan,8.103268360461275e-07,nan,16.473792641268837,0.0607024758521531
Name:	20.6913808111479_10_80_1
Lambda:	20.6913808111479	Maximal Depth:	10	Filter time:	10 to 80 [us]
Chi2:	0.2135721374839251	RelRMS:	1.9409688056715668	AbsRMS:	4.568903420717024e-07	Phi model:	0.0156184319887558
depth_vector,start_model,resistivity_model,conductivity_model,E/I[V/A],modelled_thickness,rhoa,sigma
0.0,17.2235,20.703556070952704,0.0483008810937078,8.454962943642e-05,1.0,17.866218941743792,0.0559715518577652
1.0,17.2235,20.54035828469165,0.0486846425042781,5.542846717657583e-05,1.0,17.670938708908572,0.0565900893253544
2.0,17.2235,20.212955907131622,0.0494732192854176,3.832824159667811e-05,1.0,17.641662965569214,0.0566839986656402
3.0,17.2235,19.724372843221484,0.0506986968837218,2.455461622793297e-05,1.0,17.572012675976175,0.0569086773632461
4.0,17.2235,19.08223960127982,0.0524047502229733,1.4967564817813738e-05,1.0,17.29832749471459,0.0578090569915238
5.0,17.2235,18.300277993113305,0.0546439786530191,9.862003036033616e-06,1.0,17.148570729162973,0.0583138977465564
6.0,17.2235,17.39888039823305,0.0574749625902109,6.8990959955927525e-06,1.5,17.057796313034423,0.0586242197789562
7.5,17.2235,16.340398601660944,0.0611980175256161,4.449941609051585e-06,1.5,16.957841579344574,0.0589697689603401
9.0,17.2235,15.186623700466246,0.0658474207120374,2.713220305871349e-06,nan,16.762979337495846,0.0596552665171623
nan,nan,nan,nan,1.7848522834453471e-06,nan,16.65256068376983,0.0600508245542461
nan,nan,nan,nan,1.252838932755424e-06,nan,16.56246581302571,0.0603774831168883
nan,nan,nan,nan,8.097149970553312e-07,nan,16.482090243732248,0.0606719163171841
Name:	26.366508987303583_10_80_1
Lambda:	26.366508987303583	Maximal Depth:	10	Filter time:	10 to 80 [us]
Chi2:	0.2156059797246166	RelRMS:	1.9612904446808952	AbsRMS:	4.638750874913745e-07	Phi model:	0.0153265585661641
depth_vector,start_model,resistivity_model,conductivity_model,E/I[V/A],modelled_thickness,rhoa,sigma
0.0,17.2235,20.75661050196173,0.0481774227976908,8.45764752437821e-05,1.0,17.862438075981355,0.0559833991164199
1.0,17.2235,20.581504482356785,0.0485873129856583,5.544279760446609e-05,1.0,17.66789361217186,0.0565998427402276
2.0,17.2235,20.23251314166281,0.0494253972800244,3.833558637916613e-05,1.0,17.639409562098137,0.0566912399465288
3.0,17.2235,19.717448017435352,0.0507165024153095,2.455684756247969e-05,1.0,17.570948217067233,0.0569121249261134
4.0,17.2235,19.0503360528896,0.0524925123222861,1.4966977918577686e-05,1.0,17.298779703966954,0.0578075457987756
5.0,17.2235,18.25146903287536,0.0547901102206488,9.860476250395322e-06,1.0,17.150340861099657,0.0583078790152909
6.0,17.2235,17.346649469496914,0.0576480202565021,6.897343243428889e-06,1.5,17.060686007631602,0.058614290161174
7.5,17.2235,16.3110333423345,0.06130819421505,4.448257993758127e-06,1.5,16.962120210180036,0.0589548940585763
9.0,17.2235,15.208003429872733,0.065754851030328,2.711829201953625e-06,nan,16.768711520771664,0.0596348740785053
nan,nan,nan,nan,1.7837377620547092e-06,nan,16.6594965698523,0.0600258234579333
nan,nan,nan,nan,1.2519444640110489e-06,nan,16.57035372653533,0.0603487418858552
nan,nan,nan,nan,8.090500792796873e-07,nan,16.4911195440359,0.0606386969259255
Name:	33.59818286283781_10_80_1
Lambda:	33.59818286283781	Maximal Depth:	10	Filter time:	10 to 80 [us]
Chi2:	0.2164887449353175	RelRMS:	1.9825041559658148	AbsRMS:	4.703651421653541e-07	Phi model:	0.0150546747822872
depth_vector,start_model,resistivity_model,conductivity_model,E/I[V/A],modelled_thickness,rhoa,sigma
0.0,17.2235,20.792725639526385,0.0480937428472113,8.460367865514582e-05,1.0,17.858608886338963,0.0559954029098512
1.0,17.2235,20.608499178241072,0.048523669353653,5.545593782114824e-05,1.0,17.66510257807879,0.0566087853484039
2.0,17.2235,20.24305981278785,0.0493996465577938,3.834127571142669e-05,1.0,17.637664550712774,0.0566968487877034
3.0,17.2235,19.70804311071082,0.050740704918416,2.4557510777885925e-05,1.0,17.570631861007676,0.0569131496186643
4.0,17.2235,19.022536073452866,0.0525692261083716,1.4965259045230595e-05,1.0,17.300104275857347,0.0578031197994292
5.0,17.2235,18.21196807891982,0.0549089475484799,9.858118101333578e-06,1.0,17.153075760910234,0.0582985823614723
6.0,17.2235,17.30631869472866,0.0577823636348838,6.894957535627935e-06,1.5,17.06462119888397,0.0586007733980875
7.5,17.2235,16.290929453135977,0.0613838518469246,4.446136587627484e-06,1.5,16.96751525884761,0.0589361485606182
9.0,17.2235,15.230453921116249,0.0656579249167059,2.7101632597252594e-06,nan,16.775582655022294,0.0596104481474221
nan,nan,nan,nan,1.782438614003705e-06,nan,16.667590546289237,0.059996674217716
nan,nan,nan,nan,1.2509178795132303e-06,nan,16.57941829300653,0.0603157470501734
nan,nan,nan,nan,8.082984799273811e-07,nan,16.501340846348228,0.0606011359507976
Name:	42.81332398719393_10_80_1
Lambda:	42.81332398719393	Maximal Depth:	10	Filter time:	10 to 80 [us]
Chi2:	0.2162439490080715	RelRMS:	2.006087358451591	AbsRMS:	4.7659244547242853e-07	Phi model:	0.0147755779351896
depth_vector,start_model,resistivity_model,conductivity_model,E/I[V/A],modelled_thickness,rhoa,sigma
0.0,17.2235,20.81314913394292,0.0480465494944808,8.463226063135055e-05,1.0,17.85458785806629,0.0560080136236929
1.0,17.2235,20.62225346699081,0.048491305841074,5.546831930703019e-05,1.0,17.662473709819878,0.0566172109540933
2.0,17.2235,20.244887007073988,0.0493951880121918,3.834543940318665e-05,1.0,17.63638775171943,0.0567009533969056
3.0,17.2235,19.695671901428867,0.0507725760768513,2.4556545126673067e-05,1.0,17.571092484728165,0.0569116576484441
4.0,17.2235,18.99761260310287,0.0526381930662524,1.496227209255096e-05,1.0,17.302406638909254,0.0577954281661155
5.0,17.2235,18.18007096694853,0.0550052858329324,9.854782087074387e-06,1.0,17.15694661784154,0.0582854293525689
6.0,17.2235,17.276178342257616,0.0578831718560114,6.89180230550457e-06,1.5,17.069829193046814,0.0585828943389391
7.5,17.2235,16.279311303699007,0.0614276600124219,4.443462548730412e-06,1.5,16.97432184954569,0.0589125155551804
9.0,17.2235,15.25504507518392,0.0655520842496064,2.708135564039952e-06,nan,16.783955336112022,0.059580711457711
nan,nan,nan,nan,1.7808884605121117e-06,nan,16.677261216258998,0.0599618838508735
nan,nan,nan,nan,1.2497073894718953e-06,nan,16.590122655960524,0.0602768298184171
nan,nan,nan,nan,8.07422746837958e-07,nan,16.5132702924691,0.0605573567372691
Name:	54.5559478116852_10_80_1
Lambda:	54.5559478116852	Maximal Depth:	10	Filter time:	10 to 80 [us]
Chi2:	0.2149512526669823	RelRMS:	2.0339999889009777	AbsRMS:	4.828450827313325e-07	Phi model:	0.014467126897441
depth_vector,start_model,resistivity_model,conductivity_model,E/I[V/A],modelled_thickness,rhoa,sigma
0.0,17.2235,20.81867451496733,0.0480337976983626,8.466345190740616e-05,1.0,17.850202324778998,0.0560217739723788
1.0,17.2235,20.623284971700592,0.0484888804752592,5.548044227600973e-05,1.0,17.659900677945686,0.0566254600315411
2.0,17.2235,20.238010353324377,0.0494119719548288,3.834821247202051e-05,1.0,17.63553751640613,0.0567036870336224
3.0,17.2235,19.67973580810468,0.0508136902726189,2.455386443712049e-05,1.0,17.57237135435063,0.0569075157720484
4.0,17.2235,18.97440752605216,0.0527025678470847,1.4957851950737194e-05,1.0,17.305815119624818,0.0577840450211442
5.0,17.2235,18.15430224664116,0.0550833618617876,9.850295416448655e-06,1.0,17.162156053880196,0.0582677372738322
6.0,17.2235,17.254843280583984,0.0579547425461261,6.887718292540661e-06,1.5,17.076576131412935,0.0585597482952373
7.5,17.2235,16.27568339137878,0.061441352473697,4.440103417357633e-06,1.5,16.98288197897779,0.0588828210216526
9.0,17.2235,15.282959137553004,0.065432354493628,2.7056469731724182e-06,nan,16.79424541905532,0.0595442054732251
nan,nan,nan,nan,1.7790120923822546e-06,nan,16.688985769561892,0.0599197586844279
nan,nan,nan,nan,1.2482545504326575e-06,nan,16.60299295005558,0.0602301044762325
nan,nan,nan,nan,8.06380803454012e-07,nan,16.527492017842103,0.0605052477968501
Name:	69.51927961775606_10_80_1
Lambda:	69.51927961775606	Maximal Depth:	10	Filter time:	10 to 80 [us]
Chi2:	0.2127690171262094	RelRMS:	2.068838818914037	AbsRMS:	4.89470345699981e-07	Phi model:	0.0141103499847692
depth_vector,start_model,resistivity_model,conductivity_model,E/I[V/A],modelled_thickness,rhoa,sigma
0.0,17.2235,20.809615730188792,0.0480547076392807,8.469868395350618e-05,1.0,17.84525189162502,0.0560373149156449
1.0,17.2235,20.61169714750045,0.048516140754633,5.549286542070874e-05,1.0,17.657264907425425,0.0566339127403287
2.0,17.2235,20.222156264990844,0.0494507107400424,3.834972533065572e-05,1.0,17.63507371037869,0.0567051783521309
3.0,17.2235,19.65951520588337,0.0508659541971175,2.4549348903824955e-05,1.0,17.574526094337617,0.0569005385768093
4.0,17.2235,18.95182427155967,0.0527653689518778,1.4951798529045474e-05,1.0,17.310485787564808,0.0577684538881261
5.0,17.2235,18.13340732247925,0.0551468338087977,9.844454560465644e-06,1.0,17.168943751556075,0.0582447012740295
6.0,17.2235,17.2412477034061,0.0580004427291213,6.88252013457941e-06,1.5,17.085173328212864,0.0585302812438369
7.5,17.2235,16.279836692057703,0.0614256775983423,4.435906713174975e-06,1.5,16.993591686977364,0.0588457118671579
9.0,17.2235,15.315506569880156,0.0652933022774854,2.7025845506600346e-06,nan,16.806929910763834,0.0594992663924634
nan,nan,nan,nan,1.7767243848382435e-06,nan,16.703308505019393,0.0598683787525984
nan,nan,nan,nan,1.246493473593682e-06,nan,16.618627349708675,0.0601734414616096
nan,nan,nan,nan,8.051254166118623e-07,nan,16.544667816254027,0.0604424344511509
Name:	88.58667904100822_10_80_1
Lambda:	88.58667904100822	Maximal Depth:	10	Filter time:	10 to 80 [us]
Chi2:	0.2100052621620353	RelRMS:	2.114010778079905	AbsRMS:	4.969187600160185e-07	Phi model:	0.0136884421228529
depth_vector,start_model,resistivity_model,conductivity_model,E/I[V/A],modelled_thickness,rhoa,sigma
0.0,17.2235,20.78580732764228,0.0481097502847597,8.473968027063162e-05,1.0,17.839495842782046,0.0560553957809634
1.0,17.2235,20.58717881514998,0.0485739211272651,5.5506268951710336e-05,1.0,17.654422234838925,0.0566430317966802
2.0,17.2235,20.196757494347978,0.0495128983095354,3.835014949281474e-05,1.0,17.634943677948097,0.0567055964715365
3.0,17.2235,19.63415790773916,0.0509316470153187,2.4542876014047177e-05,1.0,17.577616005790055,0.0568905362178011
4.0,17.2235,18.92880672769055,0.0528295319607823,1.494389661891306e-05,1.0,17.31658744697393,0.0577480986402288
5.0,17.2235,18.116323425294564,0.0551988378946563,9.837038933360383e-06,1.0,17.177571177920107,0.0582154479025178
6.0,17.2235,17.234610842203622,0.0580227780688397,6.87600630977984e-06,1.5,17.095961786590806,0.0584933455328818
7.5,17.2235,16.291829918983495,0.0613804590996119,4.43070663755731e-06,1.5,17.006885380676515,0.0587997142108228
9.0,17.2235,15.354111064991592,0.0651291368003757,2.698825832773336e-06,nan,16.822531227143724,0.0594440864158698
nan,nan,nan,nan,1.7739332073484996e-06,nan,16.720825016135493,0.059805661445234
nan,nan,nan,nan,1.2443529276920076e-06,nan,16.63768022067211,0.0601045330080038
nan,nan,nan,nan,8.036056020833059e-07,nan,16.565521252543185,0.0603663467484596
Name:	112.88378916846884_10_80_1
Lambda:	112.88378916846884	Maximal Depth:	10	Filter time:	10 to 80 [us]
Chi2:	0.207043540152589	RelRMS:	2.1739293369600734	AbsRMS:	5.056069794865561e-07	Phi model:	0.0131857552751559
depth_vector,start_model,resistivity_model,conductivity_model,E/I[V/A],modelled_thickness,rhoa,sigma
0.0,17.2235,20.746720001521865,0.0482003902268235,8.478803834578683e-05,1.0,17.832712136634587,0.0560767197012984
1.0,17.2235,20.549108271575435,0.0486639121651449,5.552116607714012e-05,1.0,17.651264137083576,0.056653166154774
2.0,17.2235,20.16104293553913,0.049600608619172,3.834948817216061e-05,1.0,17.635146415446933,0.0567049445716017
3.0,17.2235,19.602746588992016,0.0510132595685113,2.4534178364357903e-05,1.0,17.58177007234315,0.0568770946204694
4.0,17.2235,18.90438172139405,0.0528977892394281,1.493382405730469e-05,1.0,17.324373030077883,0.057722146611819
5.0,17.2235,18.10219870799792,0.0552419082416866,9.827747468229752e-06,1.0,17.18839628750315,0.0581787842957199
6.0,17.2235,17.234460785951146,0.0580232832590364,6.867913032063164e-06,1.5,17.10938995177457,0.058447437507629
7.5,17.2235,16.3120076527353,0.0613045322984699,4.424293005017797e-06,1.5,17.023317320852385,0.0587429571541305
9.0,17.2235,15.400432887258058,0.0649332396901242,2.694219075337899e-06,nan,16.841701965278375,0.05937642181661
nan,nan,nan,nan,1.770525991887416e-06,nan,16.742269941414985,0.0597290572604089
nan,nan,nan,nan,1.2417466646990745e-06,nan,16.66095228682951,0.0600205788231264
nan,nan,nan,nan,8.017601862835205e-07,nan,16.590930811710574,0.0602738936922187
Name:	143.8449888287663_10_80_1
Lambda:	143.8449888287663	Maximal Depth:	10	Filter time:	10 to 80 [us]
Chi2:	0.2046901535881992	RelRMS:	2.254013264437842	AbsRMS:	5.162334389723358e-07	Phi model:	0.012589390913705
depth_vector,start_model,resistivity_model,conductivity_model,E/I[V/A],modelled_thickness,rhoa,sigma
0.0,17.2235,20.69143270588302,0.0483291811743745,8.484602729864209e-05,1.0,17.82458590164447,0.0561022850975596
1.0,17.2235,20.49652402843216,0.0487887604070246,5.553847888141696e-05,1.0,17.647595704356227,0.0566649427351259
2.0,17.2235,20.113989717622548,0.0497166407082263,3.834800952551318e-05,1.0,17.635599737238124,0.0567034869751817
3.0,17.2235,19.564230251130347,0.0511136899925936,2.4523148258618177e-05,1.0,17.58704166977947,0.0568600460939568
4.0,17.2235,18.87756776250352,0.0529729259924204,1.4921353606408187e-05,1.0,17.33402419476756,0.0576900083191218
5.0,17.2235,18.09028401789323,0.0552782918726368,9.81634076240927e-06,1.0,17.201709125288144,0.0581337582630033
6.0,17.2235,17.24048141132143,0.0580030206896266,6.858019198154652e-06,1.5,17.12584142576692,0.0583912915657058
7.5,17.2235,16.340873691425305,0.061196238272421,4.416483122358079e-06,1.5,17.04338018597859,0.0586738070199648
9.0,17.2235,15.456102709047611,0.0646993630169541,2.6886295871201536e-06,nan,16.865035762780217,0.0592942709440865
nan,nan,nan,nan,1.7664015789332172e-06,nan,16.768321092269925,0.0596362625988234
nan,nan,nan,nan,1.238596553837342e-06,nan,16.68918942063375,0.0599190275091279
nan,nan,nan,nan,7.995333489555532e-07,nan,16.62172225228167,0.0601622373916595
Name:	183.29807108324357_10_80_1
Lambda:	183.2980710832436	Maximal Depth:	10	Filter time:	10 to 80 [us]
Chi2:	0.2040390737962842	RelRMS:	2.3605616767787585	AbsRMS:	5.295386648411129e-07	Phi model:	0.0118892832591085
depth_vector,start_model,resistivity_model,conductivity_model,E/I[V/A],modelled_thickness,rhoa,sigma
0.0,17.2235,20.61888606174615,0.048499225273633,8.491585677958147e-05,1.0,17.81481267999172,0.0561330628597137
1.0,17.2235,20.428353289789925,0.0489515716619116,5.555905629737764e-05,1.0,17.643238006901036,0.0566789383903825
2.0,17.2235,20.05452059574565,0.0498640690624207,3.834591073024227e-05,1.0,17.636243233506463,0.0567014180264953
3.0,17.2235,19.51757552782809,0.0512358719234468,2.450961952101542e-05,1.0,17.593512832076815,0.0568391321019632
4.0,17.2235,18.847475636568102,0.0530575032584091,1.4906217271046851e-05,1.0,17.34575662446998,0.057650987595968
5.0,17.2235,18.079983125042048,0.0553097861366324,9.802550104691615e-06,1.0,17.217838757702086,0.058079298689719
6.0,17.2235,17.252552996258824,0.0579624360647869,6.846081819738183e-06,1.5,17.145743640284948,0.058323512877589
7.5,17.2235,16.37909428446441,0.0610534369381157,4.407079385224439e-06,1.5,17.06761611939114,0.0585904904940921
9.0,17.2235,15.52286454125917,0.0644210994267223,2.681913368192504e-06,nan,16.89318035791999,0.059195484734831
nan,nan,nan,nan,1.76145260295792e-06,nan,16.799714578517637,0.0595248208132496
nan,nan,nan,nan,1.2348200675635552e-06,nan,16.723199456616864,0.059797169949099
nan,nan,nan,nan,7.968664199887662e-07,nan,16.658787655531,0.0600283778554547
Name:	233.57214690901213_10_80_1
Lambda:	233.57214690901213	Maximal Depth:	10	Filter time:	10 to 80 [us]
Chi2:	0.2066314476862261	RelRMS:	2.50025586451142	AbsRMS:	5.4638015284087e-07	Phi model:	0.0110803289696882
depth_vector,start_model,resistivity_model,conductivity_model,E/I[V/A],modelled_thickness,rhoa,sigma
0.0,17.2235,20.528056235335,0.048713818226915,8.499980338396095e-05,1.0,17.80308136422235,0.05617005166362
1.0,17.2235,20.34357038539069,0.0491555799230861,5.558381536151099e-05,1.0,17.63799832223231,0.0566957758885554
2.0,17.2235,19.98162449596208,0.0500459810063031,3.834345353783529e-05,1.0,17.636996689896435,0.0566989957294068
3.0,17.2235,19.46183804619213,0.0513826082421674,2.4493482675091763e-05,1.0,17.60123931303604,0.0568141812184422
4.0,17.2235,18.813323807992763,0.0531538185493386,1.4888192629058245e-05,1.0,17.359753756686988,0.0576045037283319
5.0,17.2235,18.070813588349267,0.0553378515643992,9.786143341324832e-06,1.0,17.237077533832906,0.0580144747876896
6.0,17.2235,17.270657186889828,0.0579016761886224,6.831887517333374e-06,1.5,17.169484046189122,0.0582428684117596
7.5,17.2235,16.42737605724341,0.0608739945147274,4.395906547135381e-06,1.5,17.096523774156243,0.0584914227716653
9.0,17.2235,15.60240125861764,0.0640926985163692,2.6739421962016744e-06,nan,16.92673671295723,0.0590781328355223
nan,nan,nan,nan,1.7555832785996475e-06,nan,16.837137321733298,0.0593925191017599
nan,nan,nan,nan,1.230343501149612e-06,nan,16.76373945688071,0.0596525615643321
nan,nan,nan,nan,7.937069758018757e-07,nan,16.702966556760522,0.0598696043964268
Name:	297.63514416313194_10_80_1
Lambda:	297.63514416313194	Maximal Depth:	10	Filter time:	10 to 80 [us]
Chi2:	0.2145204640049546	RelRMS:	2.679219841694641	AbsRMS:	5.677307672376978e-07	Phi model:	0.0101647448316252
depth_vector,start_model,resistivity_model,conductivity_model,E/I[V/A],modelled_thickness,rhoa,sigma
0.0,17.2235,20.41821244561932,0.0489758837931254,8.510014576208225e-05,1.0,17.78908409272594,0.0562142488498835
1.0,17.2235,20.241429176999937,0.0494036261597716,5.561377261757232e-05,1.0,17.6316637584973,0.0567161450953864
2.0,17.2235,19.894543221357647,0.0502650394569731,3.834103371807802e-05,1.0,17.63773876524837,0.0566966102236585
3.0,17.2235,19.39628654004667,0.051556260417959,2.447476482849091e-05,1.0,17.610212237330813,0.0567852327117421
4.0,17.2235,18.774490613047305,0.0532637620168001,1.486717134106061e-05,1.0,17.37611366950216,0.0575502680875735
5.0,17.2235,18.062385726747586,0.0553636720601728,9.766980996917984e-06,1.0,17.259615709760403,0.0579387175714749
6.0,17.2235,17.29478428880806,0.0578209004114106,6.815298382709302e-06,1.5,17.197334277778026,0.0581485469694088
7.5,17.2235,16.486322092405484,0.0606563425362565,4.382846207352478e-06,1.5,17.130470613163833,0.0583755124177122
9.0,17.2235,15.69613797440925,0.0637099394532836,2.664627475836982e-06,nan,16.966160885954743,0.0589408533092385
nan,nan,nan,nan,1.7487266175699e-06,nan,16.88112027103237,0.0592377747415245
nan,nan,nan,nan,1.225114931862984e-06,nan,16.811402002897722,0.059483438670233
nan,nan,nan,nan,7.90017868835432e-07,nan,16.754924177316813,0.0596839466068024
Name:	379.26901907322497_10_80_1
Lambda:	379.26901907322497	Maximal Depth:	10	Filter time:	10 to 80 [us]
Chi2:	0.2301990052322118	RelRMS:	2.9018336674452856	AbsRMS:	5.945739325833904e-07	Phi model:	0.0091541751833933
depth_vector,start_model,resistivity_model,conductivity_model,E/I[V/A],modelled_thickness,rhoa,sigma
0.0,17.2235,20.2892404582973,0.0492872072789225,8.521886814017305e-05,1.0,17.7725583858694,0.0562665193321339
1.0,17.2235,20.121759747978462,0.0496974425957185,5.564993622423409e-05,1.0,17.624024413030927,0.0567407293909906
2.0,17.2235,19.79301635013172,0.0505228704059219,3.833916195475919e-05,1.0,17.638312824115644,0.0566947649682666
3.0,17.2235,19.32057603367856,0.051758291173972,2.44536581924674e-05,1.0,17.620344024509418,0.0567525809149371
4.0,17.2235,18.73060289295533,0.053388564463993,1.484319893361383e-05,1.0,17.394817419969737,0.0574883872510194
5.0,17.2235,18.054401684053808,0.0553881550604487,9.74505481770266e-06,1.0,17.28549520544741,0.0578519728890877
6.0,17.2235,17.324848611180034,0.0577205620922241,6.7962863326860455e-06,1.5,17.229391425242525,0.0580403553044198
7.5,17.2235,16.55626933571014,0.0604000804603428,4.367864413817935e-06,1.5,17.16961997879051,0.058242407300528
9.0,17.2235,15.805034530685957,0.0632709785010889,2.653940150616929e-06,nan,17.01167846593296,0.0587831472363275
nan,nan,nan,nan,1.7408591873839406e-06,nan,16.93194237906981,0.0590599694714373
nan,nan,nan,nan,1.2191155257464071e-06,nan,16.866510745618296,0.0592890856373353
nan,nan,nan,nan,7.857852383125681e-07,nan,16.815037200478795,0.0594705791059163
Name:	483.2930238571752_10_80_1
Lambda:	483.2930238571752	Maximal Depth:	10	Filter time:	10 to 80 [us]
Chi2:	0.2564025492559048	RelRMS:	3.1695131235624987	AbsRMS:	6.277701760178278e-07	Phi model:	0.0080711224584054
depth_vector,start_model,resistivity_model,conductivity_model,E/I[V/A],modelled_thickness,rhoa,sigma
0.0,17.2235,20.14196008620942,0.0496476011132933,8.535735143005502e-05,1.0,17.753330451381427,0.0563274593878912
1.0,17.2235,19.985260288868,0.0500368764552449,5.569320372036935e-05,1.0,17.614895277849172,0.0567701359688187
2.0,17.2235,19.67752342594184,0.0508194033544714,3.833845738713555e-05,1.0,17.638528922987543,0.056694070370956
3.0,17.2235,19.23492006993472,0.0519887785529744,2.4430562952635315e-05,1.0,17.631447111018275,0.0567168419984697
4.0,17.2235,18.68162363731049,0.0535285379587041,1.4816526570929137e-05,1.0,17.415686989104092,0.0574194977565707
5.0,17.2235,18.046650495594506,0.0554119447397796,9.720535926312927e-06,1.0,17.314550064779304,0.0577548937892511
6.0,17.2235,17.36058913648869,0.0576017318385922,6.774975178732124e-06,1.5,17.26550333952702,0.0579189601562693
7.5,17.2235,16.637100875677234,0.0601066259964775,4.35104493516405e-06,1.5,17.213838984438222,0.0580927938796236
9.0,17.2235,15.92932063081923,0.0627773163197714,2.6419344236033108e-06,nan,17.06317689111327,0.058605733643939
nan,nan,nan,nan,1.7320185550139646e-06,nan,16.98950990110484,0.0588598497438098
nan,nan,nan,nan,1.2123728274448935e-06,nan,16.92898912675623,0.0590702724487844
nan,nan,nan,nan,7.810278715154326e-07,nan,16.883250137938752,0.0592303017386964
Name:	615.8482110660261_10_80_1
Lambda:	615.8482110660261	Maximal Depth:	10	Filter time:	10 to 80 [us]
Chi2:	0.2957362465832837	RelRMS:	3.479831398978414	AbsRMS:	6.678766276788654e-07	Phi model:	0.0069487125258633
depth_vector,start_model,resistivity_model,conductivity_model,E/I[V/A],modelled_thickness,rhoa,sigma
0.0,17.2235,19.978380206945307,0.0500541079727954,8.551599602545067e-05,1.0,17.731366985652443,0.0563972310092708
1.0,17.2235,19.83373323644833,0.0504191514566862,5.5744206847889925e-05,1.0,17.604149147057147,0.0568047902597535
2.0,17.2235,19.54948272109854,0.0511522485922741,3.8339598938886266e-05,1.0,17.63817879945902,0.0566951957665079
3.0,17.2235,19.140235186039003,0.052245961989506,2.4406098501152984e-05,1.0,17.643227545103294,0.0566789719989492
4.0,17.2235,18.627928035076422,0.0536828356925686,1.4787640493928384e-05,1.0,17.43835940192449,0.057344844027566
5.0,17.2235,18.03900533865232,0.0554354290176572,9.693806455924876e-06,1.0,17.346363940023004,0.0576489691705773
6.0,17.2235,17.40148190762365,0.0574663701234488,6.751670009977064e-06,1.5,17.30521147480998,0.0577860606589888
7.5,17.2235,16.728072462379874,0.0597797506107725,4.332613446874897e-06,1.5,17.2626243413498,0.0579286196713823
9.0,17.2235,16.06824288137223,0.0622345584008623,2.6287653537555383e-06,nan,17.120115907426285,0.0584108194948741
nan,nan,nan,nan,1.7223163712720128e-06,nan,17.05325389021841,0.0586398353321644
nan,nan,nan,nan,1.2049707960969809e-06,nan,16.99824721665911,0.0588295950314189
nan,nan,nan,nan,7.758043088483201e-07,nan,16.958949678026432,0.0589659158724724
Name:	784.7599703514607_10_80_1
Lambda:	784.7599703514607	Maximal Depth:	10	Filter time:	10 to 80 [us]
Chi2:	0.3501613835049106	RelRMS:	3.8262692833358503	AbsRMS:	7.149600291877761e-07	Phi model:	0.0058281318898652
depth_vector,start_model,resistivity_model,conductivity_model,E/I[V/A],modelled_thickness,rhoa,sigma
0.0,17.2235,19.80180649805009,0.0505004429822335,8.569384975496787e-05,1.0,17.706824721768367,0.0564753994978344
1.0,17.2235,19.670187202162577,0.0508383570386182,5.580312628517941e-05,1.0,17.591755466612998,0.0568448101667782
2.0,17.2235,19.411340468228158,0.0515162773862406,3.834323393395315e-05,1.0,17.637064031620955,0.0566987792416657
3.0,17.2235,19.038209003509373,0.0525259492537174,2.4381070666547716e-05,1.0,17.655299650106553,0.0566402168084394
4.0,17.2235,18.570340580058755,0.0538493085621607,1.4757254904513553e-05,1.0,17.462288565837653,0.057266262450636
5.0,17.2235,18.031419183735,0.0554587517383011,9.665461608570934e-06,1.0,17.38026058179936,0.0575365366528049
6.0,17.2235,17.446684305409306,0.0573174812184772,6.7268625492565285e-06,1.5,17.34773104167548,0.057644426098009
7.5,17.2235,16.82769769448438,0.0594258357949804,4.312943682272492e-06,1.5,17.31507022033813,0.0577531587960532
9.0,17.2235,16.219888484634403,0.0616527050076411,2.614693937634742e-06,nan,17.181484138429905,0.0582021897493299
nan,nan,nan,nan,1.7119423900758796e-06,nan,17.122077055920734,0.0584041291680908
nan,nan,nan,nan,1.1970529991890211e-06,nan,17.073120388864126,0.0585716012787121
nan,nan,nan,nan,7.702151629386176e-07,nan,17.040893684925294,0.0586823683363871
Name:	1000.0_10_80_1
Lambda:	1000.0	Maximal Depth:	10	Filter time:	10.0 to 80.0 [us]
Chi2:	0.4204539855215286	RelRMS:	4.198707717230523	AbsRMS:	7.684602171254882e-07	Phi model:	0.004753702205362691
depth_vector,start_model,resistivity_model,conductivity_model,E/I[V/A],modelled_thickness,rhoa,sigma
0.0,17.2235,19.616730031848757,0.050976895658779484,8.588834682787889e-05,1.0,17.680082819205435,0.05656082102249684
1.0,17.2235,19.49873756921981,0.051285371499054044,5.58695189789009e-05,1.0,17.577815898110465,0.05688988926704457
2.0,17.2235,19.26649295971447,0.05190358214600672,3.8349856481565786e-05,1.0,17.635033504104204,0.056705307634786734
3.0,17.2235,18.931248489792992,0.052822717980758736,2.4356390558516783e-05,1.0,17.667224272711348,0.05660198707867155
4.0,17.2235,18.510108191233492,0.05402453565742023,1.472625896725809e-05,1.0,17.48678314633112,0.05718604683502401
5.0,17.2235,18.023915773234346,0.05548183938392609,9.63627237094789e-06,1.0,17.415340590744893,0.057420639854234845
6.0,17.2235,17.495032611740875,0.05715908179153106,6.701203500848877e-06,1.5,17.39198604617308,0.057497746223183016
7.5,17.2235,16.93373984850073,0.05905370041978869,4.292538202747228e-06,1.5,17.369900711769613,0.057570852971106125
9.0,17.2235,16.38115947902184,0.06104573985013865,2.6000743493529306e-06,nan,17.24582881568805,0.057985035725875225
nan,nan,nan,nan,1.7011554659788165e-06,nan,17.194380815664594,0.05815853508891522
nan,nan,nan,nan,1.1888159299973225e-06,nan,17.151893766704237,0.05830259991122552
nan,nan,nan,nan,7.643985026432082e-07,nan,17.12723242312017,0.05838654928569154
