Name:	10.0_10_80_1
Lambda:	10	Maximal Depth:	10	Filter time:	10 to 80 [us]
Chi2:	0.1397979242924426	RelRMS:	3.5144691133197563	AbsRMS:	3.843728358188143e-07	Phi model:	0.0201524320451161
depth_vector,start_model,resistivity_model,conductivity_model,E/I[V/A],modelled_thickness,rhoa,sigma
0.0,17.0402,19.09450162471257,0.0523710971699714,9.614192115428996e-05,1.0,16.693721926433955,0.0599027589178021
1.0,17.0402,18.735151879601915,0.0533756014590284,6.194978241149285e-05,1.0,16.702299146831855,0.0598719967358316
2.0,17.0402,18.078602962589915,0.0553140086139012,4.212283651480225e-05,1.0,16.862745822490837,0.0593023230336687
3.0,17.0402,17.256181778231024,0.0579502472129447,2.643206154194365e-05,1.0,17.02985037441184,0.0587204219658058
4.0,17.0402,16.454508679056183,0.0607736164904657,1.5779941225184038e-05,1.0,16.998967394033233,0.0588271026598361
5.0,17.0402,15.83742871725897,0.0631415628037044,1.0212147733445995e-05,1.0,17.054848769449993,0.0586343516449867
6.0,17.0402,15.56654073618876,0.064240348382298,7.033667961441008e-06,1.5,17.141588135091908,0.0583376518044334
7.5,17.0402,16.122215895577696,0.0620262131754667,4.453578017471855e-06,1.5,17.252630477858492,0.0579621757553649
9.0,17.0402,17.913447761689834,0.0558239828146665,2.666402176697587e-06,nan,17.26283264956309,0.0579279206547431
nan,nan,nan,nan,1.7277026627121554e-06,nan,17.32305394181435,0.0577265419457132
nan,nan,nan,nan,1.1978678175275214e-06,nan,17.37149273600895,0.0575655768445922
nan,nan,nan,nan,7.63071809040935e-07,nan,17.45465966574559,0.057291291789692
Name:	12.742749857031335_10_80_1
Lambda:	12.742749857031336	Maximal Depth:	10	Filter time:	10 to 80 [us]
Chi2:	0.1402898896020949	RelRMS:	3.5320917801563843	AbsRMS:	3.517583479255196e-07	Phi model:	0.013438000241012
depth_vector,start_model,resistivity_model,conductivity_model,E/I[V/A],modelled_thickness,rhoa,sigma
0.0,17.0402,18.707240579250023,0.0534552381343293,9.604263122472204e-05,1.0,16.705225380617712,0.0598615090317939
1.0,17.0402,18.4234912649292,0.0542785287337797,6.186446906006019e-05,1.0,16.717651004790817,0.0598170161414081
2.0,17.0402,17.89856153939962,0.0558704115857985,4.205459332878335e-05,1.0,16.880983330812132,0.0592382552842607
3.0,17.0402,17.241882694324335,0.0579983066657319,2.638626533373891e-05,1.0,17.04954943972975,0.0586525763355216
4.0,17.0402,16.595563036382675,0.0602570697847181,1.575555141973835e-05,1.0,17.01650595771727,0.0587664707716617
5.0,17.0402,16.097256581551402,0.0621223868137922,1.0198523460424894e-05,1.0,17.070034510953267,0.0585821897054943
6.0,17.0402,15.887109215688248,0.0629441131437881,7.025582402796005e-06,1.5,17.154737483357128,0.0582929351714161
7.5,17.0402,16.36204039663381,0.0611170719396177,4.4497822293954136e-06,1.5,17.262440399451442,0.0579292369363822
9.0,17.0402,17.84654175108708,0.0560332648166464,2.665263726066336e-06,nan,17.267748106571357,0.0579114308263185
nan,nan,nan,nan,1.7275947909056507e-06,nan,17.32377504056833,0.0577241390896746
nan,nan,nan,nan,1.1981363093122895e-06,nan,17.368897440149716,0.0575741784097598
nan,nan,nan,nan,7.635215022044887e-07,nan,17.447805449851828,0.0573137981664331
Name:	16.237767391887218_10_80_1
Lambda:	16.237767391887218	Maximal Depth:	10	Filter time:	10 to 80 [us]
Chi2:	0.1439602060107377	RelRMS:	3.555607524667692	AbsRMS:	3.332823636851451e-07	Phi model:	0.0088491509920665
depth_vector,start_model,resistivity_model,conductivity_model,E/I[V/A],modelled_thickness,rhoa,sigma
0.0,17.0402,18.38864357306369,0.0543813901241108,9.598372582276916e-05,1.0,16.712059368253136,0.0598370301328415
1.0,17.0402,18.162948671573925,0.0550571395692516,6.180792462712046e-05,1.0,16.727845447533777,0.0597805618862548
2.0,17.0402,17.75042056445775,0.0563366933402317,4.200711127998251e-05,1.0,16.893701697199052,0.0591936579634171
3.0,17.0402,17.230628464208532,0.0580361884116531,2.6353641470647786e-05,1.0,17.06361726080789,0.0586042211751211
4.0,17.0402,16.71377560227832,0.059830885839085,1.5738361182622457e-05,1.0,17.0288945643105,0.0587237178680887
5.0,17.0402,16.320221753397636,0.0612736772275667,1.0189100884955604e-05,1.0,17.080556794183227,0.0585461008121555
6.0,17.0402,16.1624050517235,0.061871979869318,7.020112883783502e-06,1.5,17.163646740199656,0.0582626766407316
7.5,17.0402,16.565364565383973,0.0603669177368823,4.447377481449118e-06,1.5,17.26866250497837,0.0579083643398387
9.0,17.0402,17.790301408001426,0.0562104023459791,2.664744989442193e-06,nan,17.26998900211719,0.0579039164343073
nan,nan,nan,nan,1.7277703862551436e-06,nan,17.322601263510187,0.0577280504693302
nan,nan,nan,nan,1.1985365179377028e-06,nan,17.36503074140345,0.0575869985427494
nan,nan,nan,nan,7.640031675114007e-07,nan,17.44047137391991,0.0573378997941178
Name:	20.6913808111479_10_80_1
Lambda:	20.6913808111479	Maximal Depth:	10	Filter time:	10 to 80 [us]
Chi2:	0.1483778802315859	RelRMS:	3.580470291206815	AbsRMS:	3.235566444883252e-07	Phi model:	0.0057716999380719
depth_vector,start_model,resistivity_model,conductivity_model,E/I[V/A],modelled_thickness,rhoa,sigma
0.0,17.0402,18.12648578946257,0.0551678914277651,9.595181645703774e-05,1.0,16.715764294895568,0.0598237676936714
1.0,17.0402,17.95126469807878,0.0557063815179007,6.177147822426125e-05,1.0,16.734424642058503,0.0597570589601693
2.0,17.0402,17.629887044897277,0.0567218608635065,4.197453228412641e-05,1.0,16.90244205529972,0.0591630485540669
3.0,17.0402,17.219844046003065,0.0580725352290349,2.6330626517001456e-05,1.0,17.073559071885953,0.0585700963571586
4.0,17.0402,16.813197932464508,0.059477084848273,1.572639098631475e-05,1.0,17.03753453605992,0.0586939382504846
5.0,17.0402,16.50851386506912,0.0605748045022957,1.0182692919640664e-05,1.0,17.08772190200725,0.0585215516576573
6.0,17.0402,16.393763251322767,0.0609988069651617,7.016499754075354e-06,1.5,17.169538487078228,0.0582426837362343
7.5,17.0402,16.736272895981365,0.059750459747828,4.445932908905362e-06,1.5,17.272402925047384,0.0578958240112532
9.0,17.0402,17.743511168555703,0.056358631079296,2.6646238468104942e-06,nan,17.270512432110856,0.0579021614981563
nan,nan,nan,nan,1.7281053034022605e-06,nan,17.320363042031758,0.0577355103685341
nan,nan,nan,nan,1.1989933811673363e-06,nan,17.36061929200908,0.0576016317839704
nan,nan,nan,nan,7.644775815524337e-07,nan,17.433255238606712,0.0573616336314204
Name:	26.366508987303583_10_80_1
Lambda:	26.366508987303583	Maximal Depth:	10	Filter time:	10 to 80 [us]
Chi2:	0.1525468428116625	RelRMS:	3.604174367878761	AbsRMS:	3.1898196752335e-07	Phi model:	0.0037381326495765
depth_vector,start_model,resistivity_model,conductivity_model,E/I[V/A],modelled_thickness,rhoa,sigma
0.0,17.0402,17.91506563262901,0.0558189414711762,9.59369250249378e-05,1.0,16.71749400935624,0.059817577888189
1.0,17.0402,17.780115398410167,0.0562426045946482,6.17485073827506e-05,1.0,16.738574593779425,0.059742243546331
2.0,17.0402,17.52919153623759,0.0570476965770343,4.195229832005176e-05,1.0,16.90841352157646,0.0591421542135766
3.0,17.0402,17.211279208336205,0.0581014338269322,2.6314409202566985e-05,1.0,17.080573197142094,0.0585460445886745
4.0,17.0402,16.897312700727998,0.0591810081112434,1.571807990946618e-05,1.0,17.043539840518243,0.0586732573958998
5.0,17.0402,16.663617189306915,0.0600109801275141,1.0178366433229296e-05,1.0,17.092563842055064,0.058504973814377
6.0,17.0402,16.585172517069616,0.0602948205073411,7.014147677885464e-06,1.5,17.173376616131915,0.0582296669054962
7.5,17.0402,16.8795049999048,0.0592434434543927,4.445114089424436e-06,1.5,17.274523987340853,0.057888715239437
9.0,17.0402,17.704922222583356,0.0564814681153729,2.664731934374726e-06,nan,17.270045408213065,0.0579037273129828
nan,nan,nan,nan,1.7285080691854e-06,nan,17.317672351465976,0.057744480880847
nan,nan,nan,nan,1.199453239390277e-06,nan,17.35618175136484,0.0576163590774429
nan,nan,nan,nan,7.649182731647878e-07,nan,17.426558726032255,0.0573836760155161
Name:	33.59818286283781_10_80_1
Lambda:	33.59818286283781	Maximal Depth:	10	Filter time:	10 to 80 [us]
Chi2:	0.1561269568560206	RelRMS:	3.626041021828867	AbsRMS:	3.173735597294729e-07	Phi model:	0.0024129898673771
depth_vector,start_model,resistivity_model,conductivity_model,E/I[V/A],modelled_thickness,rhoa,sigma
0.0,17.0402,17.745764890597172,0.0563514735017064,9.593237967575216e-05,1.0,16.7180220635822,0.0598156884945352
1.0,17.0402,17.640481691178152,0.0566877944438496,6.173454591660258e-05,1.0,16.74109815365979,0.0597332379764698
2.0,17.0402,17.448261766840428,0.0573122992629816,4.193732950549702e-05,1.0,16.912436728827775,0.0591280852093577
3.0,17.0402,17.2059404116607,0.0581194620040812,2.630310827709412e-05,1.0,17.085465203650738,0.0585292813558465
4.0,17.0402,16.965640165986514,0.0589426623585265,1.571241662232753e-05,1.0,17.047634973893636,0.0586591630763667
5.0,17.0402,16.78994313713103,0.0595594631758159,1.017553905437014e-05,1.0,17.09572992597721,0.0584941388481158
6.0,17.0402,16.74278170719285,0.0597272315609532,7.012699335978961e-06,1.5,17.17574109460575,0.0582216507859484
7.5,17.0402,16.99731458366574,0.0588328229778714,4.444733870942122e-06,1.5,17.275509123135915,0.0578854141358281
9.0,17.0402,17.67312585922821,0.0565830859784116,2.664986351791813e-06,nan,17.268946248047634,0.0579074128575191
nan,nan,nan,nan,1.728941034465107e-06,nan,17.314781077296352,0.057754123227768
nan,nan,nan,nan,1.199898865675865e-06,nan,17.351884250496866,0.0576306287872664
nan,nan,nan,nan,7.653212753245327e-07,nan,17.42044054836417,0.0574038295543509
Name:	42.81332398719393_10_80_1
Lambda:	42.81332398719393	Maximal Depth:	10	Filter time:	10 to 80 [us]
Chi2:	0.1590664525548669	RelRMS:	3.645507014806953	AbsRMS:	3.171611378270817e-07	Phi model:	0.0015616141003688
depth_vector,start_model,resistivity_model,conductivity_model,E/I[V/A],modelled_thickness,rhoa,sigma
0.0,17.0402,17.609165665637928,0.0567886076483097,9.593275583236543e-05,1.0,16.717978362146994,0.059815844855034
1.0,17.0402,17.5302143436035,0.0570443681063651,6.172589947158085e-05,1.0,16.742661491003673,0.0597276604163161
2.0,17.0402,17.38497130350181,0.057520946255377,4.192704159250942e-05,1.0,16.915203225993334,0.0591184147562185
3.0,17.0402,17.200935198291987,0.0581363738931647,2.6295121046742564e-05,1.0,17.088924873052047,0.0585174320461157
4.0,17.0402,17.020307931300707,0.0587533435961507,1.5708527117734084e-05,1.0,17.050448907074767,0.0586494822189149
5.0,17.0402,16.893702823439252,0.0591936540171965,1.0173699560417836e-05,1.0,17.097790568980265,0.0584870890753717
6.0,17.0402,16.871571766299848,0.0592713004959888,7.011835502558777e-06,1.5,17.177151726153063,0.0582168694753653
7.5,17.0402,17.09191119529077,0.0585072077998816,4.444620213030115e-06,1.5,17.275803634977695,0.0578844273255882
9.0,17.0402,17.647057654749464,0.0566666704197491,2.66530720006645e-06,nan,17.267560335814842,0.0579120605663029
nan,nan,nan,nan,1.729365184575588e-06,nan,17.311949839332915,0.0577635684761511
nan,nan,nan,nan,1.2003102344378208e-06,nan,17.347919480544686,0.0576437999450872
nan,nan,nan,nan,7.656794049348667e-07,nan,17.41500810759074,0.0574217361153065
Name:	54.5559478116852_10_80_1
Lambda:	54.5559478116852	Maximal Depth:	10	Filter time:	10 to 80 [us]
Chi2:	0.1614233775023039	RelRMS:	3.662746208013344	AbsRMS:	3.173925515496512e-07	Phi model:	0.0010209803773754
depth_vector,start_model,resistivity_model,conductivity_model,E/I[V/A],modelled_thickness,rhoa,sigma
0.0,17.0402,17.502654136557773,0.0571341918887205,9.593456406648947e-05,1.0,16.717768287608376,0.0598165964975854
1.0,17.0402,17.44262985447746,0.0573308043765719,6.17201355319438e-05,1.0,16.743703854109064,0.0597239421285267
2.0,17.0402,17.333031593930965,0.057693312019932,4.1919712891723175e-05,1.0,16.91717465888724,0.0591115254268928
3.0,17.0402,17.196874661166117,0.0581501010912287,2.628938294580233e-05,1.0,17.091411413196294,0.0585089186506796
4.0,17.0402,17.066321498500187,0.0585949350648223,1.5705850395398237e-05,1.0,17.052386105422418,0.0586428194751005
5.0,17.0402,16.979014275401617,0.058896234126427,1.017253390916591e-05,1.0,17.099096679503276,0.0584826215526754
6.0,17.0402,16.974872288089067,0.0589106052186136,7.011369476414087e-06,1.5,17.17791286258505,0.0582142899431097
7.5,17.0402,17.166360598618297,0.0582534657975487,4.444682015501501e-06,1.5,17.275643490062876,0.0578849639132232
9.0,17.0402,17.62559487517752,0.0567356737223275,2.6656607875405297e-06,nan,17.2660333278127,0.0579171823089885
nan,nan,nan,nan,1.729770196170846e-06,nan,17.309247432550293,0.0577725868150388
nan,nan,nan,nan,1.200686525194289e-06,nan,17.344294774943354,0.0576558466617312
nan,nan,nan,nan,7.659971826922475e-07,nan,17.410191305772596,0.057437622737002
Name:	69.51927961775606_10_80_1
Lambda:	69.51927961775606	Maximal Depth:	10	Filter time:	10 to 80 [us]
Chi2:	0.163304850137595	RelRMS:	3.678039645329549	AbsRMS:	3.1770594446588105e-07	Phi model:	0.0006772598794369
depth_vector,start_model,resistivity_model,conductivity_model,E/I[V/A],modelled_thickness,rhoa,sigma
0.0,17.0402,17.41740118328008,0.0574138466167934,9.593649697774708e-05,1.0,16.717543735798564,0.0598173999604154
1.0,17.0402,17.373197004141602,0.0575599298023046,6.171604984579155e-05,1.0,16.74444281654932,0.0597213064033192
2.0,17.0402,17.293758441404325,0.0578243302858806,4.1914345108109664e-05,1.0,16.918618966233144,0.0591064791987951
3.0,17.0402,17.195558155816524,0.0581545531083411,2.628520534421534e-05,1.0,17.093222297945676,0.0585027201173288
4.0,17.0402,17.103117841928107,0.0584688715380602,1.5704011759697e-05,1.0,17.053717082270413,0.0586382426292055
5.0,17.0402,17.04634130383509,0.0586636148001459,1.0171828264367471e-05,1.0,17.099887474682134,0.0584799169866226
6.0,17.0402,17.057440280026626,0.0586254434184329,7.01117144421537e-06,1.5,17.178236323875062,0.0582131937846353
7.5,17.0402,17.226209491885907,0.0580510762086709,4.444855742193892e-06,1.5,17.27519334272741,0.0578864722472692
9.0,17.0402,17.607741338326743,0.0567932013984838,2.666025691510619e-06,nan,17.26445780214955,0.0579224677345785
nan,nan,nan,nan,1.730151478254001e-06,nan,17.306704322528887,0.0577810761288766
nan,nan,nan,nan,1.2010296286396038e-06,nan,17.340991403389506,0.0576668298102343
nan,nan,nan,nan,7.662799593225901e-07,nan,17.405907842513482,0.0574517577047906
Name:	88.58667904100822_10_80_1
Lambda:	88.58667904100822	Maximal Depth:	10	Filter time:	10 to 80 [us]
Chi2:	0.164827244885361	RelRMS:	3.6916827661154334	AbsRMS:	3.1796514015349e-07	Phi model:	0.0004560158512123
depth_vector,start_model,resistivity_model,conductivity_model,E/I[V/A],modelled_thickness,rhoa,sigma
0.0,17.0402,17.352056440293783,0.0576300569007986,9.593807973657908e-05,1.0,16.71735986780909,0.0598180578696279
1.0,17.0402,17.319214100358824,0.0577393404923195,6.171294304162269e-05,1.0,16.745004786920603,0.0597193021277063
2.0,17.0402,17.26147029658311,0.0579324925871435,4.191026001588237e-05,1.0,16.919718346926903,0.0591026386784758
3.0,17.0402,17.19212864047539,0.05816615387845,2.6282079811989147e-05,1.0,17.094577450928632,0.0584980823814207
4.0,17.0402,17.1309312351301,0.058373942798236,1.5702729218175972e-05,1.0,17.05464565981104,0.0586350499416403
5.0,17.0402,17.100680696392757,0.058477204372978,1.0171420049617618e-05,1.0,17.100344990582133,0.0584783523695423
6.0,17.0402,17.12545004382228,0.0583926260297453,7.011141570440518e-06,1.5,17.178285120341343,0.0582130284248145
7.5,17.0402,17.275378066908004,0.0578858532720368,4.445092579385689e-06,1.5,17.274579715521085,0.0578885284891479
9.0,17.0402,17.59262851407493,0.0568419892001898,2.6663865590981305e-06,nan,17.26290005757931,0.0579276944583218
nan,nan,nan,nan,1.7305068565621176e-06,nan,17.304334828756364,0.0577889881290437
nan,nan,nan,nan,1.2013422500269555e-06,nan,17.337982879693243,0.0576768362812971
nan,nan,nan,nan,7.665329494529556e-07,nan,17.402077813498245,0.0574644022809926
Name:	112.88378916846884_10_80_1
Lambda:	112.88378916846884	Maximal Depth:	10	Filter time:	10 to 80 [us]
Chi2:	0.166011806097636	RelRMS:	3.704518219810861	AbsRMS:	3.175423856042823e-07	Phi model:	0.0003192557483717
depth_vector,start_model,resistivity_model,conductivity_model,E/I[V/A],modelled_thickness,rhoa,sigma
0.0,17.0402,17.29978864144917,0.0578041744165628,9.5936783818856e-05,1.0,16.717510413291926,0.0598175191926251
1.0,17.0402,17.278053744200506,0.0578768890758692,6.170944575677954e-05,1.0,16.745637445314937,0.059717045903187
2.0,17.0402,17.238858823471233,0.058008480157542,4.190670276639121e-05,1.0,16.92067581998069,0.05909929429764
3.0,17.0402,17.192710100101333,0.0581641866917831,2.627967237157121e-05,1.0,17.095621440310268,0.0584945100411542
4.0,17.0402,17.154877834567888,0.0582924582525999,1.5701889042162538e-05,1.0,17.055254027223842,0.0586329584070565
5.0,17.0402,17.14342279289193,0.0583314086154734,1.0171283298241489e-05,1.0,17.10049826461853,0.0584778282203058
6.0,17.0402,17.177294839863755,0.0582163844378613,7.011290156111662e-06,1.5,17.1780424207352,0.0582138508863457
7.5,17.0402,17.312081272095803,0.0577631299370014,4.445420299931644e-06,1.5,17.27373070629745,0.0578913737282839
9.0,17.0402,17.57954063997455,0.0568843077575119,2.666772516439341e-06,nan,17.26123439776228,0.0579332843153812
nan,nan,nan,nan,1.730861913776546e-06,nan,17.301968285648776,0.057796892439657
nan,nan,nan,nan,1.2016458995069215e-06,nan,17.335061946420094,0.0576865547461462
nan,nan,nan,nan,7.667726663061633e-07,nan,17.398450672620097,0.0574763821685397
Name:	143.8449888287663_10_80_1
Lambda:	143.8449888287663	Maximal Depth:	10	Filter time:	10 to 80 [us]
Chi2:	0.1669715186646011	RelRMS:	3.716964382389068	AbsRMS:	3.1654396554405025e-07	Phi model:	0.000231174990493
depth_vector,start_model,resistivity_model,conductivity_model,E/I[V/A],modelled_thickness,rhoa,sigma
0.0,17.0402,17.260795322560348,0.0579347580057896,9.59330623008374e-05,1.0,16.717942757209638,0.0598159722474673
1.0,17.0402,17.246250378914787,0.0579836183535058,6.170544800101871e-05,1.0,16.746360712037585,0.0597144667546293
2.0,17.0402,17.221264556974123,0.0580677450655055,4.190338596967102e-05,1.0,16.921568694552512,0.0590961758954372
3.0,17.0402,17.193488509811594,0.0581615533944343,2.6277706964291995e-05,1.0,17.096473859689635,0.0584915935418599
4.0,17.0402,17.174122131362033,0.0582271392011285,1.570133540112495e-05,1.0,17.055654945693682,0.0586315801523931
5.0,17.0402,17.177804396989377,0.0582146575248733,1.0171329583104762e-05,1.0,17.100446387112058,0.0584780056240906
6.0,17.0402,17.218958051922165,0.0580755233263588,7.01156397932324e-06,1.5,17.177595180778024,0.0582153665560249
7.5,17.0402,17.340792856089273,0.0576674900795465,4.445815910320687e-06,1.5,17.27270595721267,0.057894808287547
9.0,17.0402,17.567696369548862,0.0569226595772317,2.667181154016894e-06,nan,17.259471295638686,0.0579392023585734
nan,nan,nan,nan,1.7312214950151951e-06,nan,17.299572413294968,0.0578048969136072
nan,nan,nan,nan,1.201947394293945e-06,nan,17.332162956909585,0.0576962034390141
nan,nan,nan,nan,7.670063641157259e-07,nan,17.394916424399828,0.0574880600516885
Name:	183.29807108324357_10_80_1
Lambda:	183.2980710832436	Maximal Depth:	10	Filter time:	10 to 80 [us]
Chi2:	0.1677430469341327	RelRMS:	3.72910740973785	AbsRMS:	3.14959810336375e-07	Phi model:	0.0001749518872285
depth_vector,start_model,resistivity_model,conductivity_model,E/I[V/A],modelled_thickness,rhoa,sigma
0.0,17.0402,17.231553334410407,0.0580330734318106,9.592686316845634e-05,1.0,16.71866299775312,0.0598133953734454
1.0,17.0402,17.223081498132938,0.0580616192351179,6.170080792982005e-05,1.0,16.747200283238595,0.059711473146998
2.0,17.0402,17.208791293787346,0.058109833684892,4.190015715528284e-05,1.0,16.92243799762107,0.0590931401338612
3.0,17.0402,17.194842731680637,0.0581569727391312,2.627606461817737e-05,1.0,17.09718624528553,0.0584891563824278
4.0,17.0402,17.190070898895883,0.0581731166719172,1.5701002439125766e-05,1.0,17.05589607105787,0.0586307512565639
5.0,17.0402,17.20507332205326,0.058122391069279,1.0171521036339568e-05,1.0,17.10023180458394,0.0584787394362652
6.0,17.0402,17.251075151986264,0.0579674015207603,7.011939701698376e-06,1.5,17.17698155461331,0.0582174462271239
7.5,17.0402,17.362521345828018,0.057595321559693,4.446268053597568e-06,1.5,17.271534957152,0.057898733521997
9.0,17.0402,17.55688665890018,0.0569577066497189,2.6676090967427755e-06,nan,17.25762538233311,0.0579453996622104
nan,nan,nan,nan,1.7315853214865765e-06,nan,17.297149099145116,0.057812995324728
nan,nan,nan,nan,1.202247561737827e-06,nan,17.329277934040867,0.0577058088517147
nan,nan,nan,nan,7.672354170943827e-07,nan,17.391454161832563,0.0574995046817079
Name:	233.57214690901213_10_80_1
Lambda:	233.57214690901213	Maximal Depth:	10	Filter time:	10 to 80 [us]
Chi2:	0.1683946681693842	RelRMS:	3.742133785844861	AbsRMS:	3.1244874469126657e-07	Phi model:	0.0001373638779388
depth_vector,start_model,resistivity_model,conductivity_model,E/I[V/A],modelled_thickness,rhoa,sigma
0.0,17.0402,17.21098435345223,0.058102429208206,9.591676399244744e-05,1.0,16.71983652745662,0.0598091971986593
1.0,17.0402,17.206748948897623,0.0581167309972327,6.169468670432032e-05,1.0,16.7483080144418,0.0597075238368983
2.0,17.0402,17.200457448693214,0.0581379886542479,4.189652034180862e-05,1.0,16.923417281177755,0.0590897206743345
3.0,17.0402,17.197151804563152,0.0581491639641546,2.627451950317521e-05,1.0,17.097856523576738,0.0584868634627428
4.0,17.0402,17.203553567439858,0.0581275255766134,1.5700832605202975e-05,1.0,17.056019065151546,0.058630328459422
5.0,17.0402,17.22722476378167,0.0580476550176781,1.0171866609931998e-05,1.0,17.099844499596987,0.0584800639575154
6.0,17.0402,17.27631849007685,0.0578827022999361,7.0124512629407205e-06,1.5,17.176146165813716,0.0582202777239014
7.5,17.0402,17.378227837047714,0.057543266746,4.446821095160966e-06,1.5,17.2701029117286,0.0579035345134436
9.0,17.0402,17.546093931386235,0.056992741741295,2.668098322482361e-06,nan,17.255515731798617,0.0579524840371586
nan,nan,nan,nan,1.731989033011578e-06,nan,17.294461118402488,0.057821980873167
nan,nan,nan,nan,1.2025758314076492e-06,nan,17.326124184100205,0.057716312625629
nan,nan,nan,nan,7.674822316963438e-07,nan,17.38772535026227,0.0575118354963501
Name:	297.63514416313194_10_80_1
Lambda:	297.63514416313194	Maximal Depth:	10	Filter time:	10 to 80 [us]
Chi2:	0.1689533627493334	RelRMS:	3.75552987731525	AbsRMS:	3.093624377403182e-07	Phi model:	0.0001118022234409
depth_vector,start_model,resistivity_model,conductivity_model,E/I[V/A],modelled_thickness,rhoa,sigma
0.0,17.0402,17.196519138425106,0.0581513032928582,9.590416134919614e-05,1.0,16.721301250275285,0.0598039581389359
1.0,17.0402,17.195877550059596,0.0581534729523899,6.168769705630416e-05,1.0,16.749573124265147,0.0597030140757018
2.0,17.0402,17.196096681690353,0.0581527318966958,4.1892717572866976e-05,1.0,16.92444140304192,0.0590861450718405
3.0,17.0402,17.20069784516164,0.0581371761193566,2.62731094331458e-05,1.0,17.09846827604713,0.0584847709078642
4.0,17.0402,17.214764990039654,0.0580896689893003,1.5700800694022954e-05,1.0,17.056042175544498,0.0586302490171976
5.0,17.0402,17.24428994363615,0.0579902102822761,1.0172325190348436e-05,1.0,17.09933057496425,0.0584818215903806
6.0,17.0402,17.295500636562494,0.0578185055763006,7.013055356188303e-06,1.5,17.175159801349263,0.0582236212976278
7.5,17.0402,17.389576274160913,0.0575057140113238,4.447437756869443e-06,1.5,17.268506478325268,0.0579088875610151
9.0,17.0402,17.535578850859356,0.0570269170185387,2.6686222490134008e-06,nan,17.253257158521777,0.0579600704268224
nan,nan,nan,nan,1.732413158478724e-06,nan,17.291638342673686,0.0578314200298834
nan,nan,nan,nan,1.2029173613061015e-06,nan,17.322844563145487,0.0577272396779169
nan,nan,nan,nan,7.677364399814169e-07,nan,17.383886925533247,0.0575245343163853
Name:	379.26901907322497_10_80_1
Lambda:	379.26901907322497	Maximal Depth:	10	Filter time:	10 to 80 [us]
Chi2:	0.1694737506555994	RelRMS:	3.770400598741746	AbsRMS:	3.05359830086771e-07	Phi model:	9.301253018544044e-05
depth_vector,start_model,resistivity_model,conductivity_model,E/I[V/A],modelled_thickness,rhoa,sigma
0.0,17.0402,17.188193412715645,0.0581794709885106,9.58875630288134e-05,1.0,16.72323085407332,0.0597970576813766
1.0,17.0402,17.18999582131196,0.0581733707439423,6.16790361549099e-05,1.0,16.751141058477156,0.0596974257758957
2.0,17.0402,17.1947508513362,0.0581572835015687,4.1888319644551465e-05,1.0,16.92562600021677,0.0590820097281597
3.0,17.0402,17.20508829897972,0.0581223404740852,2.6271668708984497e-05,1.0,17.099093384194127,0.0584826328233501
4.0,17.0402,17.224778433812542,0.0580558991712185,1.5700882065795627e-05,1.0,17.055983245454684,0.0586304515904407
5.0,17.0402,17.258239096424724,0.0579433390864983,1.017292389752529e-05,1.0,17.098659670351292,0.0584841162570174
6.0,17.0402,17.310026468985445,0.0577699867641283,7.013796566257326e-06,1.5,17.173949745759113,0.0582277236630983
7.5,17.0402,17.396702176432303,0.057482158966584,4.4481667285594666e-06,1.5,17.26661976903956,0.0579152152173455
9.0,17.0402,17.524491425036203,0.0570629969079364,2.669222978814182e-06,nan,17.250668406507337,0.0579687683071328
nan,nan,nan,nan,1.7328920379809209e-06,nan,17.28845253443557,0.0578420768433828
nan,nan,nan,nan,1.203299937700705e-06,nan,17.319172625977963,0.0577394787612455
nan,nan,nan,nan,7.680187813184305e-07,nan,17.379626187147842,0.0575386368631734
Name:	483.2930238571752_10_80_1
Lambda:	483.2930238571752	Maximal Depth:	10	Filter time:	10 to 80 [us]
Chi2:	0.1699898951424948	RelRMS:	3.786715516085106	AbsRMS:	3.005868897820422e-07	Phi model:	7.834590577700842e-05
depth_vector,start_model,resistivity_model,conductivity_model,E/I[V/A],modelled_thickness,rhoa,sigma
0.0,17.0402,17.184782292132986,0.0581910194147638,9.586745603453354e-05,1.0,16.725569097365717,0.0597886980214921
1.0,17.0402,17.188267834140166,0.0581792190841797,6.166889481312254e-05,1.0,16.752977472027354,0.0596908819145559
2.0,17.0402,17.196138259644517,0.0581525912911956,4.188338554860296e-05,1.0,16.926955262754586,0.0590773700572341
3.0,17.0402,17.210369400380145,0.0581045052977138,2.6270193574468345e-05,1.0,17.099733481667357,0.0584804436321829
4.0,17.0402,17.233741006610433,0.0580257066423607,1.570106355214113e-05,1.0,17.055851813422656,0.0586309033954561
5.0,17.0402,17.269453018622823,0.0579057135695978,1.017364944396696e-05,1.0,17.09784671925897,0.0584868970005212
6.0,17.0402,17.320744563533943,0.0577342386369082,7.014662841688753e-06,1.5,17.172535785954135,0.0582325180430211
7.5,17.0402,17.400506067654128,0.0574695929021802,4.448999158227201e-06,1.5,17.264465922102925,0.0579224404920481
9.0,17.0402,17.512800041651275,0.0571010916370692,2.6698955048031154e-06,nan,17.247771411745024,0.0579785049400087
nan,nan,nan,nan,1.733422629214888e-06,nan,17.284924420269824,0.0578538832849805
nan,nan,nan,nan,1.2037215247723189e-06,nan,17.31512852031785,0.057752964341361
nan,nan,nan,nan,7.683280758608701e-07,nan,17.37496170035404,0.0575540837007786
Name:	615.8482110660261_10_80_1
Lambda:	615.8482110660261	Maximal Depth:	10	Filter time:	10 to 80 [us]
Chi2:	0.1705441438628386	RelRMS:	3.804825284547945	AbsRMS:	2.950211218390315e-07	Phi model:	6.601724277780226e-05
depth_vector,start_model,resistivity_model,conductivity_model,E/I[V/A],modelled_thickness,rhoa,sigma
0.0,17.0402,17.185439400561087,0.0581887944027402,9.5843579558396e-05,1.0,16.728346755672817,0.0597787704072362
1.0,17.0402,17.190095053422546,0.0581730349304205,6.165710485669948e-05,1.0,16.75511305267719,0.0596832738075865
2.0,17.0402,17.200072259074517,0.0581392906342247,4.187780884393818e-05,1.0,16.928457960532274,0.0590721259036967
3.0,17.0402,17.21678606104115,0.0580828498684107,2.626863321803533e-05,1.0,17.100410624244653,0.0584781279218066
4.0,17.0402,17.242217279278105,0.0579971812095078,1.5701333680723265e-05,1.0,17.05565619155715,0.0586315758695357
5.0,17.0402,17.278638697440616,0.0578749297042783,1.017450594091484e-05,1.0,17.09688716675368,0.0584901795424247
6.0,17.0402,17.3283306167965,0.0577089635530552,7.015663918385119e-06,1.5,17.170902162065765,0.0582380582313966
7.5,17.0402,17.40136824843009,0.0574667454721681,4.449947089479235e-06,1.5,17.262014041581487,0.0579306677419654
9.0,17.0402,17.500230187521417,0.0571421055200206,2.6706511869819364e-06,nan,17.24451766142566,0.0579894445083207
nan,nan,nan,nan,1.7340145697860308e-06,nan,17.280990493212247,0.0578670534187717
nan,nan,nan,nan,1.2041900698709071e-06,nan,17.31063673505875,0.0577679501514076
nan,nan,nan,nan,7.686703772215688e-07,nan,17.369803082986152,0.0575711765540685
Name:	784.7599703514607_10_80_1
Lambda:	784.7599703514607	Maximal Depth:	10	Filter time:	10 to 80 [us]
Chi2:	0.1711652134652252	RelRMS:	3.824538608516556	AbsRMS:	2.8885732056937864e-07	Phi model:	5.522258846122679e-05
depth_vector,start_model,resistivity_model,conductivity_model,E/I[V/A],modelled_thickness,rhoa,sigma
0.0,17.0402,17.189594785938834,0.0581747279358792,9.581656955404448e-05,1.0,16.731490342043866,0.0597675389075856
1.0,17.0402,17.194907091804552,0.0581567550589802,6.164394554946101e-05,1.0,16.75749747539854,0.0596747814802351
2.0,17.0402,17.20603453412489,0.0581191440721969,4.187170046598511e-05,1.0,16.930104305664543,0.059066381514579
3.0,17.0402,17.223991539658776,0.0580585515092404,2.62670062116967e-05,1.0,17.101116762052087,0.058475713248098
4.0,17.0402,17.25017129181157,0.0579704388486094,1.570168278014675e-05,1.0,17.05540338885269,0.0586324449325891
5.0,17.0402,17.28614428712122,0.057849800591161,1.0175476455333129e-05,1.0,17.095800040638856,0.0584938989472779
6.0,17.0402,17.333449298377445,0.0576919217165626,7.016781686389175e-06,1.5,17.16907857251475,0.0582442439049034
7.5,17.0402,17.39992556279041,0.0574715102309685,4.450994887689244e-06,1.5,17.259304861935867,0.0579397610737745
9.0,17.0402,17.486886455334876,0.0571857089913751,2.6714789470949174e-06,nan,17.2409553247515,0.0580014263226108
nan,nan,nan,nan,1.7346597812325446e-06,nan,17.276705086427675,0.0578814070737125
nan,nan,nan,nan,1.2046994296638852e-06,nan,17.305756976347283,0.0577842391619594
nan,nan,nan,nan,7.690414106124908e-07,nan,17.364215785010092,0.0575897012788371
Name:	1000.0_10_80_1
Lambda:	1000.0	Maximal Depth:	10	Filter time:	10.0 to 80.0 [us]
Chi2:	0.1718813401534869	RelRMS:	3.8457533942425473	AbsRMS:	2.8223608986856904e-07	Phi model:	4.550637260859981e-05
depth_vector,start_model,resistivity_model,conductivity_model,E/I[V/A],modelled_thickness,rhoa,sigma
0.0,17.0402,17.196566420184972,0.058151143406524504,9.578681633934261e-05,1.0,16.734954909682504,0.059755165484277485
1.0,17.0402,17.20215515522078,0.05813225092883227,6.162957791433068e-05,1.0,16.760101812078403,0.059665508671274056
2.0,17.0402,17.213710165020363,0.05809322861913175,4.186511607769174e-05,1.0,16.931879394635953,0.059060189166998296
3.0,17.0402,17.231944816417602,0.05803175501393538,2.6265313913860536e-05,1.0,17.10185131440308,0.05847320162103185
4.0,17.0402,17.257813304501173,0.0579447686885789,1.5702099378811983e-05,1.0,17.055101718376044,0.05863348202271632
5.0,17.0402,17.292363998261497,0.05782899319610297,1.0176547413410574e-05,1.0,17.094600602653557,0.05849800315573165
6.0,17.0402,17.33658781512663,0.05768147750086517,7.018003051161249e-06,1.5,17.167086522842045,0.05825100250234237
7.5,17.0402,17.396575439443932,0.05748257773381427,4.4521319824633155e-06,1.5,17.256366000144066,0.05794962855978202
9.0,17.0402,17.472817770496814,0.05723175352337956,2.672371693109535e-06,nan,17.237115377063056,0.058014347419793444
nan,nan,nan,nan,1.73535327548092e-06,nan,17.27210195309537,0.057896832864675625
nan,nan,nan,nan,1.205245896524261e-06,nan,17.30052554736434,0.057801712281066835
nan,nan,nan,nan,7.694386622741658e-07,nan,17.35823865076553,0.057609531711093176
