Name:	10.0_10_80_1
Lambda:	10	Maximal Depth:	10	Filter time:	10 to 80 [us]
Chi2:	0.7734364297802842	RelRMS:	7.107258519121213	AbsRMS:	1.0185666136589391e-06	Phi model:	0.0865909955327268
depth_vector,start_model,resistivity_model,conductivity_model,E/I[V/A],modelled_thickness,rhoa,sigma
0.0,16.2124,19.442943598697344,0.0514325413188463,0.0001039161489836,1.0,15.571068963083816,0.0642216666287214
1.0,16.2124,18.735717327608413,0.053373990571817,6.682183712667865e-05,1.0,15.600406875956688,0.0641008922364196
2.0,16.2124,17.478339405527443,0.0572136732671385,4.531931156350272e-05,1.0,15.777199426846046,0.0633826050457616
3.0,16.2124,15.987327305686769,0.0625495419515365,2.831733862184632e-05,1.0,15.97871996612032,0.0625832358361808
4.0,16.2124,14.612522680341128,0.0684344532340979,1.6804547420325474e-05,1.0,16.01352712077598,0.0624472043203148
5.0,16.2124,13.638845344563835,0.0733199896865594,1.0815154339516655e-05,1.0,16.125611875268646,0.0620131507402624
6.0,16.2124,13.31233585505526,0.0751182971108903,7.412691857798372e-06,1.5,16.260494595314032,0.061498744342511
7.5,16.2124,14.47394605608053,0.0690896591797022,4.664044678676472e-06,1.5,16.434821086517317,0.0608464183903025
9.0,16.2124,18.18176124044401,0.0550001722481963,2.77291063790513e-06,nan,16.521545328059815,0.0605270257801867
nan,nan,nan,nan,1.7860688990864934e-06,nan,16.644997680813752,0.0600781099028132
nan,nan,nan,nan,1.232382207156543e-06,nan,16.745246402836955,0.0597184404423324
nan,nan,nan,nan,7.804791188443411e-07,nan,16.891162921302985,0.0592025548897411
Name:	12.742749857031335_10_80_1
Lambda:	12.742749857031336	Maximal Depth:	10	Filter time:	10 to 80 [us]
Chi2:	0.6785028728597905	RelRMS:	7.007554843858411	AbsRMS:	8.466825011066001e-07	Phi model:	0.0589054326210943
depth_vector,start_model,resistivity_model,conductivity_model,E/I[V/A],modelled_thickness,rhoa,sigma
0.0,16.2124,18.67057842116781,0.0535602045872476,0.0001034516165529,1.0,15.617647026863049,0.0640301319577754
1.0,16.2124,18.12019184679492,0.0551870536722203,6.647381948878166e-05,1.0,15.654809149620906,0.0638781342169358
2.0,16.2124,17.145067503276895,0.0583258129376785,4.505971392303984e-05,1.0,15.837738368264716,0.063140328293576
3.0,16.2124,15.966066176544263,0.0626328357243751,2.8148468050667504e-05,1.0,16.04256345768683,0.0623341776167852
4.0,16.2124,14.864400144139983,0.0672748304878102,1.671148911347095e-05,1.0,16.07291987724243,0.0622164490109787
5.0,16.2124,14.095142990087716,0.0709464246445205,1.0760576869618269e-05,1.0,16.180091779594324,0.0618043465773883
6.0,16.2124,13.866754218923456,0.0721149292914802,7.378544330337986e-06,1.5,16.310624472510707,0.0613097310704051
7.5,16.2124,14.901814963306652,0.0671059198132805,4.645855446930456e-06,1.5,16.47768969599507,0.0606881194177999
9.0,16.2124,18.0384498609051,0.055437136101551,2.7648912592275865e-06,nan,16.553476315752608,0.0604102715904079
nan,nan,nan,nan,1.7824635351569116e-06,nan,16.667435189564376,0.0599972334451378
nan,nan,nan,nan,1.230749836361368e-06,nan,16.76004952613424,0.0596656948084003
nan,nan,nan,nan,7.801378548495483e-07,nan,16.89608848287413,0.0591852961123871
Name:	16.237767391887218_10_80_1
Lambda:	16.237767391887218	Maximal Depth:	10	Filter time:	10 to 80 [us]
Chi2:	0.6525060308699789	RelRMS:	6.978367404029684	AbsRMS:	7.441536425121998e-07	Phi model:	0.0396190535649668
depth_vector,start_model,resistivity_model,conductivity_model,E/I[V/A],modelled_thickness,rhoa,sigma
0.0,16.2124,18.03768544290597,0.0554394854686463,0.0001031659191915,1.0,15.646467033263969,0.0639121916707475
1.0,16.2124,17.616971558416086,0.056763445220088,6.62461560012298e-05,1.0,15.690655155895602,0.0637322017509422
2.0,16.2124,16.861594159037935,0.0593063734406152,4.4883874453879286e-05,1.0,15.879075920954262,0.0629759568489993
3.0,16.2124,15.94750531063375,0.0627057323713949,2.8031789945126103e-05,1.0,16.08704913595848,0.0621618042904311
4.0,16.2124,15.088280926421842,0.0662766026743875,1.6647581068788238e-05,1.0,16.114028263593426,0.0620577290570669
5.0,16.2124,14.49234279155952,0.0690019560248333,1.0723510132666932e-05,1.0,16.217355587027654,0.0616623341970687
6.0,16.2124,14.352451881818734,0.0696745063654782,7.355622138551284e-06,1.5,16.344492565994464,0.0611826886617789
7.5,16.2124,15.280908683923462,0.0654411344694485,4.634007483239897e-06,1.5,16.505763880658527,0.060584896720339
9.0,16.2124,17.91660685065613,0.0558141398276749,2.7600811096956987e-06,nan,16.57270318707493,0.0603401864325851
nan,nan,nan,nan,1.7806133040488858e-06,nan,16.678979252782323,0.0599557074113623
nan,nan,nan,nan,1.230155893722793e-06,nan,16.765443805684892,0.0596464973781914
nan,nan,nan,nan,7.803170412815856e-07,nan,16.893501785815456,0.0591943584390327
Name:	20.6913808111479_10_80_1
Lambda:	20.6913808111479	Maximal Depth:	10	Filter time:	10 to 80 [us]
Chi2:	0.6542605309969711	RelRMS:	6.986695954537154	AbsRMS:	6.874076387234129e-07	Phi model:	0.0265046820115473
depth_vector,start_model,resistivity_model,conductivity_model,E/I[V/A],modelled_thickness,rhoa,sigma
0.0,16.2124,17.522424187070797,0.0570697290126023,0.0001030029021417,1.0,15.662971219214114,0.0638448469325716
1.0,16.2124,17.205026465512127,0.0581225493610558,6.61029860880307e-05,1.0,15.713302842885447,0.0636403441083535
2.0,16.2124,16.63354316003409,0.060119482083813,4.4767791880279306e-05,1.0,15.906513627614808,0.0628673273987538
3.0,16.2124,15.933628501082072,0.0627603436299577,2.795274774555253e-05,1.0,16.11736117652911,0.0620448961245746
4.0,16.2124,15.274725022099014,0.0654676269820392,1.6604639004110516e-05,1.0,16.141798484111604,0.0619509654382255
5.0,16.2124,14.833331484306484,0.0674157387406861,1.0698975249629976e-05,1.0,16.242139206900013,0.0615682446296962
6.0,16.2124,14.774312601081824,0.0676850441032888,7.340693990161252e-06,1.5,16.366644003572198,0.0610998809396562
7.5,16.2124,15.605207707253086,0.0640811720522767,4.62662094096637e-06,1.5,16.52332718161795,0.0605204986264806
9.0,16.2124,17.814261650612107,0.0561347991633231,2.757468400094544e-06,nan,16.583169992025578,0.0603021014969317
nan,nan,nan,nan,1.77992492021979e-06,nan,16.68327935912261,0.0599402538598137
nan,nan,nan,nan,1.2302236887663531e-06,nan,16.76482786109793,0.0596486888076231
nan,nan,nan,nan,7.808033400563793e-07,nan,16.886486667063245,0.0592189494307587
Name:	26.366508987303583_10_80_1
Lambda:	26.366508987303583	Maximal Depth:	10	Filter time:	10 to 80 [us]
Chi2:	0.6651986804707185	RelRMS:	7.01372684429242	AbsRMS:	6.586507330791604e-07	Phi model:	0.0178016935268111
depth_vector,start_model,resistivity_model,conductivity_model,E/I[V/A],modelled_thickness,rhoa,sigma
0.0,16.2124,17.1116939245247,0.0584395679592414,0.0001029187848224,1.0,15.67150447026788,0.0638100829372961
1.0,16.2124,16.874042979920382,0.0592626201788137,6.601646157870233e-05,1.0,15.727029611113275,0.0635847979387897
2.0,16.2124,16.443886709294937,0.0608128733600887,4.4692907336037336e-05,1.0,15.924276619637734,0.0627972010211632
3.0,16.2124,15.920775936999275,0.0628110089581776,2.79001556280167e-05,1.0,16.137609093989095,0.0619670481652996
4.0,16.2124,15.435160083243211,0.0647871479535625,1.657642400218712e-05,1.0,16.160110104303243,0.0618807665013193
5.0,16.2124,15.125776397780838,0.066112308796705,1.0683206656105708e-05,1.0,16.25811772567723,0.0615077352048356
6.0,16.2124,15.13052942863924,0.0660915405978583,7.331334613290826e-06,1.5,16.380570437004863,0.0610479350426606
7.5,16.2124,15.873216527838574,0.062999203611076,4.622300445718755e-06,1.5,16.533621888150513,0.0604828153664679
9.0,16.2124,17.729232089821025,0.0564040221783849,2.7563129640130424e-06,nan,16.587804070173974,0.0602852551048676
nan,nan,nan,nan,1.7799709680169058e-06,nan,16.682991627247826,0.0599412876505152
nan,nan,nan,nan,1.23068593881449e-06,nan,16.760629645317955,0.0596636296584089
nan,nan,nan,nan,7.814488076606249e-07,nan,16.877186692418878,0.0592515813342986
Name:	33.59818286283781_10_80_1
Lambda:	33.59818286283781	Maximal Depth:	10	Filter time:	10 to 80 [us]
Chi2:	0.6779054980612863	RelRMS:	7.049123119185413	AbsRMS:	6.46220243037929e-07	Phi model:	0.0120632043967534
depth_vector,start_model,resistivity_model,conductivity_model,E/I[V/A],modelled_thickness,rhoa,sigma
0.0,16.2124,16.782411792623677,0.059586191326775,0.0001028832575141,1.0,15.675112017605604,0.063795397371122
1.0,16.2124,16.608255554698303,0.0602110195563019,6.596647374602827e-05,1.0,15.734973655256956,0.0635526961728281
2.0,16.2124,16.293151637306586,0.061375479849478,4.464536682237811e-05,1.0,15.935579233260324,0.0627526609081661
3.0,16.2124,15.912180575384562,0.0628449378928589,2.7865435257407697e-05,1.0,16.151011300489884,0.0619156275353276
4.0,16.2124,15.566598721541531,0.064240109087939,1.655813174294715e-05,1.0,16.172009615971756,0.0618352340708716
5.0,16.2124,15.367725141250414,0.065071439709432,1.0673307733608257e-05,1.0,16.268168529340002,0.0614697344815722
6.0,16.2124,15.42906644257534,0.0648127353473944,7.325681704185239e-06,1.5,16.388996134857255,0.0610165498711132
7.5,16.2124,16.097333553228225,0.0621220897668145,4.619986757394398e-06,1.5,16.539141450252888,0.0604626306031568
9.0,16.2124,17.65835994333982,0.0566304007398585,2.756070783086848e-06,nan,16.588775789513544,0.0602817237804938
nan,nan,nan,nan,1.780448919833132e-06,nan,16.68000585482083,0.0599520173256402
nan,nan,nan,nan,1.2313606017414563e-06,nan,16.75450698269641,0.0596854327634213
nan,nan,nan,nan,7.821593136240516e-07,nan,16.866964428842383,0.059287490894924
Name:	42.81332398719393_10_80_1
Lambda:	42.81332398719393	Maximal Depth:	10	Filter time:	10 to 80 [us]
Chi2:	0.689611180524731	RelRMS:	7.087457020660748	AbsRMS:	6.423055098498107e-07	Phi model:	0.0083347516057106
depth_vector,start_model,resistivity_model,conductivity_model,E/I[V/A],modelled_thickness,rhoa,sigma
0.0,16.2124,16.521447502608453,0.0605273841678894,0.0001028739109877,1.0,15.676061436357005,0.0637915336106511
1.0,16.2124,16.397153807771858,0.0609861938067583,6.593844067039821e-05,1.0,15.739433051557224,0.0635346900186511
2.0,16.2124,16.17318719865039,0.0618307317980866,4.461529413409046e-05,1.0,15.942739287464766,0.0627244780190482
3.0,16.2124,15.906291040597756,0.0628682071419221,2.78425854324288e-05,1.0,16.159846622732815,0.0618817754491093
4.0,16.2124,15.674803834712725,0.0637966516547686,1.6546456589701568e-05,1.0,16.179616017676988,0.0618061639353772
5.0,16.2124,15.567158986361514,0.0642377970749901,1.066731519691881e-05,1.0,16.274260563416185,0.0614467241754722
6.0,16.2124,15.675324284635744,0.0637945334872692,7.322490837577162e-06,1.5,16.393756928632822,0.0609988304909798
7.5,16.2124,16.280477329626347,0.0614232604949643,4.618985461764421e-06,1.5,16.541531581437017,0.0604538941921318
9.0,16.2124,17.599219903076563,0.056820700321222,2.756393287102425e-06,nan,16.587481815691064,0.0602864263009495
nan,nan,nan,nan,1.7811698393640649e-06,nan,16.675504785523763,0.0599681996354385
nan,nan,nan,nan,1.23213712570123e-06,nan,16.747466833898446,0.0597105227864017
nan,nan,nan,nan,7.828803852620194e-07,nan,16.85660596483021,0.0593239233382099
Name:	54.5559478116852_10_80_1
Lambda:	54.5559478116852	Maximal Depth:	10	Filter time:	10 to 80 [us]
Chi2:	0.6995723972708364	RelRMS:	7.126174950462827	AbsRMS:	6.420916988249609e-07	Phi model:	0.0059313632968942
depth_vector,start_model,resistivity_model,conductivity_model,E/I[V/A],modelled_thickness,rhoa,sigma
0.0,16.2124,16.316162730014288,0.0612889204739578,0.0001028759371187,1.0,15.675855610062309,0.0637923712028899
1.0,16.2124,16.230929407409928,0.0616107663892289,6.59224522860293e-05,1.0,15.741977838910408,0.0635244192459882
2.0,16.2124,16.078856191440167,0.0621934786961006,4.459583958780429e-05,1.0,15.947375537781063,0.0627062426435554
3.0,16.2124,15.90288684776842,0.0628816647928502,2.782738858070433e-05,1.0,16.165729470740658,0.0618592561387323
4.0,16.2124,15.763410472511554,0.0634380486217632,1.6539089185762605e-05,1.0,16.184420511135865,0.0617878162095417
5.0,16.2124,15.73002195370487,0.0635727021197495,1.0663871216318952e-05,1.0,16.27776430798099,0.0614334979349528
6.0,16.2124,15.876183058514448,0.0629874319484932,7.320910481724913e-06,1.5,16.396116110389098,0.0609900535753322
7.5,16.2124,16.42825885037384,0.0608707233741477,4.618832646592726e-06,1.5,16.541896433084393,0.0604525608079593
9.0,16.2124,17.549385238185955,0.056982053013691,2.7570592188202425e-06,nan,16.584810714805275,0.0602961358556416
nan,nan,nan,nan,1.782021526456575e-06,nan,16.670191178286526,0.0599873144407925
nan,nan,nan,nan,1.232954922059904e-06,nan,16.74006049019087,0.0597369406511982
nan,nan,nan,nan,7.835869934838055e-07,nan,16.84647068750386,0.0593596141619007
Name:	69.51927961775606_10_80_1
Lambda:	69.51927961775606	Maximal Depth:	10	Filter time:	10 to 80 [us]
Chi2:	0.7077799930254098	RelRMS:	7.164409352173921	AbsRMS:	6.425845679966352e-07	Phi model:	0.0043876943113839
depth_vector,start_model,resistivity_model,conductivity_model,E/I[V/A],modelled_thickness,rhoa,sigma
0.0,16.2124,16.156136409917778,0.0618959864306499,0.0001028796482257,1.0,15.675478631543966,0.0637939053412817
1.0,16.2124,16.101415200229802,0.0621063420553075,6.591187730898005e-05,1.0,15.74366156785277,0.0635176255339428
2.0,16.2124,16.00581006016963,0.0624773126908768,4.458235330153474e-05,1.0,15.95059145938869,0.0626935999549652
3.0,16.2124,15.901829796298884,0.0628858447618869,2.78169647657619e-05,1.0,16.169767727044974,0.0618438073372838
4.0,16.2124,15.835824012615513,0.0631479611798764,1.6534473796646442e-05,1.0,16.187432155150642,0.0617763206922113
5.0,16.2124,15.862048973252383,0.0630435577198295,1.0662077361720554e-05,1.0,16.27959003872303,0.0614266082635604
6.0,16.2124,16.038393109044513,0.0623503859271332,7.320387884484809e-06,1.5,16.39689643908347,0.0609871510572214
7.5,16.2124,16.54597358973396,0.0604376644611868,4.619238662217764e-06,1.5,16.540927100646133,0.0604561034526859
9.0,16.2124,17.506639281375673,0.0571211860784635,2.7579413212180773e-06,nan,16.581274192557178,0.0603089960630932
nan,nan,nan,nan,1.7829470006802898e-06,nan,16.664422015498033,0.0600080818326607
nan,nan,nan,nan,1.2337885138947265e-06,nan,16.732519516785036,0.0597638627581973
nan,nan,nan,nan,7.84274025165597e-07,nan,16.836630802287804,0.0593943058883323
Name:	88.58667904100822_10_80_1
Lambda:	88.58667904100822	Maximal Depth:	10	Filter time:	10 to 80 [us]
Chi2:	0.7143596187389939	RelRMS:	7.202234890804071	AbsRMS:	6.416603646570073e-07	Phi model:	0.0034064107607779
depth_vector,start_model,resistivity_model,conductivity_model,E/I[V/A],modelled_thickness,rhoa,sigma
0.0,16.2124,16.03638861546596,0.0623581795115373,0.0001028778941853,1.0,15.67565680615786,0.0637931802390041
1.0,16.2124,16.00418545384623,0.0624836548466559,6.59020351093778e-05,1.0,15.74522902984597,0.0635113022557146
2.0,16.2124,15.951368440117427,0.0626905461906965,4.457167311526012e-05,1.0,15.953139392839422,0.0626835869339204
3.0,16.2124,15.902435081888054,0.0628834511727667,2.780943162448131e-05,1.0,16.17268768714347,0.0618326415092374
4.0,16.2124,15.893355085304462,0.062919376974383,1.653163010465819e-05,1.0,16.18928842507025,0.0617692373959704
5.0,16.2124,15.966236535736886,0.0626321674341803,1.0661389866901232e-05,1.0,16.280289885782924,0.0614239676944124
6.0,16.2124,16.16621550746823,0.0618573963422691,7.320603808248146e-06,1.5,16.39657401604445,0.0609883503115635
7.5,16.2124,16.637329007060245,0.060105801813238,4.620049348296945e-06,1.5,16.53899207203199,0.0604631766944876
9.0,16.2124,17.46922869326804,0.0572435118664031,2.758981823745923e-06,nan,16.577105035616267,0.0603241638302633
nan,nan,nan,nan,1.7839278394015009e-06,nan,16.658313170287602,0.0600300876671977
nan,nan,nan,nan,1.2346356823468626e-06,nan,16.724864419571382,0.0597912171311716
nan,nan,nan,nan,7.849483343302616e-07,nan,16.826987092798507,0.0594283453410368
Name:	112.88378916846884_10_80_1
Lambda:	112.88378916846884	Maximal Depth:	10	Filter time:	10 to 80 [us]
Chi2:	0.7199111369945775	RelRMS:	7.240600830767092	AbsRMS:	6.388700348255353e-07	Phi model:	0.0027464715209199
depth_vector,start_model,resistivity_model,conductivity_model,E/I[V/A],modelled_thickness,rhoa,sigma
0.0,16.2124,15.939808724286198,0.0627360100298054,0.0001028692810794,1.0,15.676531794989158,0.0637896196095899
1.0,16.2124,15.9272078416933,0.0627856439081719,6.589086236755182e-05,1.0,15.747008865991605,0.0635041237678905
2.0,16.2124,15.90997112954727,0.0628536652805639,4.456180313336078e-05,1.0,15.955494943617897,0.062674332794671
3.0,16.2124,15.906625682724062,0.0628668845263696,2.7803305764147035e-05,1.0,16.17506313580768,0.0618235608481948
4.0,16.2124,15.943976381914275,0.0627196112215977,1.6529752116047177e-05,1.0,16.190514606943132,0.0617645593285318
5.0,16.2124,16.053977031492682,0.0622898611377308,1.0661354128454264e-05,1.0,16.280326268400284,0.0614238304266036
6.0,16.2124,16.271083901711304,0.0614587206384465,7.321284832451572e-06,1.5,16.395557196625646,0.0609921326861528
7.5,16.2124,16.70951563920133,0.0598461392653388,4.621137006110392e-06,1.5,16.53639682766385,0.0604726658667922
9.0,16.2124,17.43460704623605,0.0573571860465813,2.760147022712746e-06,nan,16.572439345763485,0.0603411470777617
nan,nan,nan,nan,1.7849659278677395e-06,nan,16.651853857683207,0.0600533735490716
nan,nan,nan,nan,1.2355104715593584e-06,nan,16.7169689203017,0.0598194567907321
nan,nan,nan,nan,7.856293463205364e-07,nan,16.817261525875747,0.0594627132640684
Name:	143.8449888287663_10_80_1
Lambda:	143.8449888287663	Maximal Depth:	10	Filter time:	10 to 80 [us]
Chi2:	0.7244227238759026	RelRMS:	7.280404511426866	AbsRMS:	6.326634361477171e-07	Phi model:	0.0023137872380471
depth_vector,start_model,resistivity_model,conductivity_model,E/I[V/A],modelled_thickness,rhoa,sigma
0.0,16.2124,15.87150030875365,0.0630060158489533,0.0001028483104603,1.0,15.678662670423323,0.0637809500096222
1.0,16.2124,15.87299829126248,0.0630000697820565,6.587545416077687e-05,1.0,15.749464243988932,0.0634942233277343
2.0,16.2124,15.882074260519968,0.0629640677657466,4.455116680031535e-05,1.0,15.958034363917909,0.0626643593562538
3.0,16.2124,15.9126167596722,0.0628432152362475,2.779787322832151e-05,1.0,16.177170461246305,0.0618155073778556
4.0,16.2124,15.984739401833476,0.0625596686227676,1.6528546519628277e-05,1.0,16.191301890895588,0.0617615560958876
5.0,16.2124,16.12249306994097,0.0620251468344195,1.066185318337816e-05,1.0,16.279818236620574,0.061425747232887
6.0,16.2124,16.351815919986507,0.0611552872716552,7.322395175360399e-06,1.5,16.393899710666716,0.0609982992240307
7.5,16.2124,16.762837507780855,0.0596557712580478,4.622510864752289e-06,1.5,16.53312013845429,0.0604846509083367
9.0,16.2124,17.40190421758013,0.0574649755277792,2.761459061591532e-06,nan,16.567189607262808,0.0603602677162344
nan,nan,nan,nan,1.786084622050265e-06,nan,16.644899996349363,0.0600784624851651
nan,nan,nan,nan,1.2364343382863505e-06,nan,16.7086405765298,0.0598492735192756
nan,nan,nan,nan,7.863345475886672e-07,nan,16.807205307821825,0.0594982914580459
Name:	183.29807108324357_10_80_1
Lambda:	183.2980710832436	Maximal Depth:	10	Filter time:	10 to 80 [us]
Chi2:	0.7283032055888627	RelRMS:	7.323145150400244	AbsRMS:	6.227747097626177e-07	Phi model:	0.0020109128472644
depth_vector,start_model,resistivity_model,conductivity_model,E/I[V/A],modelled_thickness,rhoa,sigma
0.0,16.2124,15.823918862816914,0.0631954706460106,0.0001028139660643,1.0,15.682154052284336,0.0637667501968159
1.0,16.2124,15.836036651569325,0.0631471132583481,6.585472602341855e-05,1.0,15.752768890995904,0.0634809033840132
2.0,16.2124,15.865119227051885,0.063031357387777,4.453883082142963e-05,1.0,15.960980839837507,0.0626527912059181
3.0,16.2124,15.921132870431345,0.0628096008078166,2.779250887493079e-05,1.0,16.17925201178721,0.0618075544698519
4.0,16.2124,16.01944264726594,0.0624241443362994,1.6527723356252358e-05,1.0,16.191839491701455,0.0617595054911774
5.0,16.2124,16.177317506112054,0.0618149455014518,1.066275719206998e-05,1.0,16.278898067794497,0.0614292193387683
6.0,16.2124,16.41438136987358,0.0609221863112896,7.323879934044272e-06,1.5,16.39168396275839,0.0610065446766776
7.5,16.2124,16.80105902657116,0.0595200575403302,4.624169836518286e-06,1.5,16.52916560956807,0.0604991215903324
9.0,16.2124,17.36937819481305,0.057572584855031,2.762944972354013e-06,nan,16.56124918918225,0.0603819185724949
nan,nan,nan,nan,1.7873167191964335e-06,nan,16.637249611643558,0.0601060886470171
nan,nan,nan,nan,1.2374383458801067e-06,nan,16.699601542301092,0.0598816682821407
nan,nan,nan,nan,7.870904261371221e-07,nan,16.79644310498628,0.059536414570007
Name:	233.57214690901213_10_80_1
Lambda:	233.57214690901213	Maximal Depth:	10	Filter time:	10 to 80 [us]
Chi2:	0.7318754531835815	RelRMS:	7.370208164978951	AbsRMS:	6.087713729292996e-07	Phi model:	0.0017836969583128
depth_vector,start_model,resistivity_model,conductivity_model,E/I[V/A],modelled_thickness,rhoa,sigma
0.0,16.2124,15.793918123932132,0.0633155112083761,0.0001027644770541,1.0,15.687188424903582,0.0637462860083002
1.0,16.2124,15.813991942889173,0.0632351403498503,6.582746205843901e-05,1.0,15.757118173040071,0.0634633813758513
2.0,16.2124,15.857697453887589,0.0630608575367192,4.452396511578317e-05,1.0,15.96453335424846,0.0626388493675501
3.0,16.2124,15.932613197679528,0.0627643430235062,2.778674686821632e-05,1.0,16.18148861130782,0.0617990114519617
4.0,16.2124,16.049572476306874,0.0623069556199236,1.6527092222822592e-05,1.0,16.19225170965302,0.0617579332344401
5.0,16.2124,16.221439805846252,0.061646808912708,1.066399811403684e-05,1.0,16.27763517472236,0.0614339852973794
6.0,16.2124,16.461915687577623,0.0607462715141113,7.325725457388944e-06,1.5,16.388930878812705,0.0610167928215977
7.5,16.2124,16.826505434423595,0.0594300464762103,4.626134312268889e-06,1.5,16.52448590056547,0.0605162548485565
9.0,16.2124,17.335726894342912,0.057684342058153,2.764638111729963e-06,nan,16.554486793312087,0.0604065841777707
nan,nan,nan,nan,1.7886954550985792e-06,nan,16.628699126378383,0.0601369952273466
nan,nan,nan,nan,1.2385519668967562e-06,nan,16.689589950420388,0.0599175895256079
nan,nan,nan,nan,7.879208149818496e-07,nan,16.78463986303772,0.0595782815812538
Name:	297.63514416313194_10_80_1
Lambda:	297.63514416313194	Maximal Depth:	10	Filter time:	10 to 80 [us]
Chi2:	0.7354971134670922	RelRMS:	7.42309324604617	AbsRMS:	5.904449745722025e-07	Phi model:	0.0015980748465481
depth_vector,start_model,resistivity_model,conductivity_model,E/I[V/A],modelled_thickness,rhoa,sigma
0.0,16.2124,15.77915867331109,0.0633747350352337,0.0001026986687029,1.0,15.693889178970576,0.0637190685238159
1.0,16.2124,15.804876598870464,0.0632716107426911,6.579287501363499e-05,1.0,15.762639990949689,0.0634411494885477
2.0,16.2124,15.85903019203291,0.0630555581199643,4.450605122332411e-05,1.0,15.968816932833986,0.0626220467180551
3.0,16.2124,15.94708279203316,0.0627073937622986,2.7780320699754e-05,1.0,16.183983925990965,0.0617894830205578
4.0,16.2124,16.076715986938506,0.0622017581707886,1.6526572665412284e-05,1.0,16.192591072627483,0.0617566389168213
5.0,16.2124,16.256940163235715,0.0615121904835112,1.06655727370323e-05,1.0,16.27603302482623,0.0614400326218726
6.0,16.2124,16.49720089756271,0.0606163437185116,7.327958921139914e-06,1.5,16.385600625183052,0.0610291940390087
7.5,16.2124,16.840816785110675,0.0593795427359628,4.628446827065334e-06,1.5,16.518981346898567,0.0605364204365876
9.0,16.2124,17.2997999625762,0.0578041365890501,2.7665820718933468e-06,nan,16.546731126589798,0.060434897524445
nan,nan,nan,nan,1.7902590258353066e-06,nan,16.619015636226862,0.060172035569914
nan,nan,nan,nan,1.239807199854456e-06,nan,16.67832322015978,0.0599580657359643
nan,nan,nan,nan,7.888504241688077e-07,nan,16.771450863707386,0.0596251336945423
Name:	379.26901907322497_10_80_1
Lambda:	379.26901907322497	Maximal Depth:	10	Filter time:	10 to 80 [us]
Chi2:	0.7395769167544003	RelRMS:	7.483190686968174	AbsRMS:	5.677325280952452e-07	Phi model:	0.0014329983156674
depth_vector,start_model,resistivity_model,conductivity_model,E/I[V/A],modelled_thickness,rhoa,sigma
0.0,16.2124,15.777805849595154,0.0633801689241637,0.0001026155995037,1.0,15.702357696324125,0.0636847038731067
1.0,16.2124,15.80730400436262,0.0632618946104922,6.575034741929338e-05,1.0,15.769436151907817,0.063413808227951
2.0,16.2124,15.868367798751764,0.0630184536105006,4.448469198122696e-05,1.0,15.973928122362183,0.0626020094957158
3.0,16.2124,15.964833412876828,0.062637672072007,2.7773035660716865e-05,1.0,16.186813908336912,0.0617786802061742
4.0,16.2124,16.10194934574761,0.0621042818187781,1.652611611535744e-05,1.0,16.192889295321493,0.0617555015514694
5.0,16.2124,16.285737034412037,0.0614034230005668,1.0667491452132834e-05,1.0,16.274081300328852,0.0614474010265509
6.0,16.2124,16.522335737242084,0.0605241302381935,7.330612666155552e-06,1.5,16.381645900711018,0.0610439272134796
7.5,16.2124,16.845422440714206,0.0593633079561762,4.631149421703048e-06,1.5,16.512554079479365,0.0605599833427785
9.0,16.2124,17.260634477008576,0.0579352978786507,2.76881732670749e-06,nan,16.53782452272417,0.0604674453176067
nan,nan,nan,nan,1.7920420615154729e-06,nan,16.607990145789696,0.0602119817763446
nan,nan,nan,nan,1.241232724273075e-06,nan,16.665551019443043,0.0600040165988714
nan,nan,nan,nan,7.899011812043742e-07,nan,16.75657421010968,0.0596780694825242
Name:	483.2930238571752_10_80_1
Lambda:	483.2930238571752	Maximal Depth:	10	Filter time:	10 to 80 [us]
Chi2:	0.7445766047510287	RelRMS:	7.551659530450026	AbsRMS:	5.408329924484906e-07	Phi model:	0.0012763283300374
depth_vector,start_model,resistivity_model,conductivity_model,E/I[V/A],modelled_thickness,rhoa,sigma
0.0,16.2124,15.788387722389304,0.0633376895464704,0.0001025148727362,1.0,15.712641659966668,0.0636430220736111
1.0,16.2124,15.820113592837018,0.0632106712844828,6.569958393332043e-05,1.0,15.77755805518394,0.063381164341299
2.0,16.2124,15.885126997361702,0.0629519675962355,4.445968468904925e-05,1.0,15.97991747731805,0.0625785459417674
3.0,16.2124,15.986017697652647,0.0625546661409512,2.7764793536783857e-05,1.0,16.19001717668337,0.0617664570140287
4.0,16.2124,16.1261709669509,0.0620110007545751,1.652571023252651e-05,1.0,16.193154433249084,0.061754490400383
5.0,16.2124,16.309316678782857,0.0613146473083646,1.066977544106994e-05,1.0,16.271758780479015,0.0614561716094073
6.0,16.2124,16.539061943090342,0.0604629212612495,7.3337188660708545e-06,1.5,16.377019938471644,0.0610611700881475
7.5,16.2124,16.841479104817292,0.0593772075348157,4.634277865434363e-06,1.5,16.50512186649264,0.0605872533440736
9.0,16.2124,17.217526916523138,0.0580803506129751,2.7713765323202672e-06,nan,16.527641806798016,0.0605046994416764
nan,nan,nan,nan,1.7940719147103956e-06,nan,16.595460680712588,0.0602574414316928
nan,nan,nan,nan,1.242850940372808e-06,nan,16.651081964076134,0.060056157441147
nan,nan,nan,nan,7.910900656644926e-07,nan,16.739781664623127,0.0597379356573892
Name:	615.8482110660261_10_80_1
Lambda:	615.8482110660261	Maximal Depth:	10	Filter time:	10 to 80 [us]
Chi2:	0.7509961198842555	RelRMS:	7.629262108313396	AbsRMS:	5.102971134437265e-07	Phi model:	0.0011221323793603
depth_vector,start_model,resistivity_model,conductivity_model,E/I[V/A],modelled_thickness,rhoa,sigma
0.0,16.2124,15.80959697950308,0.0632527193005922,0.0001023968335197,1.0,15.724714635859868,0.0635941588230492
1.0,16.2124,15.84225063195156,0.0631223443708902,6.564069183737367e-05,1.0,15.786993610594095,0.0633432827469401
2.0,16.2124,15.908724824072673,0.0628585892998052,4.443104682460097e-05,1.0,15.986783270446915,0.0625516705320322
3.0,16.2124,16.010662234287736,0.0624583783835276,2.7755588756384948e-05,1.0,16.193596451431073,0.0617528047583047
4.0,16.2124,16.150038957202458,0.0619193552814328,1.6525367082176964e-05,1.0,16.19337860042777,0.0617536355244348
5.0,16.2124,16.32885618641894,0.0612412767056961,1.0672443927303238e-05,1.0,16.269046326221087,0.0614664178802099
6.0,16.2124,16.54881974957819,0.0604272700490008,7.337297678639898e-06,1.5,16.37169417659144,0.061081033472383
7.5,16.2124,16.830023117792972,0.0594176248601098,4.637852012896524e-06,1.5,16.496641026823262,0.0606184009444114
9.0,16.2124,17.170102355953045,0.0582407710372961,2.774277678726739e-06,nan,16.51611749307303,0.0605469173018057
nan,nan,nan,nan,1.79636364836829e-06,nan,16.58134309854502,0.0603087454409979
nan,nan,nan,nan,1.244674159874149e-06,nan,16.634817469700124,0.0601148766327898
nan,nan,nan,nan,7.924264434259252e-07,nan,16.720955972437277,0.0598051930552531
Name:	784.7599703514607_10_80_1
Lambda:	784.7599703514607	Maximal Depth:	10	Filter time:	10 to 80 [us]
Chi2:	0.7593321201973868	RelRMS:	7.716182016950081	AbsRMS:	4.771246606837168e-07	Phi model:	0.0009689328692439
depth_vector,start_model,resistivity_model,conductivity_model,E/I[V/A],modelled_thickness,rhoa,sigma
0.0,16.2124,15.840121967007642,0.0631308270279,0.0001022627950616,1.0,15.738452159405153,0.0635386497904375
1.0,16.2124,15.872618591514344,0.0630015768497461,6.55742806113692e-05,1.0,15.797650804250502,0.0633005509737524
2.0,16.2124,15.938470386037173,0.0627412779130954,4.439905462657249e-05,1.0,15.99446197649362,0.0625216403946351
3.0,16.2124,16.03861006530398,0.0623495425057612,2.774551217688771e-05,1.0,16.197516993860436,0.0617378577456682
4.0,16.2124,16.173967908049303,0.0618277472593679,1.652511526231313e-05,1.0,16.19354310978107,0.0617530081724974
5.0,16.2124,16.345271252891784,0.0611797739253229,1.0675503584831216e-05,1.0,16.265937646133512,0.0614781650929114
6.0,16.2124,16.552837864133576,0.0604126016461977,7.341346631010102e-06,1.5,16.365673999998183,0.0611035023672175
7.5,16.2124,16.812077577014158,0.0594810483962566,4.641866721214554e-06,1.5,16.487127791963403,0.060653378357839
9.0,16.2124,17.11838817860286,0.058416714796195,2.777517415978011e-06,nan,16.503271899800772,0.0605940449912887
nan,nan,nan,nan,1.7989150463032969e-06,nan,16.565661197662898,0.0603658367793421
nan,nan,nan,nan,1.2467007607402876e-06,nan,16.616785195108598,0.0601801123537641
nan,nan,nan,nan,7.939093366495049e-07,nan,16.700128138551076,0.0598797800653738
Name:	1000.0_10_80_1
Lambda:	1000.0	Maximal Depth:	10	Filter time:	10.0 to 80.0 [us]
Chi2:	0.7700086866146295	RelRMS:	7.811861197592718	AbsRMS:	4.4282588328375725e-07	Phi model:	0.000818378808304629
depth_vector,start_model,resistivity_model,conductivity_model,E/I[V/A],modelled_thickness,rhoa,sigma
0.0,16.2124,15.87851325480521,0.0629781884457839,0.00010211518876401873,1.0,15.753615005551245,0.06347749387347736
1.0,16.2124,15.909962628597592,0.06285369886429121,6.550152468410565e-05,1.0,15.809346817591864,0.06325372019084616
2.0,16.2124,15.973479802276568,0.0626037665166408,4.436426437894092e-05,1.0,16.002822738596073,0.062488975622292615
3.0,16.2124,16.06947651040266,0.06222978074940057,2.7734749476514364e-05,1.0,16.201707110410013,0.0617218909825542
4.0,16.2124,16.19812872351292,0.06173552618756619,1.6524991544404817e-05,1.0,16.193623933979037,0.06175269995628976
5.0,16.2124,16.359257076337926,0.061127470234965786,1.0678939103699108e-05,1.0,16.26244885185866,0.0614913540457167
6.0,16.2124,16.552207102366836,0.06041490381406645,7.345831680289347e-06,1.5,16.359011870250292,0.06112838647782582
7.5,16.2124,16.788735583103044,0.059563747076131573,4.646284447218736e-06,1.5,16.476675402746938,0.060691855338321665
9.0,16.2124,17.06286432821775,0.0586068072021324,2.781065704415276e-06,nan,16.489231520001432,0.060645640082559356
nan,nan,nan,nan,1.801702649962837e-06,nan,16.548569803989913,0.06042818272784496
nan,nan,nan,nan,1.2489121498015743e-06,nan,16.597164370334905,0.060251256039095404
nan,nan,nan,nan,7.955252774674145e-07,nan,16.677505297229946,0.059961006288278336
