Name:	10.0_10_80_1
Lambda:	10	Maximal Depth:	10	Filter time:	10 to 80 [us]
Chi2:	0.148831147371694	RelRMS:	2.5859451894047494	AbsRMS:	3.655335184297279e-07	Phi model:	0.0169089045496803
depth_vector,start_model,resistivity_model,conductivity_model,E/I[V/A],modelled_thickness,rhoa,sigma
0.0,17.605,19.39587163862337,0.0515573632694434,8.964818237163569e-05,1.0,17.182227501539018,0.0581996717195386
1.0,17.605,19.070665924090346,0.0524365538141374,5.771493525496866e-05,1.0,17.20109355098851,0.0581358386916355
2.0,17.605,18.47182706744508,0.0541364964250022,3.921282973749549e-05,1.0,17.37534068252485,0.0575528283601221
3.0,17.605,17.725842081395758,0.056414809260292,2.458640286477687e-05,1.0,17.556864042456844,0.0569577800216344
4.0,17.605,16.99604884572224,0.0588372044042278,1.4670235813357783e-05,1.0,17.531274240761054,0.057040919346008
5.0,17.605,16.43936410131167,0.0608296034954424,9.490016100323828e-06,1.0,17.593816206155452,0.0568381520121902
6.0,17.605,16.213487900995453,0.0616770435890357,6.533920576613901e-06,1.5,17.687582642641406,0.0565368383121608
7.5,17.605,16.77309024086478,0.0596193060217174,4.135645336150358e-06,1.5,17.806473741641973,0.0561593504985444
9.0,17.605,18.507847631892886,0.0540311342458207,2.4754708106084666e-06,nan,17.819795222024464,0.0561173676543737
nan,nan,nan,nan,1.6036886233833613e-06,nan,17.884186036103774,0.055915320830439
nan,nan,nan,nan,1.1117044200840848e-06,nan,17.93613788160868,0.0557533626581549
nan,nan,nan,nan,7.080673356550796e-07,nan,18.0239802572948,0.0554816408875765
Name:	12.742749857031335_10_80_1
Lambda:	12.742749857031336	Maximal Depth:	10	Filter time:	10 to 80 [us]
Chi2:	0.1507791128446858	RelRMS:	2.59278140998933	AbsRMS:	3.458779134216766e-07	Phi model:	0.011252206178026
depth_vector,start_model,resistivity_model,conductivity_model,E/I[V/A],modelled_thickness,rhoa,sigma
0.0,17.605,19.029972786503134,0.0525486826081665,8.957763172254725e-05,1.0,17.191248043931317,0.0581691333546321
1.0,17.605,18.77160942342573,0.0532719372880231,5.765135506548041e-05,1.0,17.213737924102976,0.0580931349372864
2.0,17.605,18.301587534458506,0.0546400686889694,3.916085938422628e-05,1.0,17.390709820593123,0.0575019657228628
3.0,17.605,17.71098819078653,0.0564621233568554,2.4551169316873906e-05,1.0,17.573657342993624,0.0569033514471412
4.0,17.605,17.127598302026698,0.0583853020351178,1.46515850202686e-05,1.0,17.546148756027204,0.0569925636619542
5.0,17.605,16.689426841022076,0.0599181751132418,9.47969354057592e-06,1.0,17.60658597724462,0.0567969282229067
6.0,17.605,16.523184485979705,0.060521021286697,6.527853924786008e-06,1.5,17.69853956591557,0.0565018371304394
7.5,17.605,17.003936984458697,0.0588099097823041,4.132875449739496e-06,1.5,17.81442888127925,0.056134272205093
9.0,17.605,18.44641547309537,0.0542110743118915,2.474736938948704e-06,nan,17.823317965858546,0.0561062761667356
nan,nan,nan,nan,1.6037255333644903e-06,nan,17.883911630254204,0.0559161787798314
nan,nan,nan,nan,1.1120083756726868e-06,nan,17.932869298468955,0.0557635246962613
nan,nan,nan,nan,7.084870661147741e-07,nan,18.016860898258045,0.0555035644470499
Name:	16.237767391887218_10_80_1
Lambda:	16.237767391887218	Maximal Depth:	10	Filter time:	10 to 80 [us]
Chi2:	0.1544795748419903	RelRMS:	2.6055942437497586	AbsRMS:	3.354000775609307e-07	Phi model:	0.007413239644537
depth_vector,start_model,resistivity_model,conductivity_model,E/I[V/A],modelled_thickness,rhoa,sigma
0.0,17.605,18.727116496248016,0.0533985037258859,8.953814953846667e-05,1.0,17.19630136962075,0.0581520397035269
1.0,17.605,18.527986147880743,0.0539724065000114,5.761021171386375e-05,1.0,17.22193261249195,0.0580654925611919
2.0,17.605,18.161190638811345,0.0550624691898201,3.912521741773875e-05,1.0,17.40126984754064,0.0574670704357436
3.0,17.605,17.6964856192824,0.0565083950290323,2.4526343076010707e-05,1.0,17.585514370300146,0.0568649843810586
4.0,17.605,17.239983822462715,0.0580046948012246,1.4638604633834822e-05,1.0,17.556519605383027,0.0569588974624212
5.0,17.605,16.90220995603203,0.059163860974471,9.472666490224916e-06,1.0,17.61529222517308,0.0567688566966236
6.0,17.605,16.785370389939064,0.0595756886365395,6.523831402977639e-06,1.5,17.70581396678796,0.0564786234553107
7.5,17.605,17.200370008016467,0.0581382842074871,4.13118292615259e-06,1.5,17.819294200031017,0.0561189454966324
9.0,17.605,18.39489590156188,0.0543629061752446,2.4744725615351424e-06,nan,17.82458746166252,0.0561022801874556
nan,nan,nan,nan,1.6039695933508403e-06,nan,17.882097440449144,0.055921851635704
nan,nan,nan,nan,1.112402862647171e-06,nan,17.928629406742886,0.0557767120571918
nan,nan,nan,nan,7.089218841912482e-07,nan,18.009493036315394,0.0555262715048969
Name:	20.6913808111479_10_80_1
Lambda:	20.6913808111479	Maximal Depth:	10	Filter time:	10 to 80 [us]
Chi2:	0.1583838083675429	RelRMS:	2.62048525045247	AbsRMS:	3.303178269229628e-07	Phi model:	0.0048497598238767
depth_vector,start_model,resistivity_model,conductivity_model,E/I[V/A],modelled_thickness,rhoa,sigma
0.0,17.605,18.482895119074847,0.0541040780439192,8.95189080169189e-05,1.0,17.19876543863345,0.0581437082544138
1.0,17.605,18.32765913780542,0.054562341676098,5.758443252983658e-05,1.0,17.227072129448153,0.0580481693282394
2.0,17.605,18.04334391715115,0.0554220993953037,3.910109546654419e-05,1.0,17.40842581815778,0.0574434478134694
3.0,17.605,17.68657267993916,0.0565400667555134,2.4508987584016345e-05,1.0,17.593815250224093,0.0568381551003988
4.0,17.605,17.335110017459634,0.0576863947787361,1.462966696896254e-05,1.0,17.56366938379876,0.0569357107645415
5.0,17.605,17.077738629185134,0.0585557620779511,9.467961891082172e-06,1.0,17.621127062558305,0.0567500589746508
6.0,17.605,17.004372691305946,0.0588084028828233,6.521232086883577e-06,1.5,17.71051859414715,0.0564636204571939
7.5,17.605,17.36665860383881,0.0575816006297812,4.13021771577358e-06,1.5,17.82207027610596,0.0561102040620218
9.0,17.605,18.35203456008207,0.0544898712306875,2.474499386441809e-06,nan,17.824458642674855,0.0561026856437494
nan,nan,nan,nan,1.604322513691358e-06,nan,17.879474864141173,0.055930054299614
nan,nan,nan,nan,1.1128292930880129e-06,nan,17.92404900868521,0.055790965507595
nan,nan,nan,nan,7.093419671899519e-07,nan,18.002382005605746,0.0555482046591729
Name:	26.366508987303583_10_80_1
Lambda:	26.366508987303583	Maximal Depth:	10	Filter time:	10 to 80 [us]
Chi2:	0.1618850727960807	RelRMS:	2.635478941011291	AbsRMS:	3.2820895825026015e-07	Phi model:	0.0031696387208806
depth_vector,start_model,resistivity_model,conductivity_model,E/I[V/A],modelled_thickness,rhoa,sigma
0.0,17.605,18.283892496888345,0.0546929490079962,8.951161795135971e-05,1.0,17.19969923492816,0.0581405515492536
1.0,17.605,18.16623444239064,0.055047181251086,5.756862402901551e-05,1.0,17.23022571905321,0.058037544969257
2.0,17.605,17.950725468247402,0.0557080549066875,3.908484629962778e-05,1.0,17.413250412973106,0.0574275322690464
3.0,17.605,17.678387483435305,0.0565662451361586,2.449689774027956e-05,1.0,17.599603438513313,0.0568194620687699
4.0,17.605,17.411428918116254,0.0574335400444658,1.4623570320689936e-05,1.0,17.56855063934708,0.056919891716074
5.0,17.605,17.223272940671848,0.0580609738604648,9.464873807941238e-06,1.0,17.624959657895204,0.0567377185202261
6.0,17.605,17.18657663404684,0.0581849440579682,6.519613144685332e-06,1.5,17.713450375400047,0.0564542750738598
7.5,17.605,17.502906472614438,0.0571333681959981,4.129736945988595e-06,1.5,17.82345343872485,0.056105849713014
9.0,17.605,18.31663868896296,0.0545951698333477,2.4746989255424403e-06,nan,17.82350048591793,0.0561057016151279
nan,nan,nan,nan,1.60472228569097e-06,nan,17.876505291029456,0.0559393451751336
nan,nan,nan,nan,1.1132528365714427e-06,nan,17.91950251492372,0.0558051206593029
nan,nan,nan,nan,7.09731499902351e-07,nan,17.995794389195776,0.0555685388693024
Name:	33.59818286283781_10_80_1
Lambda:	33.59818286283781	Maximal Depth:	10	Filter time:	10 to 80 [us]
Chi2:	0.1648012602776861	RelRMS:	2.6497208517135933	AbsRMS:	3.275462011052521e-07	Phi model:	0.0020894242201427
depth_vector,start_model,resistivity_model,conductivity_model,E/I[V/A],modelled_thickness,rhoa,sigma
0.0,17.605,18.127233181011743,0.0551656168381779,8.951026519708853e-05,1.0,17.19987252535429,0.058139965777415
1.0,17.605,18.03697606855752,0.0554416658423816,5.755885769679325e-05,1.0,17.232174696233603,0.0580309808615489
2.0,17.605,17.873684421408853,0.0559481736626284,3.907381174652124e-05,1.0,17.416528625585897,0.0574167230162583
3.0,17.605,17.67129532419752,0.0565889473099738,2.448847569123291e-05,1.0,17.603638431144535,0.0568064382776
4.0,17.605,17.476771128209794,0.0572188073336881,1.4619459886711764e-05,1.0,17.571843555523667,0.0569092250816023
5.0,17.605,17.34495676314898,0.0576536461667402,9.462911057152276e-06,1.0,17.62739669568125,0.0567298743690837
6.0,17.605,17.334342934755586,0.0576889475282611,6.518673688338968e-06,1.5,17.71515221583381,0.0564488516845031
7.5,17.605,17.610900758345526,0.0567830126193923,4.12958251219324e-06,1.5,17.823897797833297,0.0561044509647918
9.0,17.605,18.28752363366399,0.0546820892774778,2.474999834791244e-06,nan,17.822055808427514,0.0561102496114466
nan,nan,nan,nan,1.6051354678596191e-06,nan,17.87343740037723,0.0559489468980876
nan,nan,nan,nan,1.1136573761699684e-06,nan,17.91516270781096,0.0558186390104066
nan,nan,nan,nan,7.100857527186216e-07,nan,17.989808641690917,0.0555870281845314
Name:	42.81332398719393_10_80_1
Lambda:	42.81332398719393	Maximal Depth:	10	Filter time:	10 to 80 [us]
Chi2:	0.1671786152656963	RelRMS:	2.6628348849330608	AbsRMS:	3.2758399924423864e-07	Phi model:	0.0013942152129258
depth_vector,start_model,resistivity_model,conductivity_model,E/I[V/A],modelled_thickness,rhoa,sigma
0.0,17.605,18.000192821878795,0.0555549604326751,8.951178667174638e-05,1.0,17.19967762182799,0.0581406246086209
1.0,17.605,17.93367024785098,0.0557610341987765,5.755276232507372e-05,1.0,17.233391372921183,0.0580268838768032
2.0,17.605,17.815192627625507,0.0561318657003645,3.906618782091671e-05,1.0,17.418794489537593,0.0574092541593873
3.0,17.605,17.668307697905394,0.0565985162301962,2.448253216440449e-05,1.0,17.606487359343785,0.0567972463552929
4.0,17.605,17.529045988792593,0.0570481702563483,1.4616678924732052e-05,1.0,17.574072291598267,0.0569020078788497
5.0,17.605,17.441642717104017,0.0573340491041797,9.461688504393248e-06,1.0,17.62891509685528,0.0567249881519018
6.0,17.605,17.453856776874776,0.0572939272267281,6.518172859085059e-06,1.5,17.716059643221293,0.0564459603398677
7.5,17.605,17.699001846388093,0.0565003613581787,4.1296268827871055e-06,1.5,17.823770125548936,0.0561048528429224
9.0,17.605,18.26340388799096,0.0547543057215937,2.475347179120832e-06,nan,17.820388558176187,0.0561154992067324
nan,nan,nan,nan,1.60553841356676e-06,nan,17.870446783191717,0.0559583099478275
nan,nan,nan,nan,1.114033060382876e-06,nan,17.91113480691616,0.0558311916458728
nan,nan,nan,nan,7.104037565613469e-07,nan,17.984439624311495,0.0556036229590491
Name:	54.5559478116852_10_80_1
Lambda:	54.5559478116852	Maximal Depth:	10	Filter time:	10 to 80 [us]
Chi2:	0.1691320552229448	RelRMS:	2.674792663435431	AbsRMS:	3.2796010759140306e-07	Phi model:	0.0009408185578896
depth_vector,start_model,resistivity_model,conductivity_model,E/I[V/A],modelled_thickness,rhoa,sigma
0.0,17.605,17.902297283529293,0.0558587528830745,8.951466075625843e-05,1.0,17.19930946171373,0.0581418691387602
1.0,17.605,17.85295987506356,0.0560131209053333,5.754890341485335e-05,1.0,17.23416174806263,0.0580242900477834
2.0,17.605,17.765811394742595,0.0562878878865013,3.9060770196567794e-05,1.0,17.4204050791116,0.0574039464328574
3.0,17.605,17.661093454611038,0.0566216357197812,2.4478225866993703e-05,1.0,17.60855222979811,0.0567905860146609
4.0,17.605,17.56810935351121,0.0569213214625247,1.4614761940602887e-05,1.0,17.575609024633827,0.0568970326205145
5.0,17.605,17.520640298121243,0.0570755396483558,9.460935276214671e-06,1.0,17.629850763293625,0.0567219775950717
6.0,17.605,17.554043510130978,0.0569669318309977,6.5179425847731295e-06,1.5,17.716476904687926,0.0564446309150433
7.5,17.605,17.77274052955775,0.0562659426854797,4.129784068091696e-06,1.5,17.823317857752752,0.0561062765070433
9.0,17.605,18.243058278157463,0.0548153705783698,2.4757081544669494e-06,nan,17.818656292265715,0.0561209545544719
nan,nan,nan,nan,1.605920294296848e-06,nan,17.867613662193435,0.0559671827982226
nan,nan,nan,nan,1.11437804644268e-06,nan,17.907438029923266,0.0558427173294696
nan,nan,nan,nan,7.106889906598557e-07,nan,17.97962728146281,0.0556185055644068
Name:	69.51927961775606_10_80_1
Lambda:	69.51927961775606	Maximal Depth:	10	Filter time:	10 to 80 [us]
Chi2:	0.1706450818966425	RelRMS:	2.685984728000941	AbsRMS:	3.27955675706564e-07	Phi model:	0.0006612306458891
depth_vector,start_model,resistivity_model,conductivity_model,E/I[V/A],modelled_thickness,rhoa,sigma
0.0,17.605,17.823032510370467,0.0561071747705191,8.951542393869768e-05,1.0,17.19921170403859,0.0581421996082057
1.0,17.605,17.79014431295008,0.0562108987093524,5.754543783069419e-05,1.0,17.234853674775724,0.058021960549834
2.0,17.605,17.73081976941905,0.0563989715650222,3.90565540547453e-05,1.0,17.42165874112099,0.0573998156466963
3.0,17.605,17.66068831977404,0.0566229346157666,2.4475104801301564e-05,1.0,17.610049159861973,0.0567857585701275
4.0,17.605,17.60245506576077,0.0568102572206043,1.4613531376801412e-05,1.0,17.576595672062197,0.0568938387533991
5.0,17.605,17.58293312526204,0.0568733323886253,9.460585731404626e-06,1.0,17.630285013001775,0.0567205804819679
6.0,17.605,17.630356709594754,0.0567203498188883,6.5179666144476725e-06,1.5,17.716433361308955,0.0564447696444312
7.5,17.605,17.827989402489948,0.0560915747381101,4.130064320507153e-06,1.5,17.822511561290813,0.0561088147740033
9.0,17.605,18.22591396474216,0.0548669329798488,2.4760996572458083e-06,nan,17.81677800564123,0.056126870957441
nan,nan,nan,nan,1.6062977321867538e-06,nan,17.864814605124515,0.0559759517298965
nan,nan,nan,nan,1.114707071866824e-06,nan,17.903914059405462,0.0558537086740913
nan,nan,nan,nan,7.109531410869572e-07,nan,17.97517352298287,0.0556322863154233
Name:	88.58667904100822_10_80_1
Lambda:	88.58667904100822	Maximal Depth:	10	Filter time:	10 to 80 [us]
Chi2:	0.1718660070783687	RelRMS:	2.696588951514121	AbsRMS:	3.276142802808801e-07	Phi model:	0.0004813575439448
depth_vector,start_model,resistivity_model,conductivity_model,E/I[V/A],modelled_thickness,rhoa,sigma
0.0,17.605,17.76279149816363,0.056297457531007,8.951436943662337e-05,1.0,17.199346777836787,0.0581417429927401
1.0,17.605,17.74117533809963,0.0563660513434233,5.754199992614278e-05,1.0,17.23554014369667,0.058019649611371
2.0,17.605,17.70291073689515,0.0564878857981174,3.905299555182678e-05,1.0,17.422717030950693,0.0573963290698886
3.0,17.605,17.659985694336193,0.0566251874326667,2.447269185774177e-05,1.0,17.611206677438922,0.0567820262583746
4.0,17.605,17.629867679464713,0.056721923169327,1.4612710322679113e-05,1.0,17.577254057849792,0.0568917076984167
5.0,17.605,17.633262367927763,0.0567110032808704,9.46047504651634e-06,1.0,17.63042252563987,0.0567201380764246
6.0,17.605,17.69201440244198,0.0565226761211528,6.518140355903486e-06,1.5,17.716118538120075,0.0564457726927195
7.5,17.605,17.872020195874843,0.0559533835033834,4.130414748401096e-06,1.5,17.821503495694937,0.0561119885447131
9.0,17.605,18.210896319792766,0.0549121790844054,2.47650466099278e-06,nan,17.814835467122414,0.0561329910593627
nan,nan,nan,nan,1.6066679598452766e-06,nan,17.862070083465518,0.0559845524806038
nan,nan,nan,nan,1.1150226639393962e-06,nan,17.900535592998057,0.0558642502513253
nan,nan,nan,nan,7.112015760963607e-07,nan,17.970987253264568,0.0556452456343678
Name:	112.88378916846884_10_80_1
Lambda:	112.88378916846884	Maximal Depth:	10	Filter time:	10 to 80 [us]
Chi2:	0.172814701386364	RelRMS:	2.706997350225978	AbsRMS:	3.266447189503134e-07	Phi model:	0.0003693744933697
depth_vector,start_model,resistivity_model,conductivity_model,E/I[V/A],modelled_thickness,rhoa,sigma
0.0,17.605,17.719959031712797,0.0564335390510968,8.951005838670369e-05,1.0,17.19989901854735,0.0581398762237882
1.0,17.605,17.705986435820993,0.0564780733129276,5.753779994591801e-05,1.0,17.236378874029196,0.0580168263478324
2.0,17.605,17.682871427092753,0.0565519013200454,3.904965183447672e-05,1.0,17.423711590562583,0.0573930528407989
3.0,17.605,17.659962068813048,0.0566252631859254,2.4470785060815992e-05,1.0,17.612121525043815,0.0567790767613109
4.0,17.605,17.650891593731515,0.056654361888163,1.461222628192506e-05,1.0,17.577642228694856,0.056890451346628
5.0,17.605,17.671580198045902,0.0565880350706032,9.460583711351702e-06,1.0,17.63028752265013,0.0567205724078675
6.0,17.605,17.739071355758778,0.0563727367653528,6.5184669161838834e-06,1.5,17.715526841839488,0.0564476579741483
7.5,17.605,17.905048489107514,0.0558501698897016,4.130850034045178e-06,1.5,17.82025152078915,0.0561159307338281
9.0,17.605,18.1974863520039,0.0549526445936793,2.476939648910999e-06,nan,17.812749703741456,0.0561395638872058
nan,nan,nan,nan,1.607045841610734e-06,nan,17.85926990815661,0.0559933303624737
nan,nan,nan,nan,1.115337500680154e-06,nan,17.897166800170044,0.0558747656076211
nan,nan,nan,nan,7.114441601141114e-07,nan,17.96690192718424,0.0556578982872379
Name:	143.8449888287663_10_80_1
Lambda:	143.8449888287663	Maximal Depth:	10	Filter time:	10 to 80 [us]
Chi2:	0.1736504567212711	RelRMS:	2.7176417401109947	AbsRMS:	3.25243037451562e-07	Phi model:	0.0002910473336294
depth_vector,start_model,resistivity_model,conductivity_model,E/I[V/A],modelled_thickness,rhoa,sigma
0.0,17.605,17.682787608042684,0.0565521693844905,8.950349074352528e-05,1.0,17.20074041156309,0.0581370322482023
1.0,17.605,17.676726360421103,0.0565715607975377,5.753287722172757e-05,1.0,17.237362065245186,0.0580135171620168
2.0,17.605,17.667558060820436,0.0566009177135576,3.904622942300628e-05,1.0,17.424729704051934,0.0573896994090795
3.0,17.605,17.662230025221724,0.0566179920979398,2.446905535083404e-05,1.0,17.612951512227387,0.0567764011219682
4.0,17.605,17.670870254238302,0.0565903085480554,1.4611894112661996e-05,1.0,17.57790862036632,0.0568895891768016
5.0,17.605,17.70550831611882,0.0564795984473157,9.460807497874814e-06,1.0,17.630009502949633,0.0567214668734405
6.0,17.605,17.778796093453792,0.0562467781701036,6.518883139779299e-06,1.5,17.714772755739443,0.0564500608496943
7.5,17.605,17.931699087184942,0.0557671637884365,4.131343534552176e-06,1.5,17.818832373372967,0.0561203999816688
9.0,17.605,18.184572577075784,0.0549916692163906,2.4774036784806715e-06,nan,17.81052535876681,0.0561465751209732
nan,nan,nan,nan,1.6074391269915667e-06,nan,17.856356754310863,0.0560024653270091
nan,nan,nan,nan,1.1156613626719485e-06,nan,17.893703089319537,0.0558855813695089
nan,nan,nan,nan,7.116908489859475e-07,nan,17.962749852009587,0.0556707635656421
Name:	183.29807108324357_10_80_1
Lambda:	183.2980710832436	Maximal Depth:	10	Filter time:	10 to 80 [us]
Chi2:	0.1743274164787419	RelRMS:	2.728966741238405	AbsRMS:	3.230644390683622e-07	Phi model:	0.0002404617727048
depth_vector,start_model,resistivity_model,conductivity_model,E/I[V/A],modelled_thickness,rhoa,sigma
0.0,17.605,17.65843353569408,0.0566301647299936,8.949285706199421e-05,1.0,17.20210293053657,0.0581324274153036
1.0,17.605,17.65755156215664,0.056632993338849,5.752652470158703e-05,1.0,17.238631029721876,0.0580092466899405
2.0,17.605,17.65805134580776,0.0566313904301457,3.9042515646233215e-05,1.0,17.425834662403375,0.0573860603737691
3.0,17.605,17.665175266783194,0.0566085524144419,2.4467529845837623e-05,1.0,17.613683594474317,0.0567740413092077
4.0,17.605,17.68652922453601,0.0565402056731814,1.4611781277580513e-05,1.0,17.5779991136544,0.0568892963035372
5.0,17.605,17.73111840732721,0.0563980216604249,9.461215068390253e-06,1.0,17.62950318858453,0.0567230958979899
6.0,17.605,17.808384686974,0.0561533242670489,6.519451949611839e-06,1.5,17.713742353845568,0.0564533445290235
7.5,17.605,17.950524488233153,0.055708678632511,4.131943877310573e-06,1.5,17.817106363153407,0.0561258365762493
9.0,17.605,18.172012153675944,0.0550296792420818,2.477927827060728e-06,nan,17.808013665832817,0.0561544941937371
nan,nan,nan,nan,1.6078689453469064e-06,nan,17.85317435071013,0.0560124480025718
nan,nan,nan,nan,1.1160096371829548e-06,nan,17.88998015559524,0.0558972112491271
nan,nan,nan,nan,7.119518140420661e-07,nan,17.958360101324438,0.0556843717554282
Name:	233.57214690901213_10_80_1
Lambda:	233.57214690901213	Maximal Depth:	10	Filter time:	10 to 80 [us]
Chi2:	0.1749310320554342	RelRMS:	2.741328587347709	AbsRMS:	3.201468648164588e-07	Phi model:	0.0002045874079713
depth_vector,start_model,resistivity_model,conductivity_model,E/I[V/A],modelled_thickness,rhoa,sigma
0.0,17.605,17.642286053759285,0.0566819967068222,8.947823442049585e-05,1.0,17.20397700516586,0.0581260948965305
1.0,17.605,17.645283685165435,0.0566723674066351,5.7518579686391046e-05,1.0,17.240218436010014,0.0580039054442186
2.0,17.605,17.653014270026276,0.0566475495178145,3.90382936188892e-05,1.0,17.427091053116655,0.0573819231765108
3.0,17.605,17.66939073404075,0.0565950470535162,2.4466033932645e-05,1.0,17.614401549639894,0.0567717272245586
4.0,17.605,17.70005269713706,0.0564970069361289,1.461180205656108e-05,1.0,17.57798244890686,0.0568893502372445
5.0,17.605,17.751642347162885,0.0563328158850509,9.461765336192678e-06,1.0,17.628819662719128,0.0567252952343013
6.0,17.605,17.831073787339434,0.056081872125392,6.520153422617973e-06,1.5,17.71247183824998,0.0564573939273967
7.5,17.605,17.96360489767167,0.0556681137052626,4.132647683807633e-06,1.5,17.815083422554036,0.0561322097843219
9.0,17.605,18.15918531618065,0.0550685497498037,2.478518551444805e-06,nan,17.805184006205927,0.0561634184545048
nan,nan,nan,nan,1.608344177548152e-06,nan,17.849657350080275,0.0560234843945339
nan,nan,nan,nan,1.1163910086308274e-06,nan,17.885905647593578,0.0559099449422927
nan,nan,nan,nan,7.122346624339649e-07,nan,17.953605273733046,0.0556991191882248
Name:	297.63514416313194_10_80_1
Lambda:	297.63514416313194	Maximal Depth:	10	Filter time:	10 to 80 [us]
Chi2:	0.1755114082439738	RelRMS:	2.755137147307049	AbsRMS:	3.164746987904371e-07	Phi model:	0.0001772562266502
depth_vector,start_model,resistivity_model,conductivity_model,E/I[V/A],modelled_thickness,rhoa,sigma
0.0,17.605,17.633126162439243,0.056711441339887,8.945935273294322e-05,1.0,17.206397685117814,0.0581179174339857
1.0,17.605,17.638949668802944,0.056692718034603,5.750884943601474e-05,1.0,17.242163028462002,0.0579973636920889
2.0,17.605,17.65192215776666,0.0566510542626662,3.903343257781289e-05,1.0,17.42853788201251,0.0573771596200316
3.0,17.605,17.674927013661513,0.0565773199078597,2.446450155219489e-05,1.0,17.615137082925216,0.0567693566784288
4.0,17.605,17.71207747298017,0.0564586509699668,1.4611941512760168e-05,1.0,17.57787060602287,0.0568897122076527
5.0,17.605,17.768176586979056,0.0562803951831964,9.46246392567632e-06,1.0,17.627951991630376,0.0567280873282836
6.0,17.605,17.84816833836885,0.0560281582424491,6.521000587410273e-06,1.5,17.710937747763563,0.0564622841682267
7.5,17.605,17.971830889876664,0.0556426335261862,4.1334711872338905e-06,1.5,17.812717167695478,0.056139666429643
9.0,17.605,18.14565397464049,0.0551096147538993,2.479191377397037e-06,nan,17.801962436484267,0.056173582186116
nan,nan,nan,nan,1.608878075033265e-06,nan,17.8457082568297,0.0560358818831016
nan,nan,nan,nan,1.1168164315739235e-06,nan,17.881363237239803,0.0559241477695277
nan,nan,nan,nan,7.125477644627956e-07,nan,17.94834553557902,0.055715441739056
Name:	379.26901907322497_10_80_1
Lambda:	379.26901907322497	Maximal Depth:	10	Filter time:	10 to 80 [us]
Chi2:	0.1761201637480437	RelRMS:	2.770744647428512	AbsRMS:	3.1206528352242975e-07	Phi model:	0.0001546964698322
depth_vector,start_model,resistivity_model,conductivity_model,E/I[V/A],modelled_thickness,rhoa,sigma
0.0,17.605,17.629991916370525,0.0567215234552341,8.94360173705688e-05,1.0,17.20939051417053,0.0581078103362569
1.0,17.605,17.637779017667743,0.0566964808323259,5.749719179469937e-05,1.0,17.24449353254577,0.0579895256484446
2.0,17.605,17.654360720708176,0.0566432291613381,3.902783491282914e-05,1.0,17.430204329980167,0.0573716739671254
3.0,17.605,17.68182659988007,0.0565552429977332,2.44628833377772e-05,1.0,17.615913899354844,0.0567668532960202
4.0,17.605,17.723112446889946,0.0564234980168779,1.4612189236110062e-05,1.0,17.57767193803758,0.056890355191806
5.0,17.605,17.781601116806304,0.0562379053174715,9.4633160303497e-06,1.0,17.62689379415461,0.0567314928925037
6.0,17.605,17.86071546171476,0.0559887985530895,6.522004163084635e-06,1.5,17.709120850000502,0.0564680770135447
7.5,17.605,17.9759149446144,0.0556299917462393,4.134427425481094e-06,1.5,17.809970498269998,0.0561483243387257
9.0,17.605,18.131074800208896,0.0551539283257757,2.47995867773956e-06,nan,17.79829029025914,0.0561851719289741
nan,nan,nan,nan,1.60948116621317e-06,nan,17.841249983057516,0.0560498844503397
nan,nan,nan,nan,1.1172945959137377e-06,nan,17.87626112703963,0.0559401092260506
nan,nan,nan,nan,7.128977522665215e-07,nan,17.942470718221966,0.0557336843796224
Name:	483.2930238571752_10_80_1
Lambda:	483.2930238571752	Maximal Depth:	10	Filter time:	10 to 80 [us]
Chi2:	0.1768106077835503	RelRMS:	2.7884231496494034	AbsRMS:	3.069827342463497e-07	Phi model:	0.0001347000747948
depth_vector,start_model,resistivity_model,conductivity_model,E/I[V/A],modelled_thickness,rhoa,sigma
0.0,17.605,17.632087655951644,0.0567147815682764,8.940817188674635e-05,1.0,17.212963483131745,0.0580957486478126
1.0,17.605,17.641129138926335,0.0566857139429603,5.748354283319832e-05,1.0,17.247223126713813,0.0579803480625889
2.0,17.605,17.659973195381106,0.0566252275094928,3.902144718573903e-05,1.0,17.432106469426813,0.0573654137412391
3.0,17.605,17.69010142373182,0.0565287883911433,2.446114843542643e-05,1.0,17.616746826428585,0.0567641693357256
4.0,17.605,17.733549257773824,0.0563902908246995,1.461253828086009e-05,1.0,17.57739202232795,0.0568912611569301
5.0,17.605,17.792614441261957,0.056203095014578,9.464324606332e-06,1.0,17.625641485917505,0.056735523685704
6.0,17.605,17.86955985944593,0.0559610873387793,6.523170637883891e-06,1.5,17.707009621168222,0.0564748097727652
7.5,17.605,17.976447681052402,0.0556283431377837,4.135524576512709e-06,1.5,17.806820379303396,0.056158257268787
9.0,17.605,18.11521250832514,0.0552022229681508,2.480828478341667e-06,nan,17.794129887524207,0.0561983084489631
nan,nan,nan,nan,1.6101603779546955e-06,nan,17.836232330261375,0.0560656522904434
nan,nan,nan,nan,1.1178312550165568e-06,nan,17.87053919838011,0.0559580205666455
nan,nan,nan,nan,7.132890487123105e-07,nan,17.935908192034734,0.0557540766429712
Name:	615.8482110660261_10_80_1
Lambda:	615.8482110660261	Maximal Depth:	10	Filter time:	10 to 80 [us]
Chi2:	0.1776358144392761	RelRMS:	2.808325327503034	AbsRMS:	3.013493063585815e-07	Phi model:	0.00011610334812
depth_vector,start_model,resistivity_model,conductivity_model,E/I[V/A],modelled_thickness,rhoa,sigma
0.0,17.605,17.63870308160285,0.056693510592794,8.937596497989393e-05,1.0,17.21709839808945,0.05808179618181
1.0,17.605,17.648415416515203,0.0566623108307055,5.746794562660848e-05,1.0,17.2503436644011,0.0579698595839376
2.0,17.605,17.668410721620837,0.0565981862067707,3.901427077392402e-05,1.0,17.43424408279142,0.0573583801655648
3.0,17.605,17.699709450063995,0.0564981025717563,2.445928509671856e-05,1.0,17.617641525500005,0.0567612866087998
4.0,17.605,17.743666911303915,0.0563581363986793,1.4612982678222155e-05,1.0,17.57703565491543,0.0568924146046406
5.0,17.605,17.801763615436826,0.056174209567239,9.465487239089636e-06,1.0,17.624198167528295,0.0567401699920992
6.0,17.605,17.875392548355535,0.0559428273977678,6.524499188074307e-06,1.5,17.704605814759454,0.0564824775238062
7.5,17.605,17.973948400419633,0.0556360782685151,4.136763366875912e-06,1.5,17.803265261992014,0.0561694714584121
9.0,17.605,18.09796306112337,0.0552548370566697,2.481802589500381e-06,nan,17.789473434816358,0.0562130185395407
nan,nan,nan,nan,1.610917654696395e-06,nan,17.83064213251134,0.0560832297888284
nan,nan,nan,nan,1.118428168525903e-06,nan,17.86418020537549,0.0559779395697705
nan,nan,nan,nan,7.137231223949314e-07,nan,17.928635254900076,0.0557766938633374
Name:	784.7599703514607_10_80_1
Lambda:	784.7599703514607	Maximal Depth:	10	Filter time:	10 to 80 [us]
Chi2:	0.1786440480297334	RelRMS:	2.830442069761556	AbsRMS:	2.953495239363715e-07	Phi model:	9.844569911242629e-05
depth_vector,start_model,resistivity_model,conductivity_model,E/I[V/A],modelled_thickness,rhoa,sigma
0.0,17.605,17.64914518193578,0.0566599679299776,8.933980884911143e-05,1.0,17.22174329781716,0.0580661308618361
1.0,17.605,17.659052088381205,0.0566281811161286,5.745057525422283e-05,1.0,17.253820621700623,0.0579581776074727
2.0,17.605,17.67928996608714,0.0565633575736483,3.9006371013770886e-05,1.0,17.436597915335682,0.0573506371400861
3.0,17.605,17.71053421772199,0.0564635706470871,2.445730102065373e-05,1.0,17.618594322601236,0.0567582170115123
4.0,17.605,17.75363495100084,0.0563264932933425,1.461351508181916e-05,1.0,17.57660873806125,0.0568937964599821
5.0,17.605,17.809469141475354,0.0561499049778616,9.466793244813286e-06,1.0,17.622577215050875,0.056745389042525
6.0,17.605,17.878792074977877,0.055932190262425,6.525978849061089e-06,1.5,17.701929556768903,0.0564910168009124
7.5,17.605,17.968908150271943,0.0556516840999527,4.138134696768223e-06,1.5,17.799331847502955,0.0561818841610219
9.0,17.605,18.079374881779746,0.0553116469202589,2.4828748879628906e-06,nan,17.784351147362273,0.0562292091352636
nan,nan,nan,nan,1.6117486858117615e-06,nan,17.82451252011927,0.0561025160643949
nan,nan,nan,nan,1.1190821269224474e-06,nan,17.857219996070498,0.0559997580933679
nan,nan,nan,nan,7.141977996433726e-07,nan,17.920690436031823,0.0558014214669638
Name:	1000.0_10_80_1
Lambda:	1000	Maximal Depth:	10	Filter time:	10 to 80 [us]
Chi2:	0.1798718054255987	RelRMS:	2.8545681908116327	AbsRMS:	2.89221857130518e-07	Phi model:	8.172342909541243e-05
depth_vector,start_model,resistivity_model,conductivity_model,E/I[V/A],modelled_thickness,rhoa,sigma
0.0,17.605,17.662690214546895,0.056616516954841,8.930040987844953e-05,1.0,17.226808366584105,0.0580490581145467
1.0,17.605,17.672410973808486,0.0565853748807707,5.743175098764712e-05,1.0,17.2575905779031,0.0579455165242137
2.0,17.605,17.69216447296646,0.0565221966779697,3.899788082303192e-05,1.0,17.439128560042974,0.0573423148156169
3.0,17.605,17.722372670816487,0.0564258532745282,2.4455222503577448e-05,1.0,17.619592610538216,0.0567550012139272
4.0,17.605,17.763518893821217,0.0562951522149046,1.461412486362684e-05,1.0,17.576119806022984,0.0568953791301149
5.0,17.605,17.816046167680227,0.0561291765068549,9.468221694662294e-06,1.0,17.62080471742099,0.0567510971284608
6.0,17.605,17.880256715419566,0.0559276086420851,6.527586701835263e-06,1.5,17.699022585027603,0.0565002951544875
7.5,17.605,17.961820490798317,0.0556736440224581,4.139618181732074e-06,1.5,17.7950791817817,0.0561953105004322
9.0,17.605,18.05965887526074,0.0553720314933447,2.4840302956721187e-06,nan,17.77883597853144,0.0562466519859643
nan,nan,nan,nan,1.612642164851888e-06,nan,17.817928170676964,0.0561232479119375
nan,nan,nan,nan,1.1197843912320778e-06,nan,17.849753201858526,0.0560231835528056
nan,nan,nan,nan,7.147068740066116e-07,nan,17.912179676566545,0.0558279348497291
Name:	200_10_80_1
Lambda:	200	Maximal Depth:	10	Filter time:	10 to 80 [us]
Chi2:	0.1745538333922736	RelRMS:	2.73336520623665	AbsRMS:	3.220649765509441e-07	Phi model:	0.0002260558701508
depth_vector,start_model,resistivity_model,conductivity_model,E/I[V/A],modelled_thickness,rhoa,sigma
0.0,17.605,17.651862243654072,0.0566512465481937,8.948788629111566e-05,1.0,17.202739939814183,0.0581302747991667
1.0,17.605,17.652341670182064,0.0566497079358699,5.75237657536034e-05,1.0,17.239182223424432,0.0580073919423631
2.0,17.605,17.655767417863604,0.0566387161958323,3.9041014510175845e-05,1.0,17.426281344462208,0.0573845894160192
3.0,17.605,17.666672217917753,0.0566037557987739,2.446697488871249e-05,1.0,17.613949934504866,0.0567731828305614
4.0,17.605,17.691590221379172,0.0565240313327833,1.4611772165156166e-05,1.0,17.578006421833432,0.0568892726514146
5.0,17.605,17.738971754386498,0.0563730532888818,9.461399610436262e-06,1.0,17.629273948704693,0.0567238334890969
6.0,17.605,17.817373042760526,0.0561249965188507,6.519693402762754e-06,1.5,17.713305005538754,0.0564547383837917
7.5,17.605,17.955909672924303,0.0556919709563865,4.132189633012182e-06,1.5,17.816399925926454,0.0561280620191287
9.0,17.605,18.16735844119854,0.0550437755294284,2.4781363223017986e-06,nan,17.80701481355445,0.0561576440784905
nan,nan,nan,nan,1.608037570223741e-06,nan,17.851926228154042,0.0560163641289819
nan,nan,nan,nan,1.1161453292371917e-06,nan,17.888530178736954,0.055901742066469
nan,nan,nan,nan,7.12052741469755e-07,nan,17.956663097900197,0.0556896342348226
Name:	200_10_80_2
Lambda:	200	Maximal Depth:	10	Filter time:	10 to 80 [us]
Chi2:	0.1745538333922736	RelRMS:	2.73336520623665	AbsRMS:	3.220649765509441e-07	Phi model:	0.0002260558701508
depth_vector,start_model,resistivity_model,conductivity_model,E/I[V/A],modelled_thickness,rhoa,sigma
0.0,17.605,17.651862243654072,0.0566512465481937,8.948788629111566e-05,1.0,17.202739939814183,0.0581302747991667
1.0,17.605,17.652341670182064,0.0566497079358699,5.75237657536034e-05,1.0,17.239182223424432,0.0580073919423631
2.0,17.605,17.655767417863604,0.0566387161958323,3.9041014510175845e-05,1.0,17.426281344462208,0.0573845894160192
3.0,17.605,17.666672217917753,0.0566037557987739,2.446697488871249e-05,1.0,17.613949934504866,0.0567731828305614
4.0,17.605,17.691590221379172,0.0565240313327833,1.4611772165156166e-05,1.0,17.578006421833432,0.0568892726514146
5.0,17.605,17.738971754386498,0.0563730532888818,9.461399610436262e-06,1.0,17.629273948704693,0.0567238334890969
6.0,17.605,17.817373042760526,0.0561249965188507,6.519693402762754e-06,1.5,17.713305005538754,0.0564547383837917
7.5,17.605,17.955909672924303,0.0556919709563865,4.132189633012182e-06,1.5,17.816399925926454,0.0561280620191287
9.0,17.605,18.16735844119854,0.0550437755294284,2.4781363223017986e-06,nan,17.80701481355445,0.0561576440784905
nan,nan,nan,nan,1.608037570223741e-06,nan,17.851926228154042,0.0560163641289819
nan,nan,nan,nan,1.1161453292371917e-06,nan,17.888530178736954,0.055901742066469
nan,nan,nan,nan,7.12052741469755e-07,nan,17.956663097900197,0.0556896342348226
Name:	200_10_80_3
Lambda:	200	Maximal Depth:	10	Filter time:	10 to 80 [us]
Chi2:	0.1745538333922736	RelRMS:	2.73336520623665	AbsRMS:	3.220649765509441e-07	Phi model:	0.0002260558701508
depth_vector,start_model,resistivity_model,conductivity_model,E/I[V/A],modelled_thickness,rhoa,sigma
0.0,17.605,17.651862243654072,0.0566512465481937,8.948788629111566e-05,1.0,17.202739939814183,0.0581302747991667
1.0,17.605,17.652341670182064,0.0566497079358699,5.75237657536034e-05,1.0,17.239182223424432,0.0580073919423631
2.0,17.605,17.655767417863604,0.0566387161958323,3.9041014510175845e-05,1.0,17.426281344462208,0.0573845894160192
3.0,17.605,17.666672217917753,0.0566037557987739,2.446697488871249e-05,1.0,17.613949934504866,0.0567731828305614
4.0,17.605,17.691590221379172,0.0565240313327833,1.4611772165156166e-05,1.0,17.578006421833432,0.0568892726514146
5.0,17.605,17.738971754386498,0.0563730532888818,9.461399610436262e-06,1.0,17.629273948704693,0.0567238334890969
6.0,17.605,17.817373042760526,0.0561249965188507,6.519693402762754e-06,1.5,17.713305005538754,0.0564547383837917
7.5,17.605,17.955909672924303,0.0556919709563865,4.132189633012182e-06,1.5,17.816399925926454,0.0561280620191287
9.0,17.605,18.16735844119854,0.0550437755294284,2.4781363223017986e-06,nan,17.80701481355445,0.0561576440784905
nan,nan,nan,nan,1.608037570223741e-06,nan,17.851926228154042,0.0560163641289819
nan,nan,nan,nan,1.1161453292371917e-06,nan,17.888530178736954,0.055901742066469
nan,nan,nan,nan,7.12052741469755e-07,nan,17.956663097900197,0.0556896342348226
Name:	200_10_80_4
Lambda:	200	Maximal Depth:	10	Filter time:	10 to 80 [us]
Chi2:	0.1745538333922736	RelRMS:	2.73336520623665	AbsRMS:	3.220649765509441e-07	Phi model:	0.0002260558701508
depth_vector,start_model,resistivity_model,conductivity_model,E/I[V/A],modelled_thickness,rhoa,sigma
0.0,17.605,17.651862243654072,0.0566512465481937,8.948788629111566e-05,1.0,17.202739939814183,0.0581302747991667
1.0,17.605,17.652341670182064,0.0566497079358699,5.75237657536034e-05,1.0,17.239182223424432,0.0580073919423631
2.0,17.605,17.655767417863604,0.0566387161958323,3.9041014510175845e-05,1.0,17.426281344462208,0.0573845894160192
3.0,17.605,17.666672217917753,0.0566037557987739,2.446697488871249e-05,1.0,17.613949934504866,0.0567731828305614
4.0,17.605,17.691590221379172,0.0565240313327833,1.4611772165156166e-05,1.0,17.578006421833432,0.0568892726514146
5.0,17.605,17.738971754386498,0.0563730532888818,9.461399610436262e-06,1.0,17.629273948704693,0.0567238334890969
6.0,17.605,17.817373042760526,0.0561249965188507,6.519693402762754e-06,1.5,17.713305005538754,0.0564547383837917
7.5,17.605,17.955909672924303,0.0556919709563865,4.132189633012182e-06,1.5,17.816399925926454,0.0561280620191287
9.0,17.605,18.16735844119854,0.0550437755294284,2.4781363223017986e-06,nan,17.80701481355445,0.0561576440784905
nan,nan,nan,nan,1.608037570223741e-06,nan,17.851926228154042,0.0560163641289819
nan,nan,nan,nan,1.1161453292371917e-06,nan,17.888530178736954,0.055901742066469
nan,nan,nan,nan,7.12052741469755e-07,nan,17.956663097900197,0.0556896342348226
Name:	200_10_80_5
Lambda:	200	Maximal Depth:	10	Filter time:	10 to 80 [us]
Chi2:	0.1745538333922736	RelRMS:	2.73336520623665	AbsRMS:	3.220649765509441e-07	Phi model:	0.0002260558701508
depth_vector,start_model,resistivity_model,conductivity_model,E/I[V/A],modelled_thickness,rhoa,sigma
0.0,17.605,17.651862243654072,0.0566512465481937,8.948788629111566e-05,1.0,17.202739939814183,0.0581302747991667
1.0,17.605,17.652341670182064,0.0566497079358699,5.75237657536034e-05,1.0,17.239182223424432,0.0580073919423631
2.0,17.605,17.655767417863604,0.0566387161958323,3.9041014510175845e-05,1.0,17.426281344462208,0.0573845894160192
3.0,17.605,17.666672217917753,0.0566037557987739,2.446697488871249e-05,1.0,17.613949934504866,0.0567731828305614
4.0,17.605,17.691590221379172,0.0565240313327833,1.4611772165156166e-05,1.0,17.578006421833432,0.0568892726514146
5.0,17.605,17.738971754386498,0.0563730532888818,9.461399610436262e-06,1.0,17.629273948704693,0.0567238334890969
6.0,17.605,17.817373042760526,0.0561249965188507,6.519693402762754e-06,1.5,17.713305005538754,0.0564547383837917
7.5,17.605,17.955909672924303,0.0556919709563865,4.132189633012182e-06,1.5,17.816399925926454,0.0561280620191287
9.0,17.605,18.16735844119854,0.0550437755294284,2.4781363223017986e-06,nan,17.80701481355445,0.0561576440784905
nan,nan,nan,nan,1.608037570223741e-06,nan,17.851926228154042,0.0560163641289819
nan,nan,nan,nan,1.1161453292371917e-06,nan,17.888530178736954,0.055901742066469
nan,nan,nan,nan,7.12052741469755e-07,nan,17.956663097900197,0.0556896342348226
Name:	200_10_80_6
Lambda:	200	Maximal Depth:	10	Filter time:	10 to 80 [us]
Chi2:	0.1745538333922736	RelRMS:	2.73336520623665	AbsRMS:	3.220649765509441e-07	Phi model:	0.0002260558701508
depth_vector,start_model,resistivity_model,conductivity_model,E/I[V/A],modelled_thickness,rhoa,sigma
0.0,17.605,17.651862243654072,0.0566512465481937,8.948788629111566e-05,1.0,17.202739939814183,0.0581302747991667
1.0,17.605,17.652341670182064,0.0566497079358699,5.75237657536034e-05,1.0,17.239182223424432,0.0580073919423631
2.0,17.605,17.655767417863604,0.0566387161958323,3.9041014510175845e-05,1.0,17.426281344462208,0.0573845894160192
3.0,17.605,17.666672217917753,0.0566037557987739,2.446697488871249e-05,1.0,17.613949934504866,0.0567731828305614
4.0,17.605,17.691590221379172,0.0565240313327833,1.4611772165156166e-05,1.0,17.578006421833432,0.0568892726514146
5.0,17.605,17.738971754386498,0.0563730532888818,9.461399610436262e-06,1.0,17.629273948704693,0.0567238334890969
6.0,17.605,17.817373042760526,0.0561249965188507,6.519693402762754e-06,1.5,17.713305005538754,0.0564547383837917
7.5,17.605,17.955909672924303,0.0556919709563865,4.132189633012182e-06,1.5,17.816399925926454,0.0561280620191287
9.0,17.605,18.16735844119854,0.0550437755294284,2.4781363223017986e-06,nan,17.80701481355445,0.0561576440784905
nan,nan,nan,nan,1.608037570223741e-06,nan,17.851926228154042,0.0560163641289819
nan,nan,nan,nan,1.1161453292371917e-06,nan,17.888530178736954,0.055901742066469
nan,nan,nan,nan,7.12052741469755e-07,nan,17.956663097900197,0.0556896342348226
Name:	200_10_80_7
Lambda:	200	Maximal Depth:	10	Filter time:	10 to 80 [us]
Chi2:	0.1745538333922736	RelRMS:	2.73336520623665	AbsRMS:	3.220649765509441e-07	Phi model:	0.0002260558701508
depth_vector,start_model,resistivity_model,conductivity_model,E/I[V/A],modelled_thickness,rhoa,sigma
0.0,17.605,17.651862243654072,0.0566512465481937,8.948788629111566e-05,1.0,17.202739939814183,0.0581302747991667
1.0,17.605,17.652341670182064,0.0566497079358699,5.75237657536034e-05,1.0,17.239182223424432,0.0580073919423631
2.0,17.605,17.655767417863604,0.0566387161958323,3.9041014510175845e-05,1.0,17.426281344462208,0.0573845894160192
3.0,17.605,17.666672217917753,0.0566037557987739,2.446697488871249e-05,1.0,17.613949934504866,0.0567731828305614
4.0,17.605,17.691590221379172,0.0565240313327833,1.4611772165156166e-05,1.0,17.578006421833432,0.0568892726514146
5.0,17.605,17.738971754386498,0.0563730532888818,9.461399610436262e-06,1.0,17.629273948704693,0.0567238334890969
6.0,17.605,17.817373042760526,0.0561249965188507,6.519693402762754e-06,1.5,17.713305005538754,0.0564547383837917
7.5,17.605,17.955909672924303,0.0556919709563865,4.132189633012182e-06,1.5,17.816399925926454,0.0561280620191287
9.0,17.605,18.16735844119854,0.0550437755294284,2.4781363223017986e-06,nan,17.80701481355445,0.0561576440784905
nan,nan,nan,nan,1.608037570223741e-06,nan,17.851926228154042,0.0560163641289819
nan,nan,nan,nan,1.1161453292371917e-06,nan,17.888530178736954,0.055901742066469
nan,nan,nan,nan,7.12052741469755e-07,nan,17.956663097900197,0.0556896342348226
Name:	200_10_80_8
Lambda:	200	Maximal Depth:	10	Filter time:	10 to 80 [us]
Chi2:	0.1745538333922736	RelRMS:	2.73336520623665	AbsRMS:	3.220649765509441e-07	Phi model:	0.0002260558701508
depth_vector,start_model,resistivity_model,conductivity_model,E/I[V/A],modelled_thickness,rhoa,sigma
0.0,17.605,17.651862243654072,0.0566512465481937,8.948788629111566e-05,1.0,17.202739939814183,0.0581302747991667
1.0,17.605,17.652341670182064,0.0566497079358699,5.75237657536034e-05,1.0,17.239182223424432,0.0580073919423631
2.0,17.605,17.655767417863604,0.0566387161958323,3.9041014510175845e-05,1.0,17.426281344462208,0.0573845894160192
3.0,17.605,17.666672217917753,0.0566037557987739,2.446697488871249e-05,1.0,17.613949934504866,0.0567731828305614
4.0,17.605,17.691590221379172,0.0565240313327833,1.4611772165156166e-05,1.0,17.578006421833432,0.0568892726514146
5.0,17.605,17.738971754386498,0.0563730532888818,9.461399610436262e-06,1.0,17.629273948704693,0.0567238334890969
6.0,17.605,17.817373042760526,0.0561249965188507,6.519693402762754e-06,1.5,17.713305005538754,0.0564547383837917
7.5,17.605,17.955909672924303,0.0556919709563865,4.132189633012182e-06,1.5,17.816399925926454,0.0561280620191287
9.0,17.605,18.16735844119854,0.0550437755294284,2.4781363223017986e-06,nan,17.80701481355445,0.0561576440784905
nan,nan,nan,nan,1.608037570223741e-06,nan,17.851926228154042,0.0560163641289819
nan,nan,nan,nan,1.1161453292371917e-06,nan,17.888530178736954,0.055901742066469
nan,nan,nan,nan,7.12052741469755e-07,nan,17.956663097900197,0.0556896342348226
Name:	200_10_80_9
Lambda:	200	Maximal Depth:	10	Filter time:	10 to 80 [us]
Chi2:	0.1745538333922736	RelRMS:	2.73336520623665	AbsRMS:	3.220649765509441e-07	Phi model:	0.0002260558701508
depth_vector,start_model,resistivity_model,conductivity_model,E/I[V/A],modelled_thickness,rhoa,sigma
0.0,17.605,17.651862243654072,0.0566512465481937,8.948788629111566e-05,1.0,17.202739939814183,0.0581302747991667
1.0,17.605,17.652341670182064,0.0566497079358699,5.75237657536034e-05,1.0,17.239182223424432,0.0580073919423631
2.0,17.605,17.655767417863604,0.0566387161958323,3.9041014510175845e-05,1.0,17.426281344462208,0.0573845894160192
3.0,17.605,17.666672217917753,0.0566037557987739,2.446697488871249e-05,1.0,17.613949934504866,0.0567731828305614
4.0,17.605,17.691590221379172,0.0565240313327833,1.4611772165156166e-05,1.0,17.578006421833432,0.0568892726514146
5.0,17.605,17.738971754386498,0.0563730532888818,9.461399610436262e-06,1.0,17.629273948704693,0.0567238334890969
6.0,17.605,17.817373042760526,0.0561249965188507,6.519693402762754e-06,1.5,17.713305005538754,0.0564547383837917
7.5,17.605,17.955909672924303,0.0556919709563865,4.132189633012182e-06,1.5,17.816399925926454,0.0561280620191287
9.0,17.605,18.16735844119854,0.0550437755294284,2.4781363223017986e-06,nan,17.80701481355445,0.0561576440784905
nan,nan,nan,nan,1.608037570223741e-06,nan,17.851926228154042,0.0560163641289819
nan,nan,nan,nan,1.1161453292371917e-06,nan,17.888530178736954,0.055901742066469
nan,nan,nan,nan,7.12052741469755e-07,nan,17.956663097900197,0.0556896342348226
Name:	200_10_80_10
Lambda:	200	Maximal Depth:	10	Filter time:	10 to 80 [us]
Chi2:	0.1745538333922736	RelRMS:	2.73336520623665	AbsRMS:	3.220649765509441e-07	Phi model:	0.0002260558701508
depth_vector,start_model,resistivity_model,conductivity_model,E/I[V/A],modelled_thickness,rhoa,sigma
0.0,17.605,17.651862243654072,0.0566512465481937,8.948788629111566e-05,1.0,17.202739939814183,0.0581302747991667
1.0,17.605,17.652341670182064,0.0566497079358699,5.75237657536034e-05,1.0,17.239182223424432,0.0580073919423631
2.0,17.605,17.655767417863604,0.0566387161958323,3.9041014510175845e-05,1.0,17.426281344462208,0.0573845894160192
3.0,17.605,17.666672217917753,0.0566037557987739,2.446697488871249e-05,1.0,17.613949934504866,0.0567731828305614
4.0,17.605,17.691590221379172,0.0565240313327833,1.4611772165156166e-05,1.0,17.578006421833432,0.0568892726514146
5.0,17.605,17.738971754386498,0.0563730532888818,9.461399610436262e-06,1.0,17.629273948704693,0.0567238334890969
6.0,17.605,17.817373042760526,0.0561249965188507,6.519693402762754e-06,1.5,17.713305005538754,0.0564547383837917
7.5,17.605,17.955909672924303,0.0556919709563865,4.132189633012182e-06,1.5,17.816399925926454,0.0561280620191287
9.0,17.605,18.16735844119854,0.0550437755294284,2.4781363223017986e-06,nan,17.80701481355445,0.0561576440784905
nan,nan,nan,nan,1.608037570223741e-06,nan,17.851926228154042,0.0560163641289819
nan,nan,nan,nan,1.1161453292371917e-06,nan,17.888530178736954,0.055901742066469
nan,nan,nan,nan,7.12052741469755e-07,nan,17.956663097900197,0.0556896342348226
Name:	200_10_80_11
Lambda:	200	Maximal Depth:	10	Filter time:	10 to 80 [us]
Chi2:	0.1745538333922736	RelRMS:	2.73336520623665	AbsRMS:	3.220649765509441e-07	Phi model:	0.0002260558701508
depth_vector,start_model,resistivity_model,conductivity_model,E/I[V/A],modelled_thickness,rhoa,sigma
0.0,17.605,17.651862243654072,0.0566512465481937,8.948788629111566e-05,1.0,17.202739939814183,0.0581302747991667
1.0,17.605,17.652341670182064,0.0566497079358699,5.75237657536034e-05,1.0,17.239182223424432,0.0580073919423631
2.0,17.605,17.655767417863604,0.0566387161958323,3.9041014510175845e-05,1.0,17.426281344462208,0.0573845894160192
3.0,17.605,17.666672217917753,0.0566037557987739,2.446697488871249e-05,1.0,17.613949934504866,0.0567731828305614
4.0,17.605,17.691590221379172,0.0565240313327833,1.4611772165156166e-05,1.0,17.578006421833432,0.0568892726514146
5.0,17.605,17.738971754386498,0.0563730532888818,9.461399610436262e-06,1.0,17.629273948704693,0.0567238334890969
6.0,17.605,17.817373042760526,0.0561249965188507,6.519693402762754e-06,1.5,17.713305005538754,0.0564547383837917
7.5,17.605,17.955909672924303,0.0556919709563865,4.132189633012182e-06,1.5,17.816399925926454,0.0561280620191287
9.0,17.605,18.16735844119854,0.0550437755294284,2.4781363223017986e-06,nan,17.80701481355445,0.0561576440784905
nan,nan,nan,nan,1.608037570223741e-06,nan,17.851926228154042,0.0560163641289819
nan,nan,nan,nan,1.1161453292371917e-06,nan,17.888530178736954,0.055901742066469
nan,nan,nan,nan,7.12052741469755e-07,nan,17.956663097900197,0.0556896342348226
Name:	200_10_80_12
Lambda:	200	Maximal Depth:	10	Filter time:	10 to 80 [us]
Chi2:	0.1745538333922736	RelRMS:	2.73336520623665	AbsRMS:	3.220649765509441e-07	Phi model:	0.0002260558701508
depth_vector,start_model,resistivity_model,conductivity_model,E/I[V/A],modelled_thickness,rhoa,sigma
0.0,17.605,17.651862243654072,0.0566512465481937,8.948788629111566e-05,1.0,17.202739939814183,0.0581302747991667
1.0,17.605,17.652341670182064,0.0566497079358699,5.75237657536034e-05,1.0,17.239182223424432,0.0580073919423631
2.0,17.605,17.655767417863604,0.0566387161958323,3.9041014510175845e-05,1.0,17.426281344462208,0.0573845894160192
3.0,17.605,17.666672217917753,0.0566037557987739,2.446697488871249e-05,1.0,17.613949934504866,0.0567731828305614
4.0,17.605,17.691590221379172,0.0565240313327833,1.4611772165156166e-05,1.0,17.578006421833432,0.0568892726514146
5.0,17.605,17.738971754386498,0.0563730532888818,9.461399610436262e-06,1.0,17.629273948704693,0.0567238334890969
6.0,17.605,17.817373042760526,0.0561249965188507,6.519693402762754e-06,1.5,17.713305005538754,0.0564547383837917
7.5,17.605,17.955909672924303,0.0556919709563865,4.132189633012182e-06,1.5,17.816399925926454,0.0561280620191287
9.0,17.605,18.16735844119854,0.0550437755294284,2.4781363223017986e-06,nan,17.80701481355445,0.0561576440784905
nan,nan,nan,nan,1.608037570223741e-06,nan,17.851926228154042,0.0560163641289819
nan,nan,nan,nan,1.1161453292371917e-06,nan,17.888530178736954,0.055901742066469
nan,nan,nan,nan,7.12052741469755e-07,nan,17.956663097900197,0.0556896342348226
Name:	200_10_80_13
Lambda:	200	Maximal Depth:	10	Filter time:	10 to 80 [us]
Chi2:	0.1745538333922736	RelRMS:	2.73336520623665	AbsRMS:	3.220649765509441e-07	Phi model:	0.0002260558701508
depth_vector,start_model,resistivity_model,conductivity_model,E/I[V/A],modelled_thickness,rhoa,sigma
0.0,17.605,17.651862243654072,0.0566512465481937,8.948788629111566e-05,1.0,17.202739939814183,0.0581302747991667
1.0,17.605,17.652341670182064,0.0566497079358699,5.75237657536034e-05,1.0,17.239182223424432,0.0580073919423631
2.0,17.605,17.655767417863604,0.0566387161958323,3.9041014510175845e-05,1.0,17.426281344462208,0.0573845894160192
3.0,17.605,17.666672217917753,0.0566037557987739,2.446697488871249e-05,1.0,17.613949934504866,0.0567731828305614
4.0,17.605,17.691590221379172,0.0565240313327833,1.4611772165156166e-05,1.0,17.578006421833432,0.0568892726514146
5.0,17.605,17.738971754386498,0.0563730532888818,9.461399610436262e-06,1.0,17.629273948704693,0.0567238334890969
6.0,17.605,17.817373042760526,0.0561249965188507,6.519693402762754e-06,1.5,17.713305005538754,0.0564547383837917
7.5,17.605,17.955909672924303,0.0556919709563865,4.132189633012182e-06,1.5,17.816399925926454,0.0561280620191287
9.0,17.605,18.16735844119854,0.0550437755294284,2.4781363223017986e-06,nan,17.80701481355445,0.0561576440784905
nan,nan,nan,nan,1.608037570223741e-06,nan,17.851926228154042,0.0560163641289819
nan,nan,nan,nan,1.1161453292371917e-06,nan,17.888530178736954,0.055901742066469
nan,nan,nan,nan,7.12052741469755e-07,nan,17.956663097900197,0.0556896342348226
Name:	200_10_80_14
Lambda:	200	Maximal Depth:	10	Filter time:	10 to 80 [us]
Chi2:	0.1745538333922736	RelRMS:	2.73336520623665	AbsRMS:	3.220649765509441e-07	Phi model:	0.0002260558701508
depth_vector,start_model,resistivity_model,conductivity_model,E/I[V/A],modelled_thickness,rhoa,sigma
0.0,17.605,17.651862243654072,0.0566512465481937,8.948788629111566e-05,1.0,17.202739939814183,0.0581302747991667
1.0,17.605,17.652341670182064,0.0566497079358699,5.75237657536034e-05,1.0,17.239182223424432,0.0580073919423631
2.0,17.605,17.655767417863604,0.0566387161958323,3.9041014510175845e-05,1.0,17.426281344462208,0.0573845894160192
3.0,17.605,17.666672217917753,0.0566037557987739,2.446697488871249e-05,1.0,17.613949934504866,0.0567731828305614
4.0,17.605,17.691590221379172,0.0565240313327833,1.4611772165156166e-05,1.0,17.578006421833432,0.0568892726514146
5.0,17.605,17.738971754386498,0.0563730532888818,9.461399610436262e-06,1.0,17.629273948704693,0.0567238334890969
6.0,17.605,17.817373042760526,0.0561249965188507,6.519693402762754e-06,1.5,17.713305005538754,0.0564547383837917
7.5,17.605,17.955909672924303,0.0556919709563865,4.132189633012182e-06,1.5,17.816399925926454,0.0561280620191287
9.0,17.605,18.16735844119854,0.0550437755294284,2.4781363223017986e-06,nan,17.80701481355445,0.0561576440784905
nan,nan,nan,nan,1.608037570223741e-06,nan,17.851926228154042,0.0560163641289819
nan,nan,nan,nan,1.1161453292371917e-06,nan,17.888530178736954,0.055901742066469
nan,nan,nan,nan,7.12052741469755e-07,nan,17.956663097900197,0.0556896342348226
Name:	200_10_80_15
Lambda:	200	Maximal Depth:	10	Filter time:	10 to 80 [us]
Chi2:	0.1745538333922736	RelRMS:	2.73336520623665	AbsRMS:	3.220649765509441e-07	Phi model:	0.0002260558701508
depth_vector,start_model,resistivity_model,conductivity_model,E/I[V/A],modelled_thickness,rhoa,sigma
0.0,17.605,17.651862243654072,0.0566512465481937,8.948788629111566e-05,1.0,17.202739939814183,0.0581302747991667
1.0,17.605,17.652341670182064,0.0566497079358699,5.75237657536034e-05,1.0,17.239182223424432,0.0580073919423631
2.0,17.605,17.655767417863604,0.0566387161958323,3.9041014510175845e-05,1.0,17.426281344462208,0.0573845894160192
3.0,17.605,17.666672217917753,0.0566037557987739,2.446697488871249e-05,1.0,17.613949934504866,0.0567731828305614
4.0,17.605,17.691590221379172,0.0565240313327833,1.4611772165156166e-05,1.0,17.578006421833432,0.0568892726514146
5.0,17.605,17.738971754386498,0.0563730532888818,9.461399610436262e-06,1.0,17.629273948704693,0.0567238334890969
6.0,17.605,17.817373042760526,0.0561249965188507,6.519693402762754e-06,1.5,17.713305005538754,0.0564547383837917
7.5,17.605,17.955909672924303,0.0556919709563865,4.132189633012182e-06,1.5,17.816399925926454,0.0561280620191287
9.0,17.605,18.16735844119854,0.0550437755294284,2.4781363223017986e-06,nan,17.80701481355445,0.0561576440784905
nan,nan,nan,nan,1.608037570223741e-06,nan,17.851926228154042,0.0560163641289819
nan,nan,nan,nan,1.1161453292371917e-06,nan,17.888530178736954,0.055901742066469
nan,nan,nan,nan,7.12052741469755e-07,nan,17.956663097900197,0.0556896342348226
Name:	200_10_80_16
Lambda:	200	Maximal Depth:	10	Filter time:	10 to 80 [us]
Chi2:	0.1745538333922736	RelRMS:	2.73336520623665	AbsRMS:	3.220649765509441e-07	Phi model:	0.0002260558701508
depth_vector,start_model,resistivity_model,conductivity_model,E/I[V/A],modelled_thickness,rhoa,sigma
0.0,17.605,17.651862243654072,0.0566512465481937,8.948788629111566e-05,1.0,17.202739939814183,0.0581302747991667
1.0,17.605,17.652341670182064,0.0566497079358699,5.75237657536034e-05,1.0,17.239182223424432,0.0580073919423631
2.0,17.605,17.655767417863604,0.0566387161958323,3.9041014510175845e-05,1.0,17.426281344462208,0.0573845894160192
3.0,17.605,17.666672217917753,0.0566037557987739,2.446697488871249e-05,1.0,17.613949934504866,0.0567731828305614
4.0,17.605,17.691590221379172,0.0565240313327833,1.4611772165156166e-05,1.0,17.578006421833432,0.0568892726514146
5.0,17.605,17.738971754386498,0.0563730532888818,9.461399610436262e-06,1.0,17.629273948704693,0.0567238334890969
6.0,17.605,17.817373042760526,0.0561249965188507,6.519693402762754e-06,1.5,17.713305005538754,0.0564547383837917
7.5,17.605,17.955909672924303,0.0556919709563865,4.132189633012182e-06,1.5,17.816399925926454,0.0561280620191287
9.0,17.605,18.16735844119854,0.0550437755294284,2.4781363223017986e-06,nan,17.80701481355445,0.0561576440784905
nan,nan,nan,nan,1.608037570223741e-06,nan,17.851926228154042,0.0560163641289819
nan,nan,nan,nan,1.1161453292371917e-06,nan,17.888530178736954,0.055901742066469
nan,nan,nan,nan,7.12052741469755e-07,nan,17.956663097900197,0.0556896342348226
Name:	200_10_80_17
Lambda:	200	Maximal Depth:	10	Filter time:	10 to 80 [us]
Chi2:	0.1745538333922736	RelRMS:	2.73336520623665	AbsRMS:	3.220649765509441e-07	Phi model:	0.0002260558701508
depth_vector,start_model,resistivity_model,conductivity_model,E/I[V/A],modelled_thickness,rhoa,sigma
0.0,17.605,17.651862243654072,0.0566512465481937,8.948788629111566e-05,1.0,17.202739939814183,0.0581302747991667
1.0,17.605,17.652341670182064,0.0566497079358699,5.75237657536034e-05,1.0,17.239182223424432,0.0580073919423631
2.0,17.605,17.655767417863604,0.0566387161958323,3.9041014510175845e-05,1.0,17.426281344462208,0.0573845894160192
3.0,17.605,17.666672217917753,0.0566037557987739,2.446697488871249e-05,1.0,17.613949934504866,0.0567731828305614
4.0,17.605,17.691590221379172,0.0565240313327833,1.4611772165156166e-05,1.0,17.578006421833432,0.0568892726514146
5.0,17.605,17.738971754386498,0.0563730532888818,9.461399610436262e-06,1.0,17.629273948704693,0.0567238334890969
6.0,17.605,17.817373042760526,0.0561249965188507,6.519693402762754e-06,1.5,17.713305005538754,0.0564547383837917
7.5,17.605,17.955909672924303,0.0556919709563865,4.132189633012182e-06,1.5,17.816399925926454,0.0561280620191287
9.0,17.605,18.16735844119854,0.0550437755294284,2.4781363223017986e-06,nan,17.80701481355445,0.0561576440784905
nan,nan,nan,nan,1.608037570223741e-06,nan,17.851926228154042,0.0560163641289819
nan,nan,nan,nan,1.1161453292371917e-06,nan,17.888530178736954,0.055901742066469
nan,nan,nan,nan,7.12052741469755e-07,nan,17.956663097900197,0.0556896342348226
Name:	200_10_80_18
Lambda:	200	Maximal Depth:	10	Filter time:	10 to 80 [us]
Chi2:	0.1745538333922736	RelRMS:	2.73336520623665	AbsRMS:	3.220649765509441e-07	Phi model:	0.0002260558701508
depth_vector,start_model,resistivity_model,conductivity_model,E/I[V/A],modelled_thickness,rhoa,sigma
0.0,17.605,17.651862243654072,0.0566512465481937,8.948788629111566e-05,1.0,17.202739939814183,0.0581302747991667
1.0,17.605,17.652341670182064,0.0566497079358699,5.75237657536034e-05,1.0,17.239182223424432,0.0580073919423631
2.0,17.605,17.655767417863604,0.0566387161958323,3.9041014510175845e-05,1.0,17.426281344462208,0.0573845894160192
3.0,17.605,17.666672217917753,0.0566037557987739,2.446697488871249e-05,1.0,17.613949934504866,0.0567731828305614
4.0,17.605,17.691590221379172,0.0565240313327833,1.4611772165156166e-05,1.0,17.578006421833432,0.0568892726514146
5.0,17.605,17.738971754386498,0.0563730532888818,9.461399610436262e-06,1.0,17.629273948704693,0.0567238334890969
6.0,17.605,17.817373042760526,0.0561249965188507,6.519693402762754e-06,1.5,17.713305005538754,0.0564547383837917
7.5,17.605,17.955909672924303,0.0556919709563865,4.132189633012182e-06,1.5,17.816399925926454,0.0561280620191287
9.0,17.605,18.16735844119854,0.0550437755294284,2.4781363223017986e-06,nan,17.80701481355445,0.0561576440784905
nan,nan,nan,nan,1.608037570223741e-06,nan,17.851926228154042,0.0560163641289819
nan,nan,nan,nan,1.1161453292371917e-06,nan,17.888530178736954,0.055901742066469
nan,nan,nan,nan,7.12052741469755e-07,nan,17.956663097900197,0.0556896342348226
Name:	200_10_80_19
Lambda:	200	Maximal Depth:	10	Filter time:	10 to 80 [us]
Chi2:	0.1745538333922736	RelRMS:	2.73336520623665	AbsRMS:	3.220649765509441e-07	Phi model:	0.0002260558701508
depth_vector,start_model,resistivity_model,conductivity_model,E/I[V/A],modelled_thickness,rhoa,sigma
0.0,17.605,17.651862243654072,0.0566512465481937,8.948788629111566e-05,1.0,17.202739939814183,0.0581302747991667
1.0,17.605,17.652341670182064,0.0566497079358699,5.75237657536034e-05,1.0,17.239182223424432,0.0580073919423631
2.0,17.605,17.655767417863604,0.0566387161958323,3.9041014510175845e-05,1.0,17.426281344462208,0.0573845894160192
3.0,17.605,17.666672217917753,0.0566037557987739,2.446697488871249e-05,1.0,17.613949934504866,0.0567731828305614
4.0,17.605,17.691590221379172,0.0565240313327833,1.4611772165156166e-05,1.0,17.578006421833432,0.0568892726514146
5.0,17.605,17.738971754386498,0.0563730532888818,9.461399610436262e-06,1.0,17.629273948704693,0.0567238334890969
6.0,17.605,17.817373042760526,0.0561249965188507,6.519693402762754e-06,1.5,17.713305005538754,0.0564547383837917
7.5,17.605,17.955909672924303,0.0556919709563865,4.132189633012182e-06,1.5,17.816399925926454,0.0561280620191287
9.0,17.605,18.16735844119854,0.0550437755294284,2.4781363223017986e-06,nan,17.80701481355445,0.0561576440784905
nan,nan,nan,nan,1.608037570223741e-06,nan,17.851926228154042,0.0560163641289819
nan,nan,nan,nan,1.1161453292371917e-06,nan,17.888530178736954,0.055901742066469
nan,nan,nan,nan,7.12052741469755e-07,nan,17.956663097900197,0.0556896342348226
Name:	200_10_80_20
Lambda:	200	Maximal Depth:	10	Filter time:	10 to 80 [us]
Chi2:	0.1745538333922736	RelRMS:	2.73336520623665	AbsRMS:	3.220649765509441e-07	Phi model:	0.0002260558701508
depth_vector,start_model,resistivity_model,conductivity_model,E/I[V/A],modelled_thickness,rhoa,sigma
0.0,17.605,17.651862243654072,0.0566512465481937,8.948788629111566e-05,1.0,17.202739939814183,0.0581302747991667
1.0,17.605,17.652341670182064,0.0566497079358699,5.75237657536034e-05,1.0,17.239182223424432,0.0580073919423631
2.0,17.605,17.655767417863604,0.0566387161958323,3.9041014510175845e-05,1.0,17.426281344462208,0.0573845894160192
3.0,17.605,17.666672217917753,0.0566037557987739,2.446697488871249e-05,1.0,17.613949934504866,0.0567731828305614
4.0,17.605,17.691590221379172,0.0565240313327833,1.4611772165156166e-05,1.0,17.578006421833432,0.0568892726514146
5.0,17.605,17.738971754386498,0.0563730532888818,9.461399610436262e-06,1.0,17.629273948704693,0.0567238334890969
6.0,17.605,17.817373042760526,0.0561249965188507,6.519693402762754e-06,1.5,17.713305005538754,0.0564547383837917
7.5,17.605,17.955909672924303,0.0556919709563865,4.132189633012182e-06,1.5,17.816399925926454,0.0561280620191287
9.0,17.605,18.16735844119854,0.0550437755294284,2.4781363223017986e-06,nan,17.80701481355445,0.0561576440784905
nan,nan,nan,nan,1.608037570223741e-06,nan,17.851926228154042,0.0560163641289819
nan,nan,nan,nan,1.1161453292371917e-06,nan,17.888530178736954,0.055901742066469
nan,nan,nan,nan,7.12052741469755e-07,nan,17.956663097900197,0.0556896342348226
Name:	200_10_80_21
Lambda:	200	Maximal Depth:	10	Filter time:	10 to 80 [us]
Chi2:	0.1745538333922736	RelRMS:	2.73336520623665	AbsRMS:	3.220649765509441e-07	Phi model:	0.0002260558701508
depth_vector,start_model,resistivity_model,conductivity_model,E/I[V/A],modelled_thickness,rhoa,sigma
0.0,17.605,17.651862243654072,0.0566512465481937,8.948788629111566e-05,1.0,17.202739939814183,0.0581302747991667
1.0,17.605,17.652341670182064,0.0566497079358699,5.75237657536034e-05,1.0,17.239182223424432,0.0580073919423631
2.0,17.605,17.655767417863604,0.0566387161958323,3.9041014510175845e-05,1.0,17.426281344462208,0.0573845894160192
3.0,17.605,17.666672217917753,0.0566037557987739,2.446697488871249e-05,1.0,17.613949934504866,0.0567731828305614
4.0,17.605,17.691590221379172,0.0565240313327833,1.4611772165156166e-05,1.0,17.578006421833432,0.0568892726514146
5.0,17.605,17.738971754386498,0.0563730532888818,9.461399610436262e-06,1.0,17.629273948704693,0.0567238334890969
6.0,17.605,17.817373042760526,0.0561249965188507,6.519693402762754e-06,1.5,17.713305005538754,0.0564547383837917
7.5,17.605,17.955909672924303,0.0556919709563865,4.132189633012182e-06,1.5,17.816399925926454,0.0561280620191287
9.0,17.605,18.16735844119854,0.0550437755294284,2.4781363223017986e-06,nan,17.80701481355445,0.0561576440784905
nan,nan,nan,nan,1.608037570223741e-06,nan,17.851926228154042,0.0560163641289819
nan,nan,nan,nan,1.1161453292371917e-06,nan,17.888530178736954,0.055901742066469
nan,nan,nan,nan,7.12052741469755e-07,nan,17.956663097900197,0.0556896342348226
Name:	200_10_80_22
Lambda:	200	Maximal Depth:	10	Filter time:	10 to 80 [us]
Chi2:	0.1745538333922736	RelRMS:	2.73336520623665	AbsRMS:	3.220649765509441e-07	Phi model:	0.0002260558701508
depth_vector,start_model,resistivity_model,conductivity_model,E/I[V/A],modelled_thickness,rhoa,sigma
0.0,17.605,17.651862243654072,0.0566512465481937,8.948788629111566e-05,1.0,17.202739939814183,0.0581302747991667
1.0,17.605,17.652341670182064,0.0566497079358699,5.75237657536034e-05,1.0,17.239182223424432,0.0580073919423631
2.0,17.605,17.655767417863604,0.0566387161958323,3.9041014510175845e-05,1.0,17.426281344462208,0.0573845894160192
3.0,17.605,17.666672217917753,0.0566037557987739,2.446697488871249e-05,1.0,17.613949934504866,0.0567731828305614
4.0,17.605,17.691590221379172,0.0565240313327833,1.4611772165156166e-05,1.0,17.578006421833432,0.0568892726514146
5.0,17.605,17.738971754386498,0.0563730532888818,9.461399610436262e-06,1.0,17.629273948704693,0.0567238334890969
6.0,17.605,17.817373042760526,0.0561249965188507,6.519693402762754e-06,1.5,17.713305005538754,0.0564547383837917
7.5,17.605,17.955909672924303,0.0556919709563865,4.132189633012182e-06,1.5,17.816399925926454,0.0561280620191287
9.0,17.605,18.16735844119854,0.0550437755294284,2.4781363223017986e-06,nan,17.80701481355445,0.0561576440784905
nan,nan,nan,nan,1.608037570223741e-06,nan,17.851926228154042,0.0560163641289819
nan,nan,nan,nan,1.1161453292371917e-06,nan,17.888530178736954,0.055901742066469
nan,nan,nan,nan,7.12052741469755e-07,nan,17.956663097900197,0.0556896342348226
Name:	200_10_80_23
Lambda:	200	Maximal Depth:	10	Filter time:	10 to 80 [us]
Chi2:	0.1745538333922736	RelRMS:	2.73336520623665	AbsRMS:	3.220649765509441e-07	Phi model:	0.0002260558701508
depth_vector,start_model,resistivity_model,conductivity_model,E/I[V/A],modelled_thickness,rhoa,sigma
0.0,17.605,17.651862243654072,0.0566512465481937,8.948788629111566e-05,1.0,17.202739939814183,0.0581302747991667
1.0,17.605,17.652341670182064,0.0566497079358699,5.75237657536034e-05,1.0,17.239182223424432,0.0580073919423631
2.0,17.605,17.655767417863604,0.0566387161958323,3.9041014510175845e-05,1.0,17.426281344462208,0.0573845894160192
3.0,17.605,17.666672217917753,0.0566037557987739,2.446697488871249e-05,1.0,17.613949934504866,0.0567731828305614
4.0,17.605,17.691590221379172,0.0565240313327833,1.4611772165156166e-05,1.0,17.578006421833432,0.0568892726514146
5.0,17.605,17.738971754386498,0.0563730532888818,9.461399610436262e-06,1.0,17.629273948704693,0.0567238334890969
6.0,17.605,17.817373042760526,0.0561249965188507,6.519693402762754e-06,1.5,17.713305005538754,0.0564547383837917
7.5,17.605,17.955909672924303,0.0556919709563865,4.132189633012182e-06,1.5,17.816399925926454,0.0561280620191287
9.0,17.605,18.16735844119854,0.0550437755294284,2.4781363223017986e-06,nan,17.80701481355445,0.0561576440784905
nan,nan,nan,nan,1.608037570223741e-06,nan,17.851926228154042,0.0560163641289819
nan,nan,nan,nan,1.1161453292371917e-06,nan,17.888530178736954,0.055901742066469
nan,nan,nan,nan,7.12052741469755e-07,nan,17.956663097900197,0.0556896342348226
Name:	200_10_80_24
Lambda:	200.0	Maximal Depth:	10	Filter time:	10.0 to 80.0 [us]
Chi2:	0.17455383339227368	RelRMS:	2.73336520623665	AbsRMS:	3.2206497655094407e-07	Phi model:	0.00022605587015082782
depth_vector,start_model,resistivity_model,conductivity_model,E/I[V/A],modelled_thickness,rhoa,sigma
0.0,17.605,17.651862243654072,0.056651246548193784,8.948788629111566e-05,1.0,17.202739939814183,0.05813027479916676
1.0,17.605,17.652341670182064,0.05664970793586991,5.75237657536034e-05,1.0,17.239182223424432,0.05800739194236312
2.0,17.605,17.655767417863604,0.05663871619583233,3.9041014510175845e-05,1.0,17.426281344462208,0.05738458941601927
3.0,17.605,17.666672217917753,0.056603755798773914,2.4466974888712495e-05,1.0,17.613949934504866,0.05677318283056141
4.0,17.605,17.691590221379172,0.05652403133278336,1.4611772165156166e-05,1.0,17.578006421833432,0.05688927265141466
5.0,17.605,17.738971754386498,0.05637305328888185,9.461399610436262e-06,1.0,17.629273948704693,0.056723833489096966
6.0,17.605,17.817373042760526,0.056124996518850764,6.519693402762754e-06,1.5,17.713305005538754,0.056454738383791794
7.5,17.605,17.955909672924303,0.05569197095638652,4.132189633012182e-06,1.5,17.816399925926454,0.0561280620191287
9.0,17.605,18.16735844119854,0.05504377552942847,2.4781363223017986e-06,nan,17.80701481355445,0.056157644078490575
nan,nan,nan,nan,1.608037570223741e-06,nan,17.851926228154042,0.05601636412898194
nan,nan,nan,nan,1.1161453292371917e-06,nan,17.888530178736954,0.055901742066469015
nan,nan,nan,nan,7.12052741469755e-07,nan,17.956663097900197,0.055689634234822684
