Name:	10.0_10_80_1
Lambda:	10	Maximal Depth:	10	Filter time:	10 to 80 [us]
Chi2:	0.6002444914471504	RelRMS:	7.236138739088127	AbsRMS:	3.646516740791072e-07	Phi model:	0.0326291018305692
depth_vector,start_model,resistivity_model,conductivity_model,E/I[V/A],modelled_thickness,rhoa,sigma
0.0,18.0974,16.31783672282576,0.061282633046645,9.576941062631475e-05,1.0,16.442048096210787,0.0608196736895848
1.0,18.0974,16.246072989070147,0.0615533366538959,6.059449181321626e-05,1.0,16.651732848608777,0.0600538099602978
2.0,18.0974,16.137133673459527,0.0619688737935339,4.048264265263671e-05,1.0,17.010074452012674,0.0587886903623562
3.0,18.0974,16.056151083859636,0.0622814268984579,2.4878376487448e-05,1.0,17.419228570762034,0.0574078235403884
4.0,18.0974,16.10273033109089,0.0621012697498396,1.4571238338722166e-05,1.0,17.610589968298157,0.0567840147206969
5.0,18.0974,16.398057579239044,0.0609828325804918,9.27569963191087e-06,1.0,17.8637883995966,0.0559791673317504
6.0,18.0974,17.088765198028472,0.0585179788247877,6.296215527175373e-06,1.5,18.13000784762924,0.0551571741393793
7.5,18.0974,18.685415118785063,0.0535176764146206,3.91945539871218e-06,1.5,18.45537882230044,0.0541847452511598
9.0,18.0974,21.71078261226452,0.0460600623136954,2.309912984518983e-06,nan,18.66139771478742,0.0535865541951122
nan,nan,nan,nan,1.477080122971949e-06,nan,18.892082864725708,0.0529322260102482
nan,nan,nan,nan,1.0129198292586014e-06,nan,19.084103945529,0.0523996307531262
nan,nan,nan,nan,6.370876092914887e-07,nan,19.33901294157417,0.0517089472467461
Name:	12.742749857031335_10_80_1
Lambda:	12.742749857031336	Maximal Depth:	10	Filter time:	10 to 80 [us]
Chi2:	0.6115292000843233	RelRMS:	7.338240870755329	AbsRMS:	3.53596364977863e-07	Phi model:	0.0272698710678434
depth_vector,start_model,resistivity_model,conductivity_model,E/I[V/A],modelled_thickness,rhoa,sigma
0.0,18.0974,16.057246238268778,0.0622771791103712,9.574531897010846e-05,1.0,16.444806104394974,0.0608094734381054
1.0,18.0974,16.03931067837772,0.0623468190156127,6.056405306610907e-05,1.0,16.65731168525244,0.0600336968470939
2.0,18.0974,16.026370214884896,0.0623971608412755,4.045564896422373e-05,1.0,17.017640162681758,0.0587625540580482
3.0,18.0974,16.068703541042133,0.0622327742524986,2.486106967500249e-05,1.0,17.427311793750548,0.0573811963563193
4.0,18.0974,16.242346455899778,0.0615674590315591,1.4564946822827992e-05,1.0,17.615661016976418,0.0567676682150211
5.0,18.0974,16.644314932817316,0.0600805743003766,9.274292778081995e-06,1.0,17.86559490598752,0.0559735069143909
6.0,18.0974,17.393986227709153,0.0574911344017836,6.296806317758569e-06,1.5,18.12887381185851,0.0551606244479387
7.5,18.0974,18.91198662353224,0.0528765179410447,3.921286827587528e-06,1.5,18.44963201064948,0.0542016230688384
9.0,18.0974,21.595470520743145,0.0463060065785307,2.3121562448441727e-06,nan,18.64932553604808,0.0536212421230492
nan,nan,nan,nan,1.479155131851237e-06,nan,18.87441042905016,0.0529817873654411
nan,nan,nan,nan,1.0146915119822611e-06,nan,19.061883186037733,0.0524607138885664
nan,nan,nan,nan,6.384797927613321e-07,nan,19.310890675509256,0.0517842504938539
Name:	16.237767391887218_10_80_1
Lambda:	16.237767391887218	Maximal Depth:	10	Filter time:	10 to 80 [us]
Chi2:	0.6255361432938414	RelRMS:	7.44115593001355	AbsRMS:	3.414200249760791e-07	Phi model:	0.0236347593337519
depth_vector,start_model,resistivity_model,conductivity_model,E/I[V/A],modelled_thickness,rhoa,sigma
0.0,18.0974,15.8647584324446,0.0630327908400373,9.570795728971586e-05,1.0,16.44908555088124,0.0607936530518212
1.0,18.0974,15.885775939514534,0.0629493959758417,6.053167355811677e-05,1.0,16.663251357838874,0.0600122976317926
2.0,18.0974,15.945610117482833,0.062713185173366,4.043093570865517e-05,1.0,17.024574101596997,0.0587386206569593
3.0,18.0974,16.082851100046394,0.0621780301129017,2.484697950421406e-05,1.0,17.433899599117236,0.057359513533658
4.0,18.0974,16.356757002083736,0.0611368133593112,1.4560687069869258e-05,1.0,17.619096509889015,0.0567565992636871
5.0,18.0974,16.844405088697858,0.0593668933235863,9.274169245742012e-06,1.0,17.865753552639024,0.0559730098735346
6.0,18.0974,17.641673049649754,0.0566839662647445,6.298267588876962e-06,1.5,18.126069630780712,0.0551691580342301
7.5,18.0974,19.09175869372652,0.0523786213749179,3.923593953285736e-06,1.5,18.442398881489964,0.0542228810051206
9.0,18.0974,21.491496589191808,0.0465300308822097,2.314572207184451e-06,nan,18.6363457695761,0.0536585880281585
nan,nan,nan,nan,1.4812801588097622e-06,nan,18.856354773265565,0.0530325193826854
nan,nan,nan,nan,1.0164666946309163e-06,nan,19.039683290745383,0.0525218820465396
nan,nan,nan,nan,6.398472966008767e-07,nan,19.283366261677028,0.0518581655521089
Name:	20.6913808111479_10_80_1
Lambda:	20.6913808111479	Maximal Depth:	10	Filter time:	10 to 80 [us]
Chi2:	0.6397141223977418	RelRMS:	7.4917450757699555	AbsRMS:	3.568325284216617e-07	Phi model:	0.0216342661143405
depth_vector,start_model,resistivity_model,conductivity_model,E/I[V/A],modelled_thickness,rhoa,sigma
0.0,18.0974,15.69151295175117,0.0637287177517449,9.578446286461224e-05,1.0,16.4403255057117,0.0608260462758222
1.0,18.0974,15.74354890567229,0.0635180800714956,6.0563023176905486e-05,1.0,16.65750052585676,0.0600330162648196
2.0,18.0974,15.861874089789872,0.0630442528000956,4.044272593095997e-05,1.0,17.021265170877008,0.0587500394336713
3.0,18.0974,16.076598474463065,0.0622022128367797,2.485002697886857e-05,1.0,17.43247423639553,0.0573642035226531
4.0,18.0974,16.43432322043308,0.0608482616890899,1.4562782862088709e-05,1.0,17.617406043102047,0.0567620453064111
5.0,18.0974,16.996485090151804,0.0588356942447721,9.275954933358622e-06,1.0,17.86346062224148,0.055980194495736
6.0,18.0974,17.84010158497354,0.056053492477996,6.299733031830376e-06,1.5,18.123258532720754,0.0551777153205944
7.5,18.0974,19.2477457761898,0.0519541359091015,3.924893985283399e-06,1.5,18.43832623944111,0.0542348577096394
9.0,18.0974,21.442164794186223,0.0466370821042816,2.31577145248658e-06,nan,18.629911202663884,0.0536771211156932
nan,nan,nan,nan,1.482288207974128e-06,nan,18.84780479957149,0.0530565766482648
nan,nan,nan,nan,1.0172847646579656e-06,nan,19.02947449237648,0.0525500586156815
nan,nan,nan,nan,6.404684612734378e-07,nan,19.27089613641042,0.0518917227782988
Name:	26.366508987303583_10_80_1
Lambda:	26.366508987303583	Maximal Depth:	10	Filter time:	10 to 80 [us]
Chi2:	0.6535589469908343	RelRMS:	7.591942087343131	AbsRMS:	3.370611750991247e-07	Phi model:	0.0197489868664277
depth_vector,start_model,resistivity_model,conductivity_model,E/I[V/A],modelled_thickness,rhoa,sigma
0.0,18.0974,15.5857058069606,0.0641613547943012,9.570684648316464e-05,1.0,16.449212826461608,0.0607931826616842
1.0,18.0974,15.66152481776558,0.0638507432472765,6.051518197484991e-05,1.0,16.666278597265954,0.0600013970823724
2.0,18.0974,15.824679861714348,0.0631924316155907,4.041334862669282e-05,1.0,17.02951291312134,0.0587215855850753
3.0,18.0974,16.098505383948112,0.0621175678207434,2.4836127362956167e-05,1.0,17.438977722151627,0.057342810796172
4.0,18.0974,16.51907449959735,0.0605360790657112,1.4559150759155814e-05,1.0,17.620335956298465,0.0567526069014901
5.0,18.0974,17.13420526543087,0.0583627886154457,9.276392621956655e-06,1.0,17.862898715989036,0.0559819554429261
6.0,18.0974,18.003893658343124,0.0555435406905213,6.3016812287104585e-06,1.5,18.11952307504876,0.0551890905659121
7.5,18.0974,19.35636491138413,0.0516625928772331,3.92749223372473e-06,1.5,18.43019337613936,0.0542587904310678
9.0,18.0974,21.35152469621828,0.0468350627989165,2.318255087544479e-06,nan,18.616602869582337,0.0537154929395792
nan,nan,nan,nan,1.4843972525277902e-06,nan,18.82994781912429,0.0531068917240635
nan,nan,nan,nan,1.0190202451183525e-06,nan,19.00786245043711,0.0526098083152429
nan,nan,nan,nan,6.417839951491233e-07,nan,19.244552708579977,0.0519627561701738
Name:	33.59818286283781_10_80_1
Lambda:	33.59818286283781	Maximal Depth:	10	Filter time:	10 to 80 [us]
Chi2:	0.6670051627250132	RelRMS:	7.690917193264933	AbsRMS:	3.138315735595452e-07	Phi model:	0.0183235494322639
depth_vector,start_model,resistivity_model,conductivity_model,E/I[V/A],modelled_thickness,rhoa,sigma
0.0,18.0974,15.513913085543296,0.0644582701015551,9.560395232272232e-05,1.0,16.461013067276856,0.0607496024644994
1.0,18.0974,15.60784925186968,0.0640703266582491,6.045589562020056e-05,1.0,16.677172726163644,0.0599622020122853
2.0,18.0974,15.805208692323456,0.0632702813019923,4.037895224598451e-05,1.0,17.039182480177107,0.058688261667681
3.0,18.0974,16.12414263976799,0.062018801392493,2.48206384545026e-05,1.0,17.44623197133152,0.0573189673072814
4.0,18.0974,16.592429631902203,0.0602684490568701,1.4554948153797402e-05,1.0,17.62372759806764,0.0567416850059374
5.0,18.0974,17.246838211282824,0.0579816420696637,9.276619192081455e-06,1.0,17.86260786177571,0.0559828669888625
6.0,18.0974,18.133302777186728,0.0551471517509809,6.3035822594134345e-06,1.5,18.115879908368893,0.0552001892846527
7.5,18.0974,19.435662234740725,0.0514518099729335,3.930096595521769e-06,1.5,18.42205037113797,0.0542827741675655
9.0,18.0974,21.264970455958,0.0470256943018616,2.3207237894577704e-06,nan,18.60339808252061,0.0537536204710676
nan,nan,nan,nan,1.486485644485468e-06,nan,18.812307319017503,0.0531566906197142
nan,nan,nan,nan,1.0207373400316635e-06,nan,18.986539654164776,0.0526688916577089
nan,nan,nan,nan,6.43082574525942e-07,nan,19.21863691030041,0.0520328265041544
Name:	42.81332398719393_10_80_1
Lambda:	42.81332398719393	Maximal Depth:	10	Filter time:	10 to 80 [us]
Chi2:	0.677770026216971	RelRMS:	7.738877357681114	AbsRMS:	3.141914330216146e-07	Phi model:	0.0176401180894137
depth_vector,start_model,resistivity_model,conductivity_model,E/I[V/A],modelled_thickness,rhoa,sigma
0.0,18.0974,15.43832297740385,0.0647738748220023,9.560941938934962e-05,1.0,16.4603855537017,0.0607519184005452
1.0,18.0974,15.547012452954371,0.0643210393653458,6.045519516651942e-05,1.0,16.67730154403653,0.0599617388556232
2.0,18.0974,15.772465147353651,0.0634016300342107,4.0376805770227045e-05,1.0,17.039786356047202,0.0586861818044516
3.0,18.0974,16.129064831405294,0.0619998747883309,2.4819412708694308e-05,1.0,17.446806373042666,0.0573170801932619
4.0,18.0974,16.638417416398898,0.0601018699659737,1.4555623194694588e-05,1.0,17.623182707675454,0.0567434393995398
5.0,18.0974,17.328916067546114,0.0577070138779664,9.277967075035931e-06,1.0,17.86087779257191,0.0559882896917802
6.0,18.0974,18.235752144624584,0.0548373322947786,6.305043281557928e-06,1.5,18.113081225596883,0.0552087183591287
7.5,18.0974,19.50935972819444,0.0512574484212736,3.931510847790664e-06,1.5,18.41763222422304,0.054295795888724
9.0,18.0974,21.22503173455788,0.0471141816184818,2.3219485580074195e-06,nan,18.596855629099785,0.0537725312248609
nan,nan,nan,nan,1.4874840363678449e-06,nan,18.80388855903796,0.0531804896024741
nan,nan,nan,nan,1.021539636039624e-06,nan,18.97659726325313,0.0526964864210103
nan,nan,nan,nan,6.436805995541214e-07,nan,19.20673141318099,0.0520650796060869
Name:	54.5559478116852_10_80_1
Lambda:	54.5559478116852	Maximal Depth:	10	Filter time:	10 to 80 [us]
Chi2:	0.6875146396642933	RelRMS:	7.788848871943045	AbsRMS:	3.093119014946096e-07	Phi model:	0.0170833509814576
depth_vector,start_model,resistivity_model,conductivity_model,E/I[V/A],modelled_thickness,rhoa,sigma
0.0,18.0974,15.385645118816097,0.0649956496641818,9.558765433583968e-05,1.0,16.462884116097182,0.0607426981170458
1.0,18.0974,15.505637519934332,0.0644926723402621,6.044111327348109e-05,1.0,16.67989182125437,0.0599524271929479
2.0,18.0974,15.752619090714974,0.063481507058685,4.0368033580945794e-05,1.0,17.042254824367756,0.0586776814632625
3.0,18.0974,16.138043529067403,0.0619653800164082,2.4815564271283296e-05,1.0,17.448610112187858,0.057311155075985
4.0,18.0974,16.678621366104032,0.0599569939295042,1.4555284180315304e-05,1.0,17.623456353501957,0.0567425583234863
5.0,18.0974,17.395976405171474,0.0574845571590175,9.278931629200288e-06,1.0,17.859640000461756,0.0559921700534918
6.0,18.0974,18.31651342266411,0.0545955432087113,6.306405631904807e-06,1.5,18.11047252871796,0.0552166708192892
7.5,18.0974,19.56349069727404,0.0511156222309211,3.932961501035222e-06,1.5,18.413103111212816,0.0543091511495985
9.0,18.0974,21.18402399304448,0.0472053846015439,2.3232261580328868e-06,nan,18.590037087473032,0.053792254167898
nan,nan,nan,nan,1.4885324944535698e-06,nan,18.79505775679445,0.0532054762980708
nan,nan,nan,nan,1.02238687218895e-06,nan,18.96611207348174,0.0527256190475744
nan,nan,nan,nan,6.443132988121951e-07,nan,19.194155673556924,0.0520991919106742
Name:	69.51927961775606_10_80_1
Lambda:	69.51927961775606	Maximal Depth:	10	Filter time:	10 to 80 [us]
Chi2:	0.6965940135795784	RelRMS:	7.842865766135936	AbsRMS:	2.991587560238567e-07	Phi model:	0.0165789233182546
depth_vector,start_model,resistivity_model,conductivity_model,E/I[V/A],modelled_thickness,rhoa,sigma
0.0,18.0974,15.353217578917306,0.0651329270141509,9.5536323000631e-05,1.0,16.468780555202173,0.0607209499603247
1.0,18.0974,15.481663448828591,0.0645925422229524,6.041221387250176e-05,1.0,16.685210839017344,0.0599333151764292
2.0,18.0974,15.744713310613774,0.0635133825730496,4.035174160694813e-05,1.0,17.046841710933066,0.0586618927398525
3.0,18.0974,16.15151938030436,0.0619136798497997,2.4808641457154185e-05,1.0,17.451855966867157,0.0573004958268351
4.0,18.0974,16.71489495685015,0.0598268791147967,1.45537694374583e-05,1.0,17.62467915431188,0.056738621522954
5.0,18.0974,17.451001379389556,0.057303301871321,9.27947270816102e-06,1.0,17.858945739076546,0.0559943467330176
6.0,18.0974,18.379097855711336,0.0544096346757982,6.307679903087825e-06,1.5,18.108033340226115,0.0552241086158455
7.5,18.0974,19.600429070157496,0.0510192912828905,3.934486849740404e-06,1.5,18.40834379203303,0.0543231923141717
9.0,18.0974,21.1400041359835,0.0473036804329592,2.324600887666789e-06,nan,18.58270714262037,0.0538134725110341
nan,nan,nan,nan,1.4896712589889534e-06,nan,18.785478071381483,0.0532326085181424
nan,nan,nan,nan,1.0233132808867174e-06,nan,18.954663625472413,0.0527574648518763
nan,nan,nan,nan,6.450073461121919e-07,nan,19.18038421061413,0.0521365989867197
Name:	88.58667904100822_10_80_1
Lambda:	88.58667904100822	Maximal Depth:	10	Filter time:	10 to 80 [us]
Chi2:	0.7056898254151861	RelRMS:	7.90340468100774	AbsRMS:	2.8452661913448584e-07	Phi model:	0.0160734123334458
depth_vector,start_model,resistivity_model,conductivity_model,E/I[V/A],modelled_thickness,rhoa,sigma
0.0,18.0974,15.339217397026506,0.0651923741685706,9.545263869274251e-05,1.0,16.478404715222762,0.0606854860820476
1.0,18.0974,15.473734016431326,0.0646256423264168,6.03668916080873e-05,1.0,16.693561077855293,0.0599033361028367
2.0,18.0974,15.748253993864225,0.0634991028459165,4.032699348486585e-05,1.0,17.053815272891423,0.058637905008247
3.0,18.0974,16.1700983598005,0.0618425428064209,2.479821152288416e-05,1.0,17.45674903354002,0.0572844346950671
4.0,18.0974,16.748958399254544,0.0597052053126185,1.4550945273902986e-05,1.0,17.62695957278289,0.0567312811872594
5.0,18.0974,17.496583784819247,0.0571540143092185,9.279576558113524e-06,1.0,17.858812496349756,0.0559947645009652
6.0,18.0974,18.42644140719329,0.0542698385380924,6.3088998721236975e-06,1.5,18.10569886538809,0.0552312289867837
7.5,18.0974,19.62197720802828,0.0509632637627798,3.93614290074168e-06,1.5,18.40318014240544,0.0543384345673906
9.0,18.0974,21.09094814146219,0.0474137053153207,2.32612865599109e-06,nan,18.57456967929019,0.053837048032125
nan,nan,nan,nan,1.4909486137988948e-06,nan,18.77474702932216,0.0532630345664957
nan,nan,nan,nan,1.024359004724188e-06,nan,18.94176143168888,0.0527934006352247
nan,nan,nan,nan,6.457933854876628e-07,nan,19.16481721176848,0.0521789479623073
Name:	112.88378916846884_10_80_1
Lambda:	112.88378916846884	Maximal Depth:	10	Filter time:	10 to 80 [us]
Chi2:	0.7158676116316866	RelRMS:	7.97338278011421	AbsRMS:	2.67733549911976e-07	Phi model:	0.0155271845250871
depth_vector,start_model,resistivity_model,conductivity_model,E/I[V/A],modelled_thickness,rhoa,sigma
0.0,18.0974,15.342579199782037,0.0651780894840814,9.533324700951763e-05,1.0,16.492159791021503,0.0606348721253846
1.0,18.0974,15.481135974490336,0.0645947430245293,6.030329821693217e-05,1.0,16.70529524709087,0.0598612586733026
2.0,18.0974,15.763180056126332,0.0634389759197955,4.029276146387308e-05,1.0,17.063472986584145,0.0586047166826022
3.0,18.0974,16.194551124517808,0.0617491644140754,2.478383130919197e-05,1.0,17.46350094930195,0.0572622868062415
4.0,18.0974,16.782416501359695,0.0595861746083456,1.454669000341778e-05,1.0,17.6303969561026,0.056720220338196
5.0,18.0974,17.534950304777233,0.0570289611672044,9.279246453180172e-06,1.0,17.859236039876738,0.0559934365483027
6.0,18.0974,18.46092822492152,0.0541684571770362,6.310116655489743e-06,1.5,18.10337123580468,0.0552383303073523
7.5,18.0974,19.62939466199837,0.0509440060286706,3.938000189347727e-06,1.5,18.397393329734484,0.0543555264638369
9.0,18.0974,21.03474187971144,0.0475403979625025,2.327875439959228e-06,nan,18.56527656475152,0.0538639969360124
nan,nan,nan,nan,1.4924200867774178e-06,nan,18.762404179850755,0.0532980736591271
nan,nan,nan,nan,1.0255696544814165e-06,nan,18.92685176475059,0.0528349887466441
nan,nan,nan,nan,6.467058381907322e-07,nan,19.14678623802263,0.0522280860907169
Name:	143.8449888287663_10_80_1
Lambda:	143.8449888287663	Maximal Depth:	10	Filter time:	10 to 80 [us]
Chi2:	0.7228670365253748	RelRMS:	8.00695773814157	AbsRMS:	2.643672563924545e-07	Phi model:	0.0153051185678904
depth_vector,start_model,resistivity_model,conductivity_model,E/I[V/A],modelled_thickness,rhoa,sigma
0.0,18.0974,15.329824551143089,0.0652323186520379,9.530277438805625e-05,1.0,16.495675131595004,0.0606219504216986
1.0,18.0974,15.472200839374835,0.0646320462345036,6.028694478754152e-05,1.0,16.708316094781434,0.0598504358145542
2.0,18.0974,15.76150617131712,0.0634457131907739,4.028406948588008e-05,1.0,17.065927389370696,0.0585962882171195
3.0,18.0974,16.202514652017552,0.0617188147319761,2.4780547002674723e-05,1.0,17.46504393980733,0.0572572278344369
4.0,18.0974,16.800548215538203,0.0595218672135434,1.4546290265936562e-05,1.0,17.630719947878763,0.0567191812334535
5.0,18.0974,17.561142476557674,0.0569439033556556,9.279883588326143e-06,1.0,17.85841858154957,0.0559959996140503
6.0,18.0974,18.48959870482136,0.0540844620786301,6.311087438417426e-06,1.5,18.10151472592033,0.0552439956070669
7.5,18.0974,19.64437921913797,0.0509051463955541,3.939031014526767e-06,1.5,18.394183517735552,0.0543650115829173
9.0,18.0974,21.0099016153488,0.0475966055580883,2.328752215191584e-06,nan,18.56061638775304,0.0538775210428806
nan,nan,nan,nan,1.4931275869269546e-06,nan,18.756476821992965,0.0533149167346527
nan,nan,nan,nan,1.0261375183698598e-06,nan,18.919868381593258,0.052854490307812
nan,nan,nan,nan,6.471259044540067e-07,nan,19.13849955657044,0.05225070006372
Name:	183.29807108324357_10_80_1
Lambda:	183.2980710832436	Maximal Depth:	10	Filter time:	10 to 80 [us]
Chi2:	0.7320249661226446	RelRMS:	8.05814313122742	AbsRMS:	2.571898205893605e-07	Phi model:	0.0149562040034951
depth_vector,start_model,resistivity_model,conductivity_model,E/I[V/A],modelled_thickness,rhoa,sigma
0.0,18.0974,15.33504336899585,0.0652101188068228,9.52221428854716e-05,1.0,16.50498587516106,0.060587752547243
1.0,18.0974,15.479658492066834,0.0646009083800194,6.024461924655868e-05,1.0,16.716140923455963,0.0598224198144206
2.0,18.0974,15.773102605051148,0.0633990677065501,4.026174280995518e-05,1.0,17.072235945943067,0.05857463563451
3.0,18.0974,16.21925200365137,0.0616551244024616,2.477156025453866e-05,1.0,17.469267720651228,0.0572433839809927
4.0,18.0974,16.821891073326253,0.0594463485491031,1.4543930314951516e-05,1.0,17.632627112762616,0.0567130464226849
5.0,18.0974,17.584369030150008,0.0568686882244912,9.280033464783264e-06,1.0,17.85822630036714,0.0559966025281828
6.0,18.0974,18.509119660566768,0.0540274209869892,6.3121906016571e-06,1.5,18.099405631673424,0.0552504330998599
7.5,18.0974,19.645865196508485,0.0509012960232325,3.940478354342918e-06,1.5,18.389679112971447,0.0543783278575336
9.0,18.0974,20.97120956658321,0.0476844216746305,2.330052264828577e-06,nan,18.55371183103957,0.0538975709608167
nan,nan,nan,nan,1.4942018583369643e-06,nan,18.74748563965933,0.0533404862508363
nan,nan,nan,nan,1.027012611794714e-06,nan,18.90911940319606,0.0528845356929195
nan,nan,nan,nan,6.477797749286538e-07,nan,19.12561842369954,0.0522858909890646
Name:	233.57214690901213_10_80_1
Lambda:	233.57214690901213	Maximal Depth:	10	Filter time:	10 to 80 [us]
Chi2:	0.7449359834112705	RelRMS:	8.130918518315315	AbsRMS:	2.513025842186332e-07	Phi model:	0.0144551688401011
depth_vector,start_model,resistivity_model,conductivity_model,E/I[V/A],modelled_thickness,rhoa,sigma
0.0,18.0974,15.359351924972463,0.0651069136826092,9.508444700900212e-05,1.0,16.520916418277082,0.0605293298919968
1.0,18.0974,15.50469652021228,0.0644965864824491,6.017268542269448e-05,1.0,16.7294605492964,0.0597747905291577
2.0,18.0974,15.79927744265782,0.0632940337701782,4.022384511090178e-05,1.0,17.082957561503804,0.05853787298831
3.0,18.0974,16.24618533076908,0.0615529110151214,2.475606244720312e-05,1.0,17.476557708876857,0.0572195060753909
4.0,18.0974,16.847892421275095,0.0593546050150002,1.453936048053903e-05,1.0,17.636321634072598,0.0567011659658125
5.0,18.0974,17.605906751275768,0.0567991194164161,9.2796639123477e-06,1.0,17.85870042006831,0.0559951159086734
6.0,18.0974,18.520281694296145,0.0539948590689081,6.313481416989464e-06,1.5,18.096938552636885,0.0552579651575537
7.5,18.0974,19.633424159253543,0.0509335504539937,3.94243463493079e-06,1.5,18.383595165447502,0.0543963240595902
9.0,18.0974,20.915998829975823,0.0478102914486133,2.331863579134315e-06,nan,18.5441026480048,0.0539254996039181
nan,nan,nan,nan,1.4957174192424095e-06,nan,18.73481936262719,0.0533765488016837
nan,nan,nan,nan,1.0282565004958223e-06,nan,18.89386666892663,0.0529272285828409
nan,nan,nan,nan,6.487139764450882e-07,nan,19.10725237076116,0.0523361486306764
Name:	297.63514416313194_10_80_1
Lambda:	297.63514416313194	Maximal Depth:	10	Filter time:	10 to 80 [us]
Chi2:	0.7643544222120933	RelRMS:	8.230002948477264	AbsRMS:	2.578733150965247e-07	Phi model:	0.0137831077072842
depth_vector,start_model,resistivity_model,conductivity_model,E/I[V/A],modelled_thickness,rhoa,sigma
0.0,18.0974,15.404080716571642,0.0649178628961743,9.488358708544172e-05,1.0,16.544223718114644,0.0604440569130528
1.0,18.0974,15.548675624313333,0.0643141592352925,6.006800767131963e-05,1.0,16.748890682464296,0.0597054467044182
2.0,18.0974,15.841433421759286,0.0631256006559628,4.01687670944127e-05,1.0,17.098569699934,0.0584844239927191
3.0,18.0974,16.2847308961795,0.061407216758774,2.473343892591172e-05,1.0,17.48721321660576,0.0571846404348982
4.0,18.0974,16.879889824856257,0.0592420928321145,1.4532439450496108e-05,1.0,17.64192068603133,0.0566831706023816
5.0,18.0974,17.626840123194025,0.0567316656309921,9.278808874227969e-06,1.0,17.85979751743113,0.0559916762227568
6.0,18.0974,18.523640433772243,0.0539850686248909,6.315058450501091e-06,1.5,18.0939255779878,0.0552671666350032
7.5,18.0974,19.60648248484434,0.0510035393025236,3.945018058826298e-06,1.5,18.37556853484352,0.0544200849134987
9.0,18.0974,20.841677493861887,0.0479807827510291,2.334288671903281e-06,nan,18.531256776187707,0.0539628807736871
nan,nan,nan,nan,1.4977577522049578e-06,nan,18.71780105488136,0.0534250789966171
nan,nan,nan,nan,1.029936739251049e-06,nan,18.87331210872172,0.0529848706066743
nan,nan,nan,nan,6.49978697283557e-07,nan,19.08245854916139,0.0524041489425348
Name:	379.26901907322497_10_80_1
Lambda:	379.26901907322497	Maximal Depth:	10	Filter time:	10 to 80 [us]
Chi2:	0.783968475476826	RelRMS:	8.314822042340774	AbsRMS:	2.748818660646777e-07	Phi model:	0.013252364407249
depth_vector,start_model,resistivity_model,conductivity_model,E/I[V/A],modelled_thickness,rhoa,sigma
0.0,18.0974,15.440622232968094,0.0647642293757337,9.472636548641528e-05,1.0,16.562524784875947,0.0603772681392844
1.0,18.0974,15.584480007360549,0.0641664014152349,5.998674445457736e-05,1.0,16.764013597006596,0.0596515860723568
2.0,18.0974,15.8755090263096,0.0629901062285785,4.012654230295274e-05,1.0,17.110562708963673,0.0584434315229231
3.0,18.0974,16.315532757813283,0.0612912869499228,2.471659648120632e-05,1.0,17.49515643490447,0.0571586772442289
4.0,18.0974,16.904987370195308,0.0591541406155127,1.4527700647534687e-05,1.0,17.645756899513742,0.0566708475977903
5.0,18.0974,17.642595738763173,0.0566810017532093,9.278667321497546e-06,1.0,17.859979159656806,0.0559911067678544
6.0,18.0974,18.52490303556104,0.0539813891646485,6.316709738643813e-06,1.5,18.090772081106664,0.0552768005432097
7.5,18.0974,19.583369206602303,0.0510637362473287,3.947342850161124e-06,1.5,18.368352954052373,0.0544414625797672
9.0,18.0974,20.781128540717305,0.0481205820001863,2.33638907872583e-06,nan,18.52014874832848,0.0539952466683214
nan,nan,nan,nan,1.4994971219255e-06,nan,18.70332354622037,0.0534664332533606
nan,nan,nan,nan,1.0313571096821897e-06,nan,18.855980089881044,0.0530335731812023
nan,nan,nan,nan,6.510404159404383e-07,nan,19.061706419193445,0.0524612003777945
Name:	483.2930238571752_10_80_1
Lambda:	483.2930238571752	Maximal Depth:	10	Filter time:	10 to 80 [us]
Chi2:	0.815384206284126	RelRMS:	8.437900615109456	AbsRMS:	3.16432696290003e-07	Phi model:	0.012491583170645
depth_vector,start_model,resistivity_model,conductivity_model,E/I[V/A],modelled_thickness,rhoa,sigma
0.0,18.0974,15.502504867609128,0.0645057046290239,9.448620501855104e-05,1.0,16.590578125660116,0.0602751750075141
1.0,18.0974,15.644051112549812,0.0639220616709562,5.986250311144871e-05,1.0,16.787200775073426,0.0595691928272434
2.0,18.0974,15.930168544840646,0.0627739748757318,4.006181313835601e-05,1.0,17.12898847497868,0.0583805635376986
3.0,18.0974,16.36212914808655,0.0611167404284266,2.4690504234045115e-05,1.0,17.507479865768982,0.0571184435262566
4.0,18.0974,16.939534518245836,0.059033499351643,1.452001863704291e-05,1.0,17.65198016698927,0.0566508680918465
5.0,18.0974,17.660014596997367,0.056625094758983,9.278030453583652e-06,1.0,17.860796453628982,0.055988544665197
6.0,18.0974,18.51879904703389,0.0539991819912407,6.318864060382626e-06,1.5,18.08665999618211,0.05528936797679
7.5,18.0974,19.543085465089664,0.0511689928279916,3.950596376045331e-06,1.5,18.358266693320733,0.054471373398439
9.0,18.0974,20.693942760953068,0.0483233191253856,2.3393756298944227e-06,nan,18.50438296117016,0.0540412507727716
nan,nan,nan,nan,1.5019869196745256e-06,nan,18.682648546845904,0.0535256014420302
nan,nan,nan,nan,1.0333981891930295e-06,nan,18.83114343260864,0.0531035198992944
nan,nan,nan,nan,6.52570601369642e-07,nan,19.031896764505344,0.0525433703415735
Name:	615.8482110660261_10_80_1
Lambda:	615.8482110660261	Maximal Depth:	10	Filter time:	10 to 80 [us]
Chi2:	0.8641358691098868	RelRMS:	8.6036456116017	AbsRMS:	3.922075610292889e-07	Phi model:	0.0115116749261595
depth_vector,start_model,resistivity_model,conductivity_model,E/I[V/A],modelled_thickness,rhoa,sigma
0.0,18.0974,15.590633828572107,0.064141074121525,9.416249238175144e-05,1.0,16.62857986199603,0.060137426545093
1.0,18.0974,15.728275100666067,0.0635797627902408,5.9695142438948735e-05,1.0,16.818562411779325,0.0594581139289065
2.0,18.0974,16.00625705930649,0.0624755679166461,3.997465486332003e-05,1.0,17.15387743027945,0.0582958578353156
3.0,18.0974,16.42529485169441,0.0608817076971279,2.4655344344868368e-05,1.0,17.52412033748851,0.0570642052634589
4.0,18.0974,16.984194671882175,0.0588782700221594,1.4509585121899023e-05,1.0,17.660441246822607,0.0566237267814537
5.0,18.0974,17.67959188259576,0.0565623916344146,9.277069998008432e-06,1.0,17.862029185195304,0.0559846806671235
6.0,18.0974,18.50557874360041,0.0540377587675186,6.321668909103368e-06,1.5,18.0813097109932,0.0553057281791934
7.5,18.0974,19.485445180943003,0.051320356846556,3.954894571332589e-06,1.5,18.344963057588,0.0545108756480363
9.0,18.0974,20.57922486723667,0.048592695130712,2.343331458266213e-06,nan,18.483551998921023,0.0541021552598967
nan,nan,nan,nan,1.5052885940327928e-06,nan,18.65531974830034,0.0536040128763329
nan,nan,nan,nan,1.0361069581489668e-06,nan,18.79830803958532,0.0531962769146142
nan,nan,nan,nan,6.546025239370147e-07,nan,18.992492318700418,0.0526523840694345
Name:	784.7599703514607_10_80_1
Lambda:	784.7599703514607	Maximal Depth:	10	Filter time:	10 to 80 [us]
Chi2:	0.9219093729597924	RelRMS:	8.774658940590193	AbsRMS:	4.776838723964798e-07	Phi model:	0.0105817137044572
depth_vector,start_model,resistivity_model,conductivity_model,E/I[V/A],modelled_thickness,rhoa,sigma
0.0,18.0974,15.679521982228383,0.0637774545125437,9.384942096150944e-05,1.0,16.665540082880327,0.0600040559757946
1.0,18.0974,15.812980429293225,0.0632391853307755,5.9534165928198207e-05,1.0,16.848866297646158,0.0593511742769128
2.0,18.0974,16.082299750326694,0.0621801617632258,3.989152026876701e-05,1.0,17.177701804724467,0.0582150052066316
3.0,18.0974,16.487716667885977,0.0606512120594451,2.462246206812192e-05,1.0,17.53971869082064,0.057013457149877
4.0,18.0974,17.027377786677643,0.0587289489038299,1.4500364349385132e-05,1.0,17.667927295842574,0.0565997348333728
5.0,18.0974,17.69711975489278,0.0565063701805785,9.276814323949996e-06,1.0,17.862357375193646,0.0559836520452082
6.0,18.0974,18.490156035095893,0.0540828318647995,6.324912768724519e-06,1.5,18.075126938482867,0.0553246460400202
7.5,18.0974,19.426565318207253,0.051475903414731,3.959436884343771e-06,1.5,18.33093000060943,0.054552605894341
9.0,18.0974,20.46600541008544,0.0488615135177874,2.3474147416469123e-06,nan,18.462111254741902,0.0541649861276377
nan,nan,nan,nan,1.5086632400402069e-06,nan,18.627489992733786,0.0536840980931988
nan,nan,nan,nan,1.0388611216383825e-06,nan,18.7650687444402,0.0532905055461779
nan,nan,nan,nan,6.566596748437395e-07,nan,18.952805753097124,0.0527626364680378
Name:	1000.0_10_80_1
Lambda:	1000	Maximal Depth:	10	Filter time:	10 to 80 [us]
Chi2:	0.8326763866184596	RelRMS:	8.252146594930133	AbsRMS:	7.719926657152172e-07	Phi model:	0.0104850733721083
depth_vector,start_model,resistivity_model,conductivity_model,E/I[V/A],modelled_thickness,rhoa,sigma
0.0,18.0974,15.733443032611842,0.0635588788752231,9.29482157918249e-05,1.0,16.773090324620107,0.0596193057240123
1.0,18.0974,15.877152026214526,0.062983587884585,5.896043436937803e-05,1.0,16.957991638717708,0.0589692471434439
2.0,18.0974,16.165931602740795,0.0618584826766468,3.950644164066815e-05,1.0,17.289144663363693,0.0578397612762784
3.0,18.0974,16.596776075081724,0.0602526656668816,2.438518731217413e-05,1.0,17.653312578849718,0.0566465922774228
4.0,18.0974,17.162791100911914,0.0582655812868844,1.4361741455738536e-05,1.0,17.781435165021293,0.0562384301784114
5.0,18.0974,17.853676913078317,0.0560108713106302,9.188837890214936e-06,1.0,17.976188926182644,0.055629143869504
6.0,18.0974,18.65629382482021,0.0536012141205455,6.265352566321923e-06,1.5,18.18949769914165,0.0549767792679172
7.5,18.0974,19.57641142731901,0.0510818851408329,3.922529745656859e-06,1.5,18.44573442521576,0.0542130758769342
9.0,18.0974,20.57022747576996,0.0486139495140692,2.3258165067619262e-06,nan,18.576231578213367,0.053832231569121
nan,nan,nan,nan,1.49493698527646e-06,nan,18.7413391547157,0.0533579800111765
nan,nan,nan,nan,1.0294939671613846e-06,nan,18.878723166460123,0.0529696839761174
nan,nan,nan,nan,6.508054721870272e-07,nan,19.06629371870828,0.0524485783526337
Name:	200_10_80_1
Lambda:	200	Maximal Depth:	10	Filter time:	10 to 80 [us]
Chi2:	0.738423871449645	RelRMS:	8.098814987999491	AbsRMS:	2.523962184028122e-07	Phi model:	0.0146590698699371
depth_vector,start_model,resistivity_model,conductivity_model,E/I[V/A],modelled_thickness,rhoa,sigma
0.0,18.0974,15.353165294667818,0.0651331488202828,9.513472521088516e-05,1.0,16.51509509382515,0.0605506655770871
1.0,18.0974,15.49765482053627,0.0645258919223622,6.019877334549514e-05,1.0,16.724626913662046,0.0597920662243961
2.0,18.0974,15.790696192079924,0.0633284300980704,4.023740190200242e-05,1.0,17.079120284366894,0.0585510250733074
3.0,18.0974,16.23581995961635,0.0615922079998003,2.476137005263829e-05,1.0,17.474060216839604,0.0572276842125282
4.0,18.0974,16.836245526472933,0.059395665050597,1.454066771477708e-05,1.0,17.635264591879643,0.0567045645836502
5.0,18.0974,17.594538795891594,0.0568358177273452,9.279475839490962e-06,1.0,17.858941721446264,0.0559943593297653
6.0,18.0974,18.512130521160863,0.0540186338280685,6.312734815814469e-06,1.5,18.09836539638152,0.0552536087154
7.5,18.0974,19.635631861829165,0.0509278238172695,3.9415032654401e-06,1.5,18.38649105639256,0.054387756583512
9.0,18.0974,20.93929601522987,0.047757097434062,2.3310441069896173e-06,nan,18.54844847892465,0.0539128650644948
nan,nan,nan,nan,1.4950464325562944e-06,nan,18.74042448362864,0.0533605842745763
nan,nan,nan,nan,1.0277124232576257e-06,nan,18.90053443301585,0.0529085568211859
nan,nan,nan,nan,6.483092207621373e-07,nan,19.11520430092788,0.0523143767786703
Name:	200_10_80_2
Lambda:	200	Maximal Depth:	10	Filter time:	10 to 80 [us]
Chi2:	0.738423871449645	RelRMS:	8.098814987999491	AbsRMS:	2.523962184028122e-07	Phi model:	0.0146590698699371
depth_vector,start_model,resistivity_model,conductivity_model,E/I[V/A],modelled_thickness,rhoa,sigma
0.0,18.0974,15.353165294667818,0.0651331488202828,9.513472521088516e-05,1.0,16.51509509382515,0.0605506655770871
1.0,18.0974,15.49765482053627,0.0645258919223622,6.019877334549514e-05,1.0,16.724626913662046,0.0597920662243961
2.0,18.0974,15.790696192079924,0.0633284300980704,4.023740190200242e-05,1.0,17.079120284366894,0.0585510250733074
3.0,18.0974,16.23581995961635,0.0615922079998003,2.476137005263829e-05,1.0,17.474060216839604,0.0572276842125282
4.0,18.0974,16.836245526472933,0.059395665050597,1.454066771477708e-05,1.0,17.635264591879643,0.0567045645836502
5.0,18.0974,17.594538795891594,0.0568358177273452,9.279475839490962e-06,1.0,17.858941721446264,0.0559943593297653
6.0,18.0974,18.512130521160863,0.0540186338280685,6.312734815814469e-06,1.5,18.09836539638152,0.0552536087154
7.5,18.0974,19.635631861829165,0.0509278238172695,3.9415032654401e-06,1.5,18.38649105639256,0.054387756583512
9.0,18.0974,20.93929601522987,0.047757097434062,2.3310441069896173e-06,nan,18.54844847892465,0.0539128650644948
nan,nan,nan,nan,1.4950464325562944e-06,nan,18.74042448362864,0.0533605842745763
nan,nan,nan,nan,1.0277124232576257e-06,nan,18.90053443301585,0.0529085568211859
nan,nan,nan,nan,6.483092207621373e-07,nan,19.11520430092788,0.0523143767786703
Name:	200_10_80_3
Lambda:	200	Maximal Depth:	10	Filter time:	10 to 80 [us]
Chi2:	0.738423871449645	RelRMS:	8.098814987999491	AbsRMS:	2.523962184028122e-07	Phi model:	0.0146590698699371
depth_vector,start_model,resistivity_model,conductivity_model,E/I[V/A],modelled_thickness,rhoa,sigma
0.0,18.0974,15.353165294667818,0.0651331488202828,9.513472521088516e-05,1.0,16.51509509382515,0.0605506655770871
1.0,18.0974,15.49765482053627,0.0645258919223622,6.019877334549514e-05,1.0,16.724626913662046,0.0597920662243961
2.0,18.0974,15.790696192079924,0.0633284300980704,4.023740190200242e-05,1.0,17.079120284366894,0.0585510250733074
3.0,18.0974,16.23581995961635,0.0615922079998003,2.476137005263829e-05,1.0,17.474060216839604,0.0572276842125282
4.0,18.0974,16.836245526472933,0.059395665050597,1.454066771477708e-05,1.0,17.635264591879643,0.0567045645836502
5.0,18.0974,17.594538795891594,0.0568358177273452,9.279475839490962e-06,1.0,17.858941721446264,0.0559943593297653
6.0,18.0974,18.512130521160863,0.0540186338280685,6.312734815814469e-06,1.5,18.09836539638152,0.0552536087154
7.5,18.0974,19.635631861829165,0.0509278238172695,3.9415032654401e-06,1.5,18.38649105639256,0.054387756583512
9.0,18.0974,20.93929601522987,0.047757097434062,2.3310441069896173e-06,nan,18.54844847892465,0.0539128650644948
nan,nan,nan,nan,1.4950464325562944e-06,nan,18.74042448362864,0.0533605842745763
nan,nan,nan,nan,1.0277124232576257e-06,nan,18.90053443301585,0.0529085568211859
nan,nan,nan,nan,6.483092207621373e-07,nan,19.11520430092788,0.0523143767786703
Name:	200_10_80_4
Lambda:	200	Maximal Depth:	10	Filter time:	10 to 80 [us]
Chi2:	0.738423871449645	RelRMS:	8.098814987999491	AbsRMS:	2.523962184028122e-07	Phi model:	0.0146590698699371
depth_vector,start_model,resistivity_model,conductivity_model,E/I[V/A],modelled_thickness,rhoa,sigma
0.0,18.0974,15.353165294667818,0.0651331488202828,9.513472521088516e-05,1.0,16.51509509382515,0.0605506655770871
1.0,18.0974,15.49765482053627,0.0645258919223622,6.019877334549514e-05,1.0,16.724626913662046,0.0597920662243961
2.0,18.0974,15.790696192079924,0.0633284300980704,4.023740190200242e-05,1.0,17.079120284366894,0.0585510250733074
3.0,18.0974,16.23581995961635,0.0615922079998003,2.476137005263829e-05,1.0,17.474060216839604,0.0572276842125282
4.0,18.0974,16.836245526472933,0.059395665050597,1.454066771477708e-05,1.0,17.635264591879643,0.0567045645836502
5.0,18.0974,17.594538795891594,0.0568358177273452,9.279475839490962e-06,1.0,17.858941721446264,0.0559943593297653
6.0,18.0974,18.512130521160863,0.0540186338280685,6.312734815814469e-06,1.5,18.09836539638152,0.0552536087154
7.5,18.0974,19.635631861829165,0.0509278238172695,3.9415032654401e-06,1.5,18.38649105639256,0.054387756583512
9.0,18.0974,20.93929601522987,0.047757097434062,2.3310441069896173e-06,nan,18.54844847892465,0.0539128650644948
nan,nan,nan,nan,1.4950464325562944e-06,nan,18.74042448362864,0.0533605842745763
nan,nan,nan,nan,1.0277124232576257e-06,nan,18.90053443301585,0.0529085568211859
nan,nan,nan,nan,6.483092207621373e-07,nan,19.11520430092788,0.0523143767786703
Name:	200_10_80_5
Lambda:	200	Maximal Depth:	10	Filter time:	10 to 80 [us]
Chi2:	0.738423871449645	RelRMS:	8.098814987999491	AbsRMS:	2.523962184028122e-07	Phi model:	0.0146590698699371
depth_vector,start_model,resistivity_model,conductivity_model,E/I[V/A],modelled_thickness,rhoa,sigma
0.0,18.0974,15.353165294667818,0.0651331488202828,9.513472521088516e-05,1.0,16.51509509382515,0.0605506655770871
1.0,18.0974,15.49765482053627,0.0645258919223622,6.019877334549514e-05,1.0,16.724626913662046,0.0597920662243961
2.0,18.0974,15.790696192079924,0.0633284300980704,4.023740190200242e-05,1.0,17.079120284366894,0.0585510250733074
3.0,18.0974,16.23581995961635,0.0615922079998003,2.476137005263829e-05,1.0,17.474060216839604,0.0572276842125282
4.0,18.0974,16.836245526472933,0.059395665050597,1.454066771477708e-05,1.0,17.635264591879643,0.0567045645836502
5.0,18.0974,17.594538795891594,0.0568358177273452,9.279475839490962e-06,1.0,17.858941721446264,0.0559943593297653
6.0,18.0974,18.512130521160863,0.0540186338280685,6.312734815814469e-06,1.5,18.09836539638152,0.0552536087154
7.5,18.0974,19.635631861829165,0.0509278238172695,3.9415032654401e-06,1.5,18.38649105639256,0.054387756583512
9.0,18.0974,20.93929601522987,0.047757097434062,2.3310441069896173e-06,nan,18.54844847892465,0.0539128650644948
nan,nan,nan,nan,1.4950464325562944e-06,nan,18.74042448362864,0.0533605842745763
nan,nan,nan,nan,1.0277124232576257e-06,nan,18.90053443301585,0.0529085568211859
nan,nan,nan,nan,6.483092207621373e-07,nan,19.11520430092788,0.0523143767786703
Name:	200_10_80_6
Lambda:	200	Maximal Depth:	10	Filter time:	10 to 80 [us]
Chi2:	0.738423871449645	RelRMS:	8.098814987999491	AbsRMS:	2.523962184028122e-07	Phi model:	0.0146590698699371
depth_vector,start_model,resistivity_model,conductivity_model,E/I[V/A],modelled_thickness,rhoa,sigma
0.0,18.0974,15.353165294667818,0.0651331488202828,9.513472521088516e-05,1.0,16.51509509382515,0.0605506655770871
1.0,18.0974,15.49765482053627,0.0645258919223622,6.019877334549514e-05,1.0,16.724626913662046,0.0597920662243961
2.0,18.0974,15.790696192079924,0.0633284300980704,4.023740190200242e-05,1.0,17.079120284366894,0.0585510250733074
3.0,18.0974,16.23581995961635,0.0615922079998003,2.476137005263829e-05,1.0,17.474060216839604,0.0572276842125282
4.0,18.0974,16.836245526472933,0.059395665050597,1.454066771477708e-05,1.0,17.635264591879643,0.0567045645836502
5.0,18.0974,17.594538795891594,0.0568358177273452,9.279475839490962e-06,1.0,17.858941721446264,0.0559943593297653
6.0,18.0974,18.512130521160863,0.0540186338280685,6.312734815814469e-06,1.5,18.09836539638152,0.0552536087154
7.5,18.0974,19.635631861829165,0.0509278238172695,3.9415032654401e-06,1.5,18.38649105639256,0.054387756583512
9.0,18.0974,20.93929601522987,0.047757097434062,2.3310441069896173e-06,nan,18.54844847892465,0.0539128650644948
nan,nan,nan,nan,1.4950464325562944e-06,nan,18.74042448362864,0.0533605842745763
nan,nan,nan,nan,1.0277124232576257e-06,nan,18.90053443301585,0.0529085568211859
nan,nan,nan,nan,6.483092207621373e-07,nan,19.11520430092788,0.0523143767786703
Name:	200_10_80_7
Lambda:	200	Maximal Depth:	10	Filter time:	10 to 80 [us]
Chi2:	0.738423871449645	RelRMS:	8.098814987999491	AbsRMS:	2.523962184028122e-07	Phi model:	0.0146590698699371
depth_vector,start_model,resistivity_model,conductivity_model,E/I[V/A],modelled_thickness,rhoa,sigma
0.0,18.0974,15.353165294667818,0.0651331488202828,9.513472521088516e-05,1.0,16.51509509382515,0.0605506655770871
1.0,18.0974,15.49765482053627,0.0645258919223622,6.019877334549514e-05,1.0,16.724626913662046,0.0597920662243961
2.0,18.0974,15.790696192079924,0.0633284300980704,4.023740190200242e-05,1.0,17.079120284366894,0.0585510250733074
3.0,18.0974,16.23581995961635,0.0615922079998003,2.476137005263829e-05,1.0,17.474060216839604,0.0572276842125282
4.0,18.0974,16.836245526472933,0.059395665050597,1.454066771477708e-05,1.0,17.635264591879643,0.0567045645836502
5.0,18.0974,17.594538795891594,0.0568358177273452,9.279475839490962e-06,1.0,17.858941721446264,0.0559943593297653
6.0,18.0974,18.512130521160863,0.0540186338280685,6.312734815814469e-06,1.5,18.09836539638152,0.0552536087154
7.5,18.0974,19.635631861829165,0.0509278238172695,3.9415032654401e-06,1.5,18.38649105639256,0.054387756583512
9.0,18.0974,20.93929601522987,0.047757097434062,2.3310441069896173e-06,nan,18.54844847892465,0.0539128650644948
nan,nan,nan,nan,1.4950464325562944e-06,nan,18.74042448362864,0.0533605842745763
nan,nan,nan,nan,1.0277124232576257e-06,nan,18.90053443301585,0.0529085568211859
nan,nan,nan,nan,6.483092207621373e-07,nan,19.11520430092788,0.0523143767786703
Name:	200_10_80_8
Lambda:	200	Maximal Depth:	10	Filter time:	10 to 80 [us]
Chi2:	0.738423871449645	RelRMS:	8.098814987999491	AbsRMS:	2.523962184028122e-07	Phi model:	0.0146590698699371
depth_vector,start_model,resistivity_model,conductivity_model,E/I[V/A],modelled_thickness,rhoa,sigma
0.0,18.0974,15.353165294667818,0.0651331488202828,9.513472521088516e-05,1.0,16.51509509382515,0.0605506655770871
1.0,18.0974,15.49765482053627,0.0645258919223622,6.019877334549514e-05,1.0,16.724626913662046,0.0597920662243961
2.0,18.0974,15.790696192079924,0.0633284300980704,4.023740190200242e-05,1.0,17.079120284366894,0.0585510250733074
3.0,18.0974,16.23581995961635,0.0615922079998003,2.476137005263829e-05,1.0,17.474060216839604,0.0572276842125282
4.0,18.0974,16.836245526472933,0.059395665050597,1.454066771477708e-05,1.0,17.635264591879643,0.0567045645836502
5.0,18.0974,17.594538795891594,0.0568358177273452,9.279475839490962e-06,1.0,17.858941721446264,0.0559943593297653
6.0,18.0974,18.512130521160863,0.0540186338280685,6.312734815814469e-06,1.5,18.09836539638152,0.0552536087154
7.5,18.0974,19.635631861829165,0.0509278238172695,3.9415032654401e-06,1.5,18.38649105639256,0.054387756583512
9.0,18.0974,20.93929601522987,0.047757097434062,2.3310441069896173e-06,nan,18.54844847892465,0.0539128650644948
nan,nan,nan,nan,1.4950464325562944e-06,nan,18.74042448362864,0.0533605842745763
nan,nan,nan,nan,1.0277124232576257e-06,nan,18.90053443301585,0.0529085568211859
nan,nan,nan,nan,6.483092207621373e-07,nan,19.11520430092788,0.0523143767786703
Name:	200_10_80_9
Lambda:	200	Maximal Depth:	10	Filter time:	10 to 80 [us]
Chi2:	0.738423871449645	RelRMS:	8.098814987999491	AbsRMS:	2.523962184028122e-07	Phi model:	0.0146590698699371
depth_vector,start_model,resistivity_model,conductivity_model,E/I[V/A],modelled_thickness,rhoa,sigma
0.0,18.0974,15.353165294667818,0.0651331488202828,9.513472521088516e-05,1.0,16.51509509382515,0.0605506655770871
1.0,18.0974,15.49765482053627,0.0645258919223622,6.019877334549514e-05,1.0,16.724626913662046,0.0597920662243961
2.0,18.0974,15.790696192079924,0.0633284300980704,4.023740190200242e-05,1.0,17.079120284366894,0.0585510250733074
3.0,18.0974,16.23581995961635,0.0615922079998003,2.476137005263829e-05,1.0,17.474060216839604,0.0572276842125282
4.0,18.0974,16.836245526472933,0.059395665050597,1.454066771477708e-05,1.0,17.635264591879643,0.0567045645836502
5.0,18.0974,17.594538795891594,0.0568358177273452,9.279475839490962e-06,1.0,17.858941721446264,0.0559943593297653
6.0,18.0974,18.512130521160863,0.0540186338280685,6.312734815814469e-06,1.5,18.09836539638152,0.0552536087154
7.5,18.0974,19.635631861829165,0.0509278238172695,3.9415032654401e-06,1.5,18.38649105639256,0.054387756583512
9.0,18.0974,20.93929601522987,0.047757097434062,2.3310441069896173e-06,nan,18.54844847892465,0.0539128650644948
nan,nan,nan,nan,1.4950464325562944e-06,nan,18.74042448362864,0.0533605842745763
nan,nan,nan,nan,1.0277124232576257e-06,nan,18.90053443301585,0.0529085568211859
nan,nan,nan,nan,6.483092207621373e-07,nan,19.11520430092788,0.0523143767786703
Name:	200_10_80_10
Lambda:	200	Maximal Depth:	10	Filter time:	10 to 80 [us]
Chi2:	0.738423871449645	RelRMS:	8.098814987999491	AbsRMS:	2.523962184028122e-07	Phi model:	0.0146590698699371
depth_vector,start_model,resistivity_model,conductivity_model,E/I[V/A],modelled_thickness,rhoa,sigma
0.0,18.0974,15.353165294667818,0.0651331488202828,9.513472521088516e-05,1.0,16.51509509382515,0.0605506655770871
1.0,18.0974,15.49765482053627,0.0645258919223622,6.019877334549514e-05,1.0,16.724626913662046,0.0597920662243961
2.0,18.0974,15.790696192079924,0.0633284300980704,4.023740190200242e-05,1.0,17.079120284366894,0.0585510250733074
3.0,18.0974,16.23581995961635,0.0615922079998003,2.476137005263829e-05,1.0,17.474060216839604,0.0572276842125282
4.0,18.0974,16.836245526472933,0.059395665050597,1.454066771477708e-05,1.0,17.635264591879643,0.0567045645836502
5.0,18.0974,17.594538795891594,0.0568358177273452,9.279475839490962e-06,1.0,17.858941721446264,0.0559943593297653
6.0,18.0974,18.512130521160863,0.0540186338280685,6.312734815814469e-06,1.5,18.09836539638152,0.0552536087154
7.5,18.0974,19.635631861829165,0.0509278238172695,3.9415032654401e-06,1.5,18.38649105639256,0.054387756583512
9.0,18.0974,20.93929601522987,0.047757097434062,2.3310441069896173e-06,nan,18.54844847892465,0.0539128650644948
nan,nan,nan,nan,1.4950464325562944e-06,nan,18.74042448362864,0.0533605842745763
nan,nan,nan,nan,1.0277124232576257e-06,nan,18.90053443301585,0.0529085568211859
nan,nan,nan,nan,6.483092207621373e-07,nan,19.11520430092788,0.0523143767786703
Name:	200_10_80_11
Lambda:	200	Maximal Depth:	10	Filter time:	10 to 80 [us]
Chi2:	0.738423871449645	RelRMS:	8.098814987999491	AbsRMS:	2.523962184028122e-07	Phi model:	0.0146590698699371
depth_vector,start_model,resistivity_model,conductivity_model,E/I[V/A],modelled_thickness,rhoa,sigma
0.0,18.0974,15.353165294667818,0.0651331488202828,9.513472521088516e-05,1.0,16.51509509382515,0.0605506655770871
1.0,18.0974,15.49765482053627,0.0645258919223622,6.019877334549514e-05,1.0,16.724626913662046,0.0597920662243961
2.0,18.0974,15.790696192079924,0.0633284300980704,4.023740190200242e-05,1.0,17.079120284366894,0.0585510250733074
3.0,18.0974,16.23581995961635,0.0615922079998003,2.476137005263829e-05,1.0,17.474060216839604,0.0572276842125282
4.0,18.0974,16.836245526472933,0.059395665050597,1.454066771477708e-05,1.0,17.635264591879643,0.0567045645836502
5.0,18.0974,17.594538795891594,0.0568358177273452,9.279475839490962e-06,1.0,17.858941721446264,0.0559943593297653
6.0,18.0974,18.512130521160863,0.0540186338280685,6.312734815814469e-06,1.5,18.09836539638152,0.0552536087154
7.5,18.0974,19.635631861829165,0.0509278238172695,3.9415032654401e-06,1.5,18.38649105639256,0.054387756583512
9.0,18.0974,20.93929601522987,0.047757097434062,2.3310441069896173e-06,nan,18.54844847892465,0.0539128650644948
nan,nan,nan,nan,1.4950464325562944e-06,nan,18.74042448362864,0.0533605842745763
nan,nan,nan,nan,1.0277124232576257e-06,nan,18.90053443301585,0.0529085568211859
nan,nan,nan,nan,6.483092207621373e-07,nan,19.11520430092788,0.0523143767786703
Name:	200_10_80_12
Lambda:	200	Maximal Depth:	10	Filter time:	10 to 80 [us]
Chi2:	0.738423871449645	RelRMS:	8.098814987999491	AbsRMS:	2.523962184028122e-07	Phi model:	0.0146590698699371
depth_vector,start_model,resistivity_model,conductivity_model,E/I[V/A],modelled_thickness,rhoa,sigma
0.0,18.0974,15.353165294667818,0.0651331488202828,9.513472521088516e-05,1.0,16.51509509382515,0.0605506655770871
1.0,18.0974,15.49765482053627,0.0645258919223622,6.019877334549514e-05,1.0,16.724626913662046,0.0597920662243961
2.0,18.0974,15.790696192079924,0.0633284300980704,4.023740190200242e-05,1.0,17.079120284366894,0.0585510250733074
3.0,18.0974,16.23581995961635,0.0615922079998003,2.476137005263829e-05,1.0,17.474060216839604,0.0572276842125282
4.0,18.0974,16.836245526472933,0.059395665050597,1.454066771477708e-05,1.0,17.635264591879643,0.0567045645836502
5.0,18.0974,17.594538795891594,0.0568358177273452,9.279475839490962e-06,1.0,17.858941721446264,0.0559943593297653
6.0,18.0974,18.512130521160863,0.0540186338280685,6.312734815814469e-06,1.5,18.09836539638152,0.0552536087154
7.5,18.0974,19.635631861829165,0.0509278238172695,3.9415032654401e-06,1.5,18.38649105639256,0.054387756583512
9.0,18.0974,20.93929601522987,0.047757097434062,2.3310441069896173e-06,nan,18.54844847892465,0.0539128650644948
nan,nan,nan,nan,1.4950464325562944e-06,nan,18.74042448362864,0.0533605842745763
nan,nan,nan,nan,1.0277124232576257e-06,nan,18.90053443301585,0.0529085568211859
nan,nan,nan,nan,6.483092207621373e-07,nan,19.11520430092788,0.0523143767786703
Name:	200_10_80_13
Lambda:	200	Maximal Depth:	10	Filter time:	10 to 80 [us]
Chi2:	0.738423871449645	RelRMS:	8.098814987999491	AbsRMS:	2.523962184028122e-07	Phi model:	0.0146590698699371
depth_vector,start_model,resistivity_model,conductivity_model,E/I[V/A],modelled_thickness,rhoa,sigma
0.0,18.0974,15.353165294667818,0.0651331488202828,9.513472521088516e-05,1.0,16.51509509382515,0.0605506655770871
1.0,18.0974,15.49765482053627,0.0645258919223622,6.019877334549514e-05,1.0,16.724626913662046,0.0597920662243961
2.0,18.0974,15.790696192079924,0.0633284300980704,4.023740190200242e-05,1.0,17.079120284366894,0.0585510250733074
3.0,18.0974,16.23581995961635,0.0615922079998003,2.476137005263829e-05,1.0,17.474060216839604,0.0572276842125282
4.0,18.0974,16.836245526472933,0.059395665050597,1.454066771477708e-05,1.0,17.635264591879643,0.0567045645836502
5.0,18.0974,17.594538795891594,0.0568358177273452,9.279475839490962e-06,1.0,17.858941721446264,0.0559943593297653
6.0,18.0974,18.512130521160863,0.0540186338280685,6.312734815814469e-06,1.5,18.09836539638152,0.0552536087154
7.5,18.0974,19.635631861829165,0.0509278238172695,3.9415032654401e-06,1.5,18.38649105639256,0.054387756583512
9.0,18.0974,20.93929601522987,0.047757097434062,2.3310441069896173e-06,nan,18.54844847892465,0.0539128650644948
nan,nan,nan,nan,1.4950464325562944e-06,nan,18.74042448362864,0.0533605842745763
nan,nan,nan,nan,1.0277124232576257e-06,nan,18.90053443301585,0.0529085568211859
nan,nan,nan,nan,6.483092207621373e-07,nan,19.11520430092788,0.0523143767786703
Name:	200_10_80_14
Lambda:	200	Maximal Depth:	10	Filter time:	10 to 80 [us]
Chi2:	0.738423871449645	RelRMS:	8.098814987999491	AbsRMS:	2.523962184028122e-07	Phi model:	0.0146590698699371
depth_vector,start_model,resistivity_model,conductivity_model,E/I[V/A],modelled_thickness,rhoa,sigma
0.0,18.0974,15.353165294667818,0.0651331488202828,9.513472521088516e-05,1.0,16.51509509382515,0.0605506655770871
1.0,18.0974,15.49765482053627,0.0645258919223622,6.019877334549514e-05,1.0,16.724626913662046,0.0597920662243961
2.0,18.0974,15.790696192079924,0.0633284300980704,4.023740190200242e-05,1.0,17.079120284366894,0.0585510250733074
3.0,18.0974,16.23581995961635,0.0615922079998003,2.476137005263829e-05,1.0,17.474060216839604,0.0572276842125282
4.0,18.0974,16.836245526472933,0.059395665050597,1.454066771477708e-05,1.0,17.635264591879643,0.0567045645836502
5.0,18.0974,17.594538795891594,0.0568358177273452,9.279475839490962e-06,1.0,17.858941721446264,0.0559943593297653
6.0,18.0974,18.512130521160863,0.0540186338280685,6.312734815814469e-06,1.5,18.09836539638152,0.0552536087154
7.5,18.0974,19.635631861829165,0.0509278238172695,3.9415032654401e-06,1.5,18.38649105639256,0.054387756583512
9.0,18.0974,20.93929601522987,0.047757097434062,2.3310441069896173e-06,nan,18.54844847892465,0.0539128650644948
nan,nan,nan,nan,1.4950464325562944e-06,nan,18.74042448362864,0.0533605842745763
nan,nan,nan,nan,1.0277124232576257e-06,nan,18.90053443301585,0.0529085568211859
nan,nan,nan,nan,6.483092207621373e-07,nan,19.11520430092788,0.0523143767786703
Name:	200_10_80_15
Lambda:	200	Maximal Depth:	10	Filter time:	10 to 80 [us]
Chi2:	0.738423871449645	RelRMS:	8.098814987999491	AbsRMS:	2.523962184028122e-07	Phi model:	0.0146590698699371
depth_vector,start_model,resistivity_model,conductivity_model,E/I[V/A],modelled_thickness,rhoa,sigma
0.0,18.0974,15.353165294667818,0.0651331488202828,9.513472521088516e-05,1.0,16.51509509382515,0.0605506655770871
1.0,18.0974,15.49765482053627,0.0645258919223622,6.019877334549514e-05,1.0,16.724626913662046,0.0597920662243961
2.0,18.0974,15.790696192079924,0.0633284300980704,4.023740190200242e-05,1.0,17.079120284366894,0.0585510250733074
3.0,18.0974,16.23581995961635,0.0615922079998003,2.476137005263829e-05,1.0,17.474060216839604,0.0572276842125282
4.0,18.0974,16.836245526472933,0.059395665050597,1.454066771477708e-05,1.0,17.635264591879643,0.0567045645836502
5.0,18.0974,17.594538795891594,0.0568358177273452,9.279475839490962e-06,1.0,17.858941721446264,0.0559943593297653
6.0,18.0974,18.512130521160863,0.0540186338280685,6.312734815814469e-06,1.5,18.09836539638152,0.0552536087154
7.5,18.0974,19.635631861829165,0.0509278238172695,3.9415032654401e-06,1.5,18.38649105639256,0.054387756583512
9.0,18.0974,20.93929601522987,0.047757097434062,2.3310441069896173e-06,nan,18.54844847892465,0.0539128650644948
nan,nan,nan,nan,1.4950464325562944e-06,nan,18.74042448362864,0.0533605842745763
nan,nan,nan,nan,1.0277124232576257e-06,nan,18.90053443301585,0.0529085568211859
nan,nan,nan,nan,6.483092207621373e-07,nan,19.11520430092788,0.0523143767786703
Name:	200_10_80_16
Lambda:	200	Maximal Depth:	10	Filter time:	10 to 80 [us]
Chi2:	0.738423871449645	RelRMS:	8.098814987999491	AbsRMS:	2.523962184028122e-07	Phi model:	0.0146590698699371
depth_vector,start_model,resistivity_model,conductivity_model,E/I[V/A],modelled_thickness,rhoa,sigma
0.0,18.0974,15.353165294667818,0.0651331488202828,9.513472521088516e-05,1.0,16.51509509382515,0.0605506655770871
1.0,18.0974,15.49765482053627,0.0645258919223622,6.019877334549514e-05,1.0,16.724626913662046,0.0597920662243961
2.0,18.0974,15.790696192079924,0.0633284300980704,4.023740190200242e-05,1.0,17.079120284366894,0.0585510250733074
3.0,18.0974,16.23581995961635,0.0615922079998003,2.476137005263829e-05,1.0,17.474060216839604,0.0572276842125282
4.0,18.0974,16.836245526472933,0.059395665050597,1.454066771477708e-05,1.0,17.635264591879643,0.0567045645836502
5.0,18.0974,17.594538795891594,0.0568358177273452,9.279475839490962e-06,1.0,17.858941721446264,0.0559943593297653
6.0,18.0974,18.512130521160863,0.0540186338280685,6.312734815814469e-06,1.5,18.09836539638152,0.0552536087154
7.5,18.0974,19.635631861829165,0.0509278238172695,3.9415032654401e-06,1.5,18.38649105639256,0.054387756583512
9.0,18.0974,20.93929601522987,0.047757097434062,2.3310441069896173e-06,nan,18.54844847892465,0.0539128650644948
nan,nan,nan,nan,1.4950464325562944e-06,nan,18.74042448362864,0.0533605842745763
nan,nan,nan,nan,1.0277124232576257e-06,nan,18.90053443301585,0.0529085568211859
nan,nan,nan,nan,6.483092207621373e-07,nan,19.11520430092788,0.0523143767786703
Name:	200_10_80_17
Lambda:	200	Maximal Depth:	10	Filter time:	10 to 80 [us]
Chi2:	0.738423871449645	RelRMS:	8.098814987999491	AbsRMS:	2.523962184028122e-07	Phi model:	0.0146590698699371
depth_vector,start_model,resistivity_model,conductivity_model,E/I[V/A],modelled_thickness,rhoa,sigma
0.0,18.0974,15.353165294667818,0.0651331488202828,9.513472521088516e-05,1.0,16.51509509382515,0.0605506655770871
1.0,18.0974,15.49765482053627,0.0645258919223622,6.019877334549514e-05,1.0,16.724626913662046,0.0597920662243961
2.0,18.0974,15.790696192079924,0.0633284300980704,4.023740190200242e-05,1.0,17.079120284366894,0.0585510250733074
3.0,18.0974,16.23581995961635,0.0615922079998003,2.476137005263829e-05,1.0,17.474060216839604,0.0572276842125282
4.0,18.0974,16.836245526472933,0.059395665050597,1.454066771477708e-05,1.0,17.635264591879643,0.0567045645836502
5.0,18.0974,17.594538795891594,0.0568358177273452,9.279475839490962e-06,1.0,17.858941721446264,0.0559943593297653
6.0,18.0974,18.512130521160863,0.0540186338280685,6.312734815814469e-06,1.5,18.09836539638152,0.0552536087154
7.5,18.0974,19.635631861829165,0.0509278238172695,3.9415032654401e-06,1.5,18.38649105639256,0.054387756583512
9.0,18.0974,20.93929601522987,0.047757097434062,2.3310441069896173e-06,nan,18.54844847892465,0.0539128650644948
nan,nan,nan,nan,1.4950464325562944e-06,nan,18.74042448362864,0.0533605842745763
nan,nan,nan,nan,1.0277124232576257e-06,nan,18.90053443301585,0.0529085568211859
nan,nan,nan,nan,6.483092207621373e-07,nan,19.11520430092788,0.0523143767786703
Name:	200_10_80_18
Lambda:	200	Maximal Depth:	10	Filter time:	10 to 80 [us]
Chi2:	0.738423871449645	RelRMS:	8.098814987999491	AbsRMS:	2.523962184028122e-07	Phi model:	0.0146590698699371
depth_vector,start_model,resistivity_model,conductivity_model,E/I[V/A],modelled_thickness,rhoa,sigma
0.0,18.0974,15.353165294667818,0.0651331488202828,9.513472521088516e-05,1.0,16.51509509382515,0.0605506655770871
1.0,18.0974,15.49765482053627,0.0645258919223622,6.019877334549514e-05,1.0,16.724626913662046,0.0597920662243961
2.0,18.0974,15.790696192079924,0.0633284300980704,4.023740190200242e-05,1.0,17.079120284366894,0.0585510250733074
3.0,18.0974,16.23581995961635,0.0615922079998003,2.476137005263829e-05,1.0,17.474060216839604,0.0572276842125282
4.0,18.0974,16.836245526472933,0.059395665050597,1.454066771477708e-05,1.0,17.635264591879643,0.0567045645836502
5.0,18.0974,17.594538795891594,0.0568358177273452,9.279475839490962e-06,1.0,17.858941721446264,0.0559943593297653
6.0,18.0974,18.512130521160863,0.0540186338280685,6.312734815814469e-06,1.5,18.09836539638152,0.0552536087154
7.5,18.0974,19.635631861829165,0.0509278238172695,3.9415032654401e-06,1.5,18.38649105639256,0.054387756583512
9.0,18.0974,20.93929601522987,0.047757097434062,2.3310441069896173e-06,nan,18.54844847892465,0.0539128650644948
nan,nan,nan,nan,1.4950464325562944e-06,nan,18.74042448362864,0.0533605842745763
nan,nan,nan,nan,1.0277124232576257e-06,nan,18.90053443301585,0.0529085568211859
nan,nan,nan,nan,6.483092207621373e-07,nan,19.11520430092788,0.0523143767786703
Name:	200_10_80_19
Lambda:	200	Maximal Depth:	10	Filter time:	10 to 80 [us]
Chi2:	0.738423871449645	RelRMS:	8.098814987999491	AbsRMS:	2.523962184028122e-07	Phi model:	0.0146590698699371
depth_vector,start_model,resistivity_model,conductivity_model,E/I[V/A],modelled_thickness,rhoa,sigma
0.0,18.0974,15.353165294667818,0.0651331488202828,9.513472521088516e-05,1.0,16.51509509382515,0.0605506655770871
1.0,18.0974,15.49765482053627,0.0645258919223622,6.019877334549514e-05,1.0,16.724626913662046,0.0597920662243961
2.0,18.0974,15.790696192079924,0.0633284300980704,4.023740190200242e-05,1.0,17.079120284366894,0.0585510250733074
3.0,18.0974,16.23581995961635,0.0615922079998003,2.476137005263829e-05,1.0,17.474060216839604,0.0572276842125282
4.0,18.0974,16.836245526472933,0.059395665050597,1.454066771477708e-05,1.0,17.635264591879643,0.0567045645836502
5.0,18.0974,17.594538795891594,0.0568358177273452,9.279475839490962e-06,1.0,17.858941721446264,0.0559943593297653
6.0,18.0974,18.512130521160863,0.0540186338280685,6.312734815814469e-06,1.5,18.09836539638152,0.0552536087154
7.5,18.0974,19.635631861829165,0.0509278238172695,3.9415032654401e-06,1.5,18.38649105639256,0.054387756583512
9.0,18.0974,20.93929601522987,0.047757097434062,2.3310441069896173e-06,nan,18.54844847892465,0.0539128650644948
nan,nan,nan,nan,1.4950464325562944e-06,nan,18.74042448362864,0.0533605842745763
nan,nan,nan,nan,1.0277124232576257e-06,nan,18.90053443301585,0.0529085568211859
nan,nan,nan,nan,6.483092207621373e-07,nan,19.11520430092788,0.0523143767786703
Name:	200_10_80_20
Lambda:	200	Maximal Depth:	10	Filter time:	10 to 80 [us]
Chi2:	0.738423871449645	RelRMS:	8.098814987999491	AbsRMS:	2.523962184028122e-07	Phi model:	0.0146590698699371
depth_vector,start_model,resistivity_model,conductivity_model,E/I[V/A],modelled_thickness,rhoa,sigma
0.0,18.0974,15.353165294667818,0.0651331488202828,9.513472521088516e-05,1.0,16.51509509382515,0.0605506655770871
1.0,18.0974,15.49765482053627,0.0645258919223622,6.019877334549514e-05,1.0,16.724626913662046,0.0597920662243961
2.0,18.0974,15.790696192079924,0.0633284300980704,4.023740190200242e-05,1.0,17.079120284366894,0.0585510250733074
3.0,18.0974,16.23581995961635,0.0615922079998003,2.476137005263829e-05,1.0,17.474060216839604,0.0572276842125282
4.0,18.0974,16.836245526472933,0.059395665050597,1.454066771477708e-05,1.0,17.635264591879643,0.0567045645836502
5.0,18.0974,17.594538795891594,0.0568358177273452,9.279475839490962e-06,1.0,17.858941721446264,0.0559943593297653
6.0,18.0974,18.512130521160863,0.0540186338280685,6.312734815814469e-06,1.5,18.09836539638152,0.0552536087154
7.5,18.0974,19.635631861829165,0.0509278238172695,3.9415032654401e-06,1.5,18.38649105639256,0.054387756583512
9.0,18.0974,20.93929601522987,0.047757097434062,2.3310441069896173e-06,nan,18.54844847892465,0.0539128650644948
nan,nan,nan,nan,1.4950464325562944e-06,nan,18.74042448362864,0.0533605842745763
nan,nan,nan,nan,1.0277124232576257e-06,nan,18.90053443301585,0.0529085568211859
nan,nan,nan,nan,6.483092207621373e-07,nan,19.11520430092788,0.0523143767786703
Name:	200_10_80_21
Lambda:	200	Maximal Depth:	10	Filter time:	10 to 80 [us]
Chi2:	0.738423871449645	RelRMS:	8.098814987999491	AbsRMS:	2.523962184028122e-07	Phi model:	0.0146590698699371
depth_vector,start_model,resistivity_model,conductivity_model,E/I[V/A],modelled_thickness,rhoa,sigma
0.0,18.0974,15.353165294667818,0.0651331488202828,9.513472521088516e-05,1.0,16.51509509382515,0.0605506655770871
1.0,18.0974,15.49765482053627,0.0645258919223622,6.019877334549514e-05,1.0,16.724626913662046,0.0597920662243961
2.0,18.0974,15.790696192079924,0.0633284300980704,4.023740190200242e-05,1.0,17.079120284366894,0.0585510250733074
3.0,18.0974,16.23581995961635,0.0615922079998003,2.476137005263829e-05,1.0,17.474060216839604,0.0572276842125282
4.0,18.0974,16.836245526472933,0.059395665050597,1.454066771477708e-05,1.0,17.635264591879643,0.0567045645836502
5.0,18.0974,17.594538795891594,0.0568358177273452,9.279475839490962e-06,1.0,17.858941721446264,0.0559943593297653
6.0,18.0974,18.512130521160863,0.0540186338280685,6.312734815814469e-06,1.5,18.09836539638152,0.0552536087154
7.5,18.0974,19.635631861829165,0.0509278238172695,3.9415032654401e-06,1.5,18.38649105639256,0.054387756583512
9.0,18.0974,20.93929601522987,0.047757097434062,2.3310441069896173e-06,nan,18.54844847892465,0.0539128650644948
nan,nan,nan,nan,1.4950464325562944e-06,nan,18.74042448362864,0.0533605842745763
nan,nan,nan,nan,1.0277124232576257e-06,nan,18.90053443301585,0.0529085568211859
nan,nan,nan,nan,6.483092207621373e-07,nan,19.11520430092788,0.0523143767786703
Name:	200_10_80_22
Lambda:	200	Maximal Depth:	10	Filter time:	10 to 80 [us]
Chi2:	0.738423871449645	RelRMS:	8.098814987999491	AbsRMS:	2.523962184028122e-07	Phi model:	0.0146590698699371
depth_vector,start_model,resistivity_model,conductivity_model,E/I[V/A],modelled_thickness,rhoa,sigma
0.0,18.0974,15.353165294667818,0.0651331488202828,9.513472521088516e-05,1.0,16.51509509382515,0.0605506655770871
1.0,18.0974,15.49765482053627,0.0645258919223622,6.019877334549514e-05,1.0,16.724626913662046,0.0597920662243961
2.0,18.0974,15.790696192079924,0.0633284300980704,4.023740190200242e-05,1.0,17.079120284366894,0.0585510250733074
3.0,18.0974,16.23581995961635,0.0615922079998003,2.476137005263829e-05,1.0,17.474060216839604,0.0572276842125282
4.0,18.0974,16.836245526472933,0.059395665050597,1.454066771477708e-05,1.0,17.635264591879643,0.0567045645836502
5.0,18.0974,17.594538795891594,0.0568358177273452,9.279475839490962e-06,1.0,17.858941721446264,0.0559943593297653
6.0,18.0974,18.512130521160863,0.0540186338280685,6.312734815814469e-06,1.5,18.09836539638152,0.0552536087154
7.5,18.0974,19.635631861829165,0.0509278238172695,3.9415032654401e-06,1.5,18.38649105639256,0.054387756583512
9.0,18.0974,20.93929601522987,0.047757097434062,2.3310441069896173e-06,nan,18.54844847892465,0.0539128650644948
nan,nan,nan,nan,1.4950464325562944e-06,nan,18.74042448362864,0.0533605842745763
nan,nan,nan,nan,1.0277124232576257e-06,nan,18.90053443301585,0.0529085568211859
nan,nan,nan,nan,6.483092207621373e-07,nan,19.11520430092788,0.0523143767786703
Name:	200_10_80_23
Lambda:	200	Maximal Depth:	10	Filter time:	10 to 80 [us]
Chi2:	0.738423871449645	RelRMS:	8.098814987999491	AbsRMS:	2.523962184028122e-07	Phi model:	0.0146590698699371
depth_vector,start_model,resistivity_model,conductivity_model,E/I[V/A],modelled_thickness,rhoa,sigma
0.0,18.0974,15.353165294667818,0.0651331488202828,9.513472521088516e-05,1.0,16.51509509382515,0.0605506655770871
1.0,18.0974,15.49765482053627,0.0645258919223622,6.019877334549514e-05,1.0,16.724626913662046,0.0597920662243961
2.0,18.0974,15.790696192079924,0.0633284300980704,4.023740190200242e-05,1.0,17.079120284366894,0.0585510250733074
3.0,18.0974,16.23581995961635,0.0615922079998003,2.476137005263829e-05,1.0,17.474060216839604,0.0572276842125282
4.0,18.0974,16.836245526472933,0.059395665050597,1.454066771477708e-05,1.0,17.635264591879643,0.0567045645836502
5.0,18.0974,17.594538795891594,0.0568358177273452,9.279475839490962e-06,1.0,17.858941721446264,0.0559943593297653
6.0,18.0974,18.512130521160863,0.0540186338280685,6.312734815814469e-06,1.5,18.09836539638152,0.0552536087154
7.5,18.0974,19.635631861829165,0.0509278238172695,3.9415032654401e-06,1.5,18.38649105639256,0.054387756583512
9.0,18.0974,20.93929601522987,0.047757097434062,2.3310441069896173e-06,nan,18.54844847892465,0.0539128650644948
nan,nan,nan,nan,1.4950464325562944e-06,nan,18.74042448362864,0.0533605842745763
nan,nan,nan,nan,1.0277124232576257e-06,nan,18.90053443301585,0.0529085568211859
nan,nan,nan,nan,6.483092207621373e-07,nan,19.11520430092788,0.0523143767786703
Name:	200_10_80_24
Lambda:	200	Maximal Depth:	10	Filter time:	10 to 80 [us]
Chi2:	0.738423871449645	RelRMS:	8.098814987999491	AbsRMS:	2.523962184028122e-07	Phi model:	0.0146590698699371
depth_vector,start_model,resistivity_model,conductivity_model,E/I[V/A],modelled_thickness,rhoa,sigma
0.0,18.0974,15.353165294667818,0.0651331488202828,9.513472521088516e-05,1.0,16.51509509382515,0.0605506655770871
1.0,18.0974,15.49765482053627,0.0645258919223622,6.019877334549514e-05,1.0,16.724626913662046,0.0597920662243961
2.0,18.0974,15.790696192079924,0.0633284300980704,4.023740190200242e-05,1.0,17.079120284366894,0.0585510250733074
3.0,18.0974,16.23581995961635,0.0615922079998003,2.476137005263829e-05,1.0,17.474060216839604,0.0572276842125282
4.0,18.0974,16.836245526472933,0.059395665050597,1.454066771477708e-05,1.0,17.635264591879643,0.0567045645836502
5.0,18.0974,17.594538795891594,0.0568358177273452,9.279475839490962e-06,1.0,17.858941721446264,0.0559943593297653
6.0,18.0974,18.512130521160863,0.0540186338280685,6.312734815814469e-06,1.5,18.09836539638152,0.0552536087154
7.5,18.0974,19.635631861829165,0.0509278238172695,3.9415032654401e-06,1.5,18.38649105639256,0.054387756583512
9.0,18.0974,20.93929601522987,0.047757097434062,2.3310441069896173e-06,nan,18.54844847892465,0.0539128650644948
nan,nan,nan,nan,1.4950464325562944e-06,nan,18.74042448362864,0.0533605842745763
nan,nan,nan,nan,1.0277124232576257e-06,nan,18.90053443301585,0.0529085568211859
nan,nan,nan,nan,6.483092207621373e-07,nan,19.11520430092788,0.0523143767786703
Name:	200_10_80_25
Lambda:	200	Maximal Depth:	10	Filter time:	10 to 80 [us]
Chi2:	0.738423871449645	RelRMS:	8.098814987999491	AbsRMS:	2.523962184028122e-07	Phi model:	0.0146590698699371
depth_vector,start_model,resistivity_model,conductivity_model,E/I[V/A],modelled_thickness,rhoa,sigma
0.0,18.0974,15.353165294667818,0.0651331488202828,9.513472521088516e-05,1.0,16.51509509382515,0.0605506655770871
1.0,18.0974,15.49765482053627,0.0645258919223622,6.019877334549514e-05,1.0,16.724626913662046,0.0597920662243961
2.0,18.0974,15.790696192079924,0.0633284300980704,4.023740190200242e-05,1.0,17.079120284366894,0.0585510250733074
3.0,18.0974,16.23581995961635,0.0615922079998003,2.476137005263829e-05,1.0,17.474060216839604,0.0572276842125282
4.0,18.0974,16.836245526472933,0.059395665050597,1.454066771477708e-05,1.0,17.635264591879643,0.0567045645836502
5.0,18.0974,17.594538795891594,0.0568358177273452,9.279475839490962e-06,1.0,17.858941721446264,0.0559943593297653
6.0,18.0974,18.512130521160863,0.0540186338280685,6.312734815814469e-06,1.5,18.09836539638152,0.0552536087154
7.5,18.0974,19.635631861829165,0.0509278238172695,3.9415032654401e-06,1.5,18.38649105639256,0.054387756583512
9.0,18.0974,20.93929601522987,0.047757097434062,2.3310441069896173e-06,nan,18.54844847892465,0.0539128650644948
nan,nan,nan,nan,1.4950464325562944e-06,nan,18.74042448362864,0.0533605842745763
nan,nan,nan,nan,1.0277124232576257e-06,nan,18.90053443301585,0.0529085568211859
nan,nan,nan,nan,6.483092207621373e-07,nan,19.11520430092788,0.0523143767786703
Name:	200_10_80_26
Lambda:	200	Maximal Depth:	10	Filter time:	10 to 80 [us]
Chi2:	0.738423871449645	RelRMS:	8.098814987999491	AbsRMS:	2.523962184028122e-07	Phi model:	0.0146590698699371
depth_vector,start_model,resistivity_model,conductivity_model,E/I[V/A],modelled_thickness,rhoa,sigma
0.0,18.0974,15.353165294667818,0.0651331488202828,9.513472521088516e-05,1.0,16.51509509382515,0.0605506655770871
1.0,18.0974,15.49765482053627,0.0645258919223622,6.019877334549514e-05,1.0,16.724626913662046,0.0597920662243961
2.0,18.0974,15.790696192079924,0.0633284300980704,4.023740190200242e-05,1.0,17.079120284366894,0.0585510250733074
3.0,18.0974,16.23581995961635,0.0615922079998003,2.476137005263829e-05,1.0,17.474060216839604,0.0572276842125282
4.0,18.0974,16.836245526472933,0.059395665050597,1.454066771477708e-05,1.0,17.635264591879643,0.0567045645836502
5.0,18.0974,17.594538795891594,0.0568358177273452,9.279475839490962e-06,1.0,17.858941721446264,0.0559943593297653
6.0,18.0974,18.512130521160863,0.0540186338280685,6.312734815814469e-06,1.5,18.09836539638152,0.0552536087154
7.5,18.0974,19.635631861829165,0.0509278238172695,3.9415032654401e-06,1.5,18.38649105639256,0.054387756583512
9.0,18.0974,20.93929601522987,0.047757097434062,2.3310441069896173e-06,nan,18.54844847892465,0.0539128650644948
nan,nan,nan,nan,1.4950464325562944e-06,nan,18.74042448362864,0.0533605842745763
nan,nan,nan,nan,1.0277124232576257e-06,nan,18.90053443301585,0.0529085568211859
nan,nan,nan,nan,6.483092207621373e-07,nan,19.11520430092788,0.0523143767786703
Name:	200_10_80_27
Lambda:	200	Maximal Depth:	10	Filter time:	10 to 80 [us]
Chi2:	0.738423871449645	RelRMS:	8.098814987999491	AbsRMS:	2.523962184028122e-07	Phi model:	0.0146590698699371
depth_vector,start_model,resistivity_model,conductivity_model,E/I[V/A],modelled_thickness,rhoa,sigma
0.0,18.0974,15.353165294667818,0.0651331488202828,9.513472521088516e-05,1.0,16.51509509382515,0.0605506655770871
1.0,18.0974,15.49765482053627,0.0645258919223622,6.019877334549514e-05,1.0,16.724626913662046,0.0597920662243961
2.0,18.0974,15.790696192079924,0.0633284300980704,4.023740190200242e-05,1.0,17.079120284366894,0.0585510250733074
3.0,18.0974,16.23581995961635,0.0615922079998003,2.476137005263829e-05,1.0,17.474060216839604,0.0572276842125282
4.0,18.0974,16.836245526472933,0.059395665050597,1.454066771477708e-05,1.0,17.635264591879643,0.0567045645836502
5.0,18.0974,17.594538795891594,0.0568358177273452,9.279475839490962e-06,1.0,17.858941721446264,0.0559943593297653
6.0,18.0974,18.512130521160863,0.0540186338280685,6.312734815814469e-06,1.5,18.09836539638152,0.0552536087154
7.5,18.0974,19.635631861829165,0.0509278238172695,3.9415032654401e-06,1.5,18.38649105639256,0.054387756583512
9.0,18.0974,20.93929601522987,0.047757097434062,2.3310441069896173e-06,nan,18.54844847892465,0.0539128650644948
nan,nan,nan,nan,1.4950464325562944e-06,nan,18.74042448362864,0.0533605842745763
nan,nan,nan,nan,1.0277124232576257e-06,nan,18.90053443301585,0.0529085568211859
nan,nan,nan,nan,6.483092207621373e-07,nan,19.11520430092788,0.0523143767786703
Name:	200_10_80_28
Lambda:	200	Maximal Depth:	10	Filter time:	10 to 80 [us]
Chi2:	0.738423871449645	RelRMS:	8.098814987999491	AbsRMS:	2.523962184028122e-07	Phi model:	0.0146590698699371
depth_vector,start_model,resistivity_model,conductivity_model,E/I[V/A],modelled_thickness,rhoa,sigma
0.0,18.0974,15.353165294667818,0.0651331488202828,9.513472521088516e-05,1.0,16.51509509382515,0.0605506655770871
1.0,18.0974,15.49765482053627,0.0645258919223622,6.019877334549514e-05,1.0,16.724626913662046,0.0597920662243961
2.0,18.0974,15.790696192079924,0.0633284300980704,4.023740190200242e-05,1.0,17.079120284366894,0.0585510250733074
3.0,18.0974,16.23581995961635,0.0615922079998003,2.476137005263829e-05,1.0,17.474060216839604,0.0572276842125282
4.0,18.0974,16.836245526472933,0.059395665050597,1.454066771477708e-05,1.0,17.635264591879643,0.0567045645836502
5.0,18.0974,17.594538795891594,0.0568358177273452,9.279475839490962e-06,1.0,17.858941721446264,0.0559943593297653
6.0,18.0974,18.512130521160863,0.0540186338280685,6.312734815814469e-06,1.5,18.09836539638152,0.0552536087154
7.5,18.0974,19.635631861829165,0.0509278238172695,3.9415032654401e-06,1.5,18.38649105639256,0.054387756583512
9.0,18.0974,20.93929601522987,0.047757097434062,2.3310441069896173e-06,nan,18.54844847892465,0.0539128650644948
nan,nan,nan,nan,1.4950464325562944e-06,nan,18.74042448362864,0.0533605842745763
nan,nan,nan,nan,1.0277124232576257e-06,nan,18.90053443301585,0.0529085568211859
nan,nan,nan,nan,6.483092207621373e-07,nan,19.11520430092788,0.0523143767786703
Name:	200_10_80_29
Lambda:	200	Maximal Depth:	10	Filter time:	10 to 80 [us]
Chi2:	0.738423871449645	RelRMS:	8.098814987999491	AbsRMS:	2.523962184028122e-07	Phi model:	0.0146590698699371
depth_vector,start_model,resistivity_model,conductivity_model,E/I[V/A],modelled_thickness,rhoa,sigma
0.0,18.0974,15.353165294667818,0.0651331488202828,9.513472521088516e-05,1.0,16.51509509382515,0.0605506655770871
1.0,18.0974,15.49765482053627,0.0645258919223622,6.019877334549514e-05,1.0,16.724626913662046,0.0597920662243961
2.0,18.0974,15.790696192079924,0.0633284300980704,4.023740190200242e-05,1.0,17.079120284366894,0.0585510250733074
3.0,18.0974,16.23581995961635,0.0615922079998003,2.476137005263829e-05,1.0,17.474060216839604,0.0572276842125282
4.0,18.0974,16.836245526472933,0.059395665050597,1.454066771477708e-05,1.0,17.635264591879643,0.0567045645836502
5.0,18.0974,17.594538795891594,0.0568358177273452,9.279475839490962e-06,1.0,17.858941721446264,0.0559943593297653
6.0,18.0974,18.512130521160863,0.0540186338280685,6.312734815814469e-06,1.5,18.09836539638152,0.0552536087154
7.5,18.0974,19.635631861829165,0.0509278238172695,3.9415032654401e-06,1.5,18.38649105639256,0.054387756583512
9.0,18.0974,20.93929601522987,0.047757097434062,2.3310441069896173e-06,nan,18.54844847892465,0.0539128650644948
nan,nan,nan,nan,1.4950464325562944e-06,nan,18.74042448362864,0.0533605842745763
nan,nan,nan,nan,1.0277124232576257e-06,nan,18.90053443301585,0.0529085568211859
nan,nan,nan,nan,6.483092207621373e-07,nan,19.11520430092788,0.0523143767786703
Name:	200_10_80_30
Lambda:	200	Maximal Depth:	10	Filter time:	10 to 80 [us]
Chi2:	0.738423871449645	RelRMS:	8.098814987999491	AbsRMS:	2.523962184028122e-07	Phi model:	0.0146590698699371
depth_vector,start_model,resistivity_model,conductivity_model,E/I[V/A],modelled_thickness,rhoa,sigma
0.0,18.0974,15.353165294667818,0.0651331488202828,9.513472521088516e-05,1.0,16.51509509382515,0.0605506655770871
1.0,18.0974,15.49765482053627,0.0645258919223622,6.019877334549514e-05,1.0,16.724626913662046,0.0597920662243961
2.0,18.0974,15.790696192079924,0.0633284300980704,4.023740190200242e-05,1.0,17.079120284366894,0.0585510250733074
3.0,18.0974,16.23581995961635,0.0615922079998003,2.476137005263829e-05,1.0,17.474060216839604,0.0572276842125282
4.0,18.0974,16.836245526472933,0.059395665050597,1.454066771477708e-05,1.0,17.635264591879643,0.0567045645836502
5.0,18.0974,17.594538795891594,0.0568358177273452,9.279475839490962e-06,1.0,17.858941721446264,0.0559943593297653
6.0,18.0974,18.512130521160863,0.0540186338280685,6.312734815814469e-06,1.5,18.09836539638152,0.0552536087154
7.5,18.0974,19.635631861829165,0.0509278238172695,3.9415032654401e-06,1.5,18.38649105639256,0.054387756583512
9.0,18.0974,20.93929601522987,0.047757097434062,2.3310441069896173e-06,nan,18.54844847892465,0.0539128650644948
nan,nan,nan,nan,1.4950464325562944e-06,nan,18.74042448362864,0.0533605842745763
nan,nan,nan,nan,1.0277124232576257e-06,nan,18.90053443301585,0.0529085568211859
nan,nan,nan,nan,6.483092207621373e-07,nan,19.11520430092788,0.0523143767786703
Name:	183_10_80_1
Lambda:	183	Maximal Depth:	10	Filter time:	10 to 80 [us]
Chi2:	0.7319142492436482	RelRMS:	8.05740943075803	AbsRMS:	2.5730604523163897e-07	Phi model:	0.0149616059624327
depth_vector,start_model,resistivity_model,conductivity_model,E/I[V/A],modelled_thickness,rhoa,sigma
0.0,18.0974,15.334727460028542,0.0652114621930254,9.522371203820218e-05,1.0,16.504804555374005,0.0605884181569661
1.0,18.0974,15.479343083392989,0.0646022246947191,6.0245442607997945e-05,1.0,16.715988619186362,0.0598229648740137
2.0,18.0974,15.772791054001598,0.0634003199925924,4.026218016735956e-05,1.0,17.072112311599582,0.0585750598255233
3.0,18.0974,16.218954275679472,0.0616562561927628,2.477174339111148e-05,1.0,17.469181620783015,0.0572436661148627
4.0,18.0974,16.821627993334836,0.0594472782536996,1.4543988823931772e-05,1.0,17.632579823226678,0.0567131985237203
5.0,18.0974,17.584176526625654,0.056869310796887,9.280043320774969e-06,1.0,17.858213655989285,0.0559966421761686
6.0,18.0974,18.50905310841531,0.0540276152509034,6.312180659194097e-06,1.5,18.099424637532444,0.0552503750824387
7.5,18.0974,19.64603998642936,0.0509008431567255,3.940459786056781e-06,1.5,18.389736883650357,0.054378157030026
9.0,18.0974,20.97178786858651,0.0476831067654414,2.3300343129316084e-06,nan,18.5538071297493,0.0538972941244276
nan,nan,nan,nan,1.494186577627999e-06,nan,18.74761345697831,0.0533401225865245
nan,nan,nan,nan,1.0269999535593217e-06,nan,18.909274778466163,0.0528841011469566
nan,nan,nan,nan,6.477701996350542e-07,nan,19.12580689893413,0.0522853757378325
Name:	183_10_80_2
Lambda:	183.0	Maximal Depth:	10	Filter time:	10.0 to 80.0 [us]
Chi2:	0.7319142492436482	RelRMS:	8.05740943075803	AbsRMS:	2.5730604523163897e-07	Phi model:	0.014961605962432782
depth_vector,start_model,resistivity_model,conductivity_model,E/I[V/A],modelled_thickness,rhoa,sigma
0.0,18.0974,15.334727460028542,0.06521146219302541,9.522371203820218e-05,1.0,16.504804555374005,0.06058841815696615
1.0,18.0974,15.479343083392989,0.06460222469471912,6.0245442607997945e-05,1.0,16.715988619186362,0.05982296487401379
2.0,18.0974,15.772791054001598,0.0634003199925924,4.026218016735956e-05,1.0,17.072112311599582,0.05857505982552339
3.0,18.0974,16.218954275679472,0.061656256192762854,2.477174339111148e-05,1.0,17.469181620783015,0.057243666114862764
4.0,18.0974,16.821627993334836,0.05944727825369969,1.4543988823931772e-05,1.0,17.632579823226678,0.05671319852372032
5.0,18.0974,17.584176526625654,0.05686931079688704,9.280043320774967e-06,1.0,17.858213655989285,0.05599664217616862
6.0,18.0974,18.50905310841531,0.0540276152509034,6.312180659194097e-06,1.5,18.099424637532444,0.05525037508243872
7.5,18.0974,19.64603998642936,0.05090084315672558,3.940459786056781e-06,1.5,18.389736883650354,0.054378157030026006
9.0,18.0974,20.97178786858651,0.047683106765441435,2.3300343129316084e-06,nan,18.5538071297493,0.05389729412442761
nan,nan,nan,nan,1.494186577627999e-06,nan,18.74761345697831,0.05334012258652453
nan,nan,nan,nan,1.0269999535593217e-06,nan,18.909274778466163,0.0528841011469566
nan,nan,nan,nan,6.477701996350542e-07,nan,19.125806898934126,0.05228537573783251
