Name:	10.0_10_80_1
Lambda:	10	Maximal Depth:	10	Filter time:	10 to 80 [us]
Chi2:	0.4207465360069231	RelRMS:	7.113584780794638	AbsRMS:	4.077819552739179e-07	Phi model:	0.0948817340729403
depth_vector,start_model,resistivity_model,conductivity_model,E/I[V/A],modelled_thickness,rhoa,sigma
0.0,17.1405,15.574534997513652,0.0642073744198232,0.0001097671589067,1.0,15.281996296394205,0.0654364770547648
1.0,17.1405,15.347975163760353,0.0651551744989267,6.896783110495046e-05,1.0,15.549093284231922,0.0643124317103482
2.0,17.1405,14.944097357278936,0.0669160522775182,4.57377569887312e-05,1.0,15.962103568138794,0.0626483843893892
3.0,17.1405,14.541576641620306,0.0687683340428053,2.7828198958925983e-05,1.0,16.455387875002696,0.0607703694131145
4.0,17.1405,14.339839621175935,0.0697357868998255,1.6118230783411652e-05,1.0,16.760277894845572,0.059664881827976
5.0,17.1405,14.571148252020702,0.0686287712336824,1.0157012543229269e-05,1.0,17.116512153872705,0.0584231174558389
6.0,17.1405,15.503654967085158,0.0645009194362901,6.831989999012862e-06,1.5,17.477292306690973,0.0572171010504391
7.5,17.1405,18.079631144079087,0.0553108629280576,4.205127425274298e-06,1.5,17.925664205097686,0.0557859384488314
9.0,17.1405,23.342922674367426,0.042839537017277,2.4497222849894856e-06,nan,18.26632842333997,0.0547455392689776
nan,nan,nan,nan,1.5510593821950693e-06,nan,18.61450575112427,0.0537215445507921
nan,nan,nan,nan,1.054961672845825e-06,nan,18.906825500204416,0.0528909519998049
nan,nan,nan,nan,6.570467739697186e-07,nan,19.285199383151816,0.0518532362633301
Name:	12.742749857031335_10_80_1
Lambda:	12.742749857031336	Maximal Depth:	10	Filter time:	10 to 80 [us]
Chi2:	0.4375968579465425	RelRMS:	7.246435465455302	AbsRMS:	4.120628867667577e-07	Phi model:	0.0773671756838208
depth_vector,start_model,resistivity_model,conductivity_model,E/I[V/A],modelled_thickness,rhoa,sigma
0.0,17.1405,15.115203969884998,0.0661585514818301,0.0001098435582499,1.0,15.27490943041687,0.0654668366156531
1.0,17.1405,14.970336108966636,0.0667987674238683,6.89648672753266e-05,1.0,15.549538772251518,0.0643105891850966
2.0,17.1405,14.738936796902804,0.0678474990278903,4.570929403378845e-05,1.0,15.968729230102838,0.0626223906480227
3.0,17.1405,14.544285458267588,0.0687555262078246,2.7800209896996897e-05,1.0,16.466430804134017,0.060729614808143
4.0,17.1405,14.553416474885095,0.068712388031065,1.610531426570035e-05,1.0,16.7692378979906,0.0596330021723781
5.0,17.1405,14.962111604457409,0.0668354859552101,1.0151748929225847e-05,1.0,17.122428174182765,0.0584029315134054
6.0,17.1405,16.000181796177404,0.0624992898667507,6.830158356961966e-06,1.5,17.480416754787264,0.0572068740710163
7.5,17.1405,18.45977458930892,0.0541718424112911,4.205974969379839e-06,1.5,17.923255995912736,0.0557934339736062
9.0,17.1405,23.144037517322047,0.0432076727862005,2.4520818139601506e-06,nan,18.254608627802646,0.0547806869152457
nan,nan,nan,nan,1.553591693620273e-06,nan,18.59427283295646,0.0537800003788049
nan,nan,nan,nan,1.0572401382584686e-06,nan,18.879651581753805,0.0529670791682642
nan,nan,nan,nan,6.589210348979419e-07,nan,19.248611637334903,0.0519517988539175
Name:	16.237767391887218_10_80_1
Lambda:	16.237767391887218	Maximal Depth:	10	Filter time:	10 to 80 [us]
Chi2:	0.4531123859127213	RelRMS:	7.369545248257331	AbsRMS:	4.1841167633555866e-07	Phi model:	0.0648901657534582
depth_vector,start_model,resistivity_model,conductivity_model,E/I[V/A],modelled_thickness,rhoa,sigma
0.0,17.1405,14.73159039152858,0.067881333476055,0.0001099150726902,1.0,15.268283132116736,0.0654952486371245
1.0,17.1405,14.664076815241812,0.0681938599067212,6.896665223047657e-05,1.0,15.549270474959624,0.0643116988421025
2.0,17.1405,14.573803597196896,0.0686162670802245,4.568816563788463e-05,1.0,15.973651987515572,0.0626030916900883
3.0,17.1405,14.557603154114044,0.0686926267609785,2.777856162284441e-05,1.0,16.474984727330842,0.0606980835825037
4.0,17.1405,14.750130568038031,0.0677960100344395,1.6095841572128412e-05,1.0,16.775816585800673,0.0596096169080923
5.0,17.1405,15.313703955623746,0.0653009881148162,1.0148372855937768e-05,1.0,17.126225391633714,0.0583899824469498
6.0,17.1405,16.44123500536562,0.0608226814879568,6.8294222181969285e-06,1.5,17.481672867025342,0.0572027635802659
7.5,17.1405,18.790320132290613,0.0532188910545238,4.207266497046923e-06,1.5,17.91958780810612,0.0558048550395584
9.0,17.1405,22.9716463828501,0.0435319255456834,2.454463440693173e-06,nan,18.24279811770884,0.0548161523000832
nan,nan,nan,nan,1.5560053264626713e-06,nan,18.575039240569247,0.0538356870770925
nan,nan,nan,nan,1.0593670750505756e-06,nan,18.85437279305197,0.0530380941851595
nan,nan,nan,nan,6.606424581768179e-07,nan,19.215159942636536,0.0520422418020627
Name:	20.6913808111479_10_80_1
Lambda:	20.6913808111479	Maximal Depth:	10	Filter time:	10 to 80 [us]
Chi2:	0.4670059587288251	RelRMS:	7.48395709069811	AbsRMS:	4.256904847721205e-07	Phi model:	0.0561936174284852
depth_vector,start_model,resistivity_model,conductivity_model,E/I[V/A],modelled_thickness,rhoa,sigma
0.0,17.1405,14.41899896864095,0.0693529420575479,0.000109979087645,1.0,15.2623578038439,0.0655206759566431
1.0,17.1405,14.415447135674514,0.0693700299816061,6.897145785222682e-05,1.0,15.548548197634226,0.0643146863159966
2.0,17.1405,14.442992998953336,0.0692377265621099,4.5673203589576046e-05,1.0,15.97714032767899,0.0625894233567935
3.0,17.1405,14.577352119074352,0.0685995640244916,2.776257175045685e-05,1.0,16.481309972816543,0.0606747886939418
4.0,17.1405,14.926052613973,0.0669969499547289,1.6089481949191003e-05,1.0,16.780236899691815,0.059593914315856
5.0,17.1405,15.621708888741273,0.0640134832317039,1.014672321761321e-05,1.0,17.12808157789081,0.0583836546698151
6.0,17.1405,16.82336428274829,0.0594411428768419,6.829705432665365e-06,1.5,17.481189576595877,0.0572043450257422
7.5,17.1405,19.070985238905543,0.0524356758433204,4.208984271672418e-06,1.5,17.914711903705317,0.0558200436253272
9.0,17.1405,22.822806633931386,0.0438158205535189,2.456878270248748e-06,nan,18.230842439831694,0.0548521004062405
nan,nan,nan,nan,1.5583193996070509e-06,nan,18.556645645136808,0.0538890497303898
nan,nan,nan,nan,1.0613622951727956e-06,nan,18.830736239442896,0.0531046682022659
nan,nan,nan,nan,6.622286463529701e-07,nan,19.18446456278317,0.0521255100306498
Name:	26.366508987303583_10_80_1
Lambda:	26.366508987303583	Maximal Depth:	10	Filter time:	10 to 80 [us]
Chi2:	0.4792555895648828	RelRMS:	7.591837100735101	AbsRMS:	4.32807403799204e-07	Phi model:	0.0502150233341752
depth_vector,start_model,resistivity_model,conductivity_model,E/I[V/A],modelled_thickness,rhoa,sigma
0.0,17.1405,14.167810996229743,0.0705825339049281,0.0001100331942691,1.0,15.257354087434315,0.0655421637506323
1.0,17.1405,14.216394283622938,0.0703413242520984,6.897748806939484e-05,1.0,15.547641984210085,0.0643184349765438
2.0,17.1405,14.340780245276386,0.0697312128696333,4.566310275700469e-05,1.0,15.97949637242902,0.062580195063306
3.0,17.1405,14.600040692602905,0.0684929597837798,2.775145454827814e-05,1.0,16.485711275425437,0.0606585899324015
4.0,17.1405,15.079305432266354,0.0663160517897742,1.6085881601538566e-05,1.0,16.782740645298347,0.0595850237535636
5.0,17.1405,15.88539152915457,0.0629509192873649,1.014664886547761e-05,1.0,17.12816525135487,0.0583833694575604
6.0,17.1405,17.14714609655347,0.0583187426274391,6.8309522782231e-06,1.5,17.479062298113046,0.0572113070452272
7.5,17.1405,19.30374094876996,0.0518034303637772,4.211136570251501e-06,1.5,17.90860728190225,0.0558390713615436
9.0,17.1405,22.693658098997545,0.0440651743159985,2.4593637322536185e-06,nan,18.21855750038762,0.0548890876777002
nan,nan,nan,nan,1.5605758370188827e-06,nan,18.5387539560974,0.0539410578708878
nan,nan,nan,nan,1.0632644327148662e-06,nan,18.808271248651337,0.0531680975236735
nan,nan,nan,nan,6.637116001417977e-07,nan,19.155877568786707,0.0522032987739197
Name:	33.59818286283781_10_80_1
Lambda:	33.59818286283781	Maximal Depth:	10	Filter time:	10 to 80 [us]
Chi2:	0.4900193394358329	RelRMS:	7.695944816225718	AbsRMS:	4.385509979109458e-07	Phi model:	0.0461169225922603
depth_vector,start_model,resistivity_model,conductivity_model,E/I[V/A],modelled_thickness,rhoa,sigma
0.0,17.1405,13.969048052719875,0.0715868394342943,0.000110074282795,1.0,15.253557007975587,0.0655584792109232
1.0,17.1405,14.059564464587696,0.0711259585969916,6.898246213580564e-05,1.0,15.546894587158857,0.0643215270029528
2.0,17.1405,14.2623867062183,0.0701144920971752,4.565622705690343e-05,1.0,15.981100643805222,0.0625739129167947
3.0,17.1405,14.62358633313226,0.0683826783129339,2.774424063894885e-05,1.0,16.488568836020775,0.0606480774617266
4.0,17.1405,15.210024932202018,0.0657461118214765,1.6084614198643873e-05,1.0,16.783622242021096,0.05958189391896
5.0,17.1405,16.10654823973398,0.0620865492168616,1.0147973236581032e-05,1.0,17.126675000378054,0.0583884495956118
6.0,17.1405,17.4157452415321,0.0574193056990323,6.833101334499068e-06,1.5,17.475397250968655,0.0572233057502924
7.5,17.1405,19.49189273335715,0.0513033810353709,4.213738072204493e-06,1.5,17.901235510288718,0.0558620660247305
9.0,17.1405,22.57990945757704,0.0442871572128662,2.461968218054796e-06,nan,18.20570644243073,0.0549278328287976
nan,nan,nan,nan,1.5628274201555062e-06,nan,18.5209436828342,0.0539929291468464
nan,nan,nan,nan,1.06512163643234e-06,nan,18.78640147705917,0.0532299919822931
nan,nan,nan,nan,6.651309333053778e-07,nan,19.128616519052635,0.0522776960374511
Name:	42.81332398719393_10_80_1
Lambda:	42.81332398719393	Maximal Depth:	10	Filter time:	10 to 80 [us]
Chi2:	0.4989221210825702	RelRMS:	7.792671424790837	AbsRMS:	4.336100874797054e-07	Phi model:	0.0432267392232813
depth_vector,start_model,resistivity_model,conductivity_model,E/I[V/A],modelled_thickness,rhoa,sigma
0.0,17.1405,13.819619798540453,0.0723608908622518,0.0001100656902326,1.0,15.254350869862826,0.0655550674382116
1.0,17.1405,13.942995834010274,0.0717205980626317,6.896429087898426e-05,1.0,15.54962541307848,0.064310230853466
2.0,17.1405,14.207660040072549,0.0703845669997389,4.5638642469592825e-05,1.0,15.985205396579332,0.0625578449066403
3.0,17.1405,14.649775128689894,0.0682604334343409,2.7733101791138226e-05,1.0,16.49298356918871,0.0606318435839677
4.0,17.1405,15.321649453233118,0.0652671243427373,1.608162081351912e-05,1.0,16.785704879805255,0.059574501467799
5.0,17.1405,16.28986577967719,0.0613878600060397,1.0148420217357274e-05,1.0,17.12617210761125,0.0583901641135311
6.0,17.1405,17.63466229105326,0.0567065012924766,6.8347941473941535e-06,1.5,17.472511643545072,0.0572327562516997
7.5,17.1405,19.63972801874637,0.0509172020633629,4.2160896717775285e-06,1.5,17.89457840139075,0.0558828477301416
9.0,17.1405,22.47636285742844,0.0444911841984033,2.4643707087540386e-06,nan,18.19387214328088,0.0549635609245119
nan,nan,nan,nan,1.5649181862118609e-06,nan,18.504443741258022,0.0540410732677347
nan,nan,nan,nan,1.066854577743352e-06,nan,18.7660522174172,0.0532877127492951
nan,nan,nan,nan,6.664575173324289e-07,nan,19.10322440995236,0.05234718383348
Name:	54.5559478116852_10_80_1
Lambda:	54.5559478116852	Maximal Depth:	10	Filter time:	10 to 80 [us]
Chi2:	0.507583464591122	RelRMS:	7.899420215325513	AbsRMS:	4.324914574128744e-07	Phi model:	0.0411645552124971
depth_vector,start_model,resistivity_model,conductivity_model,E/I[V/A],modelled_thickness,rhoa,sigma
0.0,17.1405,13.70283655777937,0.0729775908647381,0.0001100681493951,1.0,15.254123658710885,0.0655560438851529
1.0,17.1405,13.852377269388205,0.0721897751232821,6.895850970567686e-05,1.0,15.55049447500902,0.0643066367829708
2.0,17.1405,14.16642972500523,0.0705894159228344,4.563230551980981e-05,1.0,15.986685270663186,0.0625520539792622
3.0,17.1405,14.673266502226546,0.0681511509279994,2.773035059548548e-05,1.0,16.494074423876903,0.0606278336268687
4.0,17.1405,15.413297433204791,0.0648790438472759,1.6083613656040677e-05,1.0,16.784318294344647,0.0595794230342344
5.0,17.1405,16.437839922672655,0.0608352438461639,1.0152002164261504e-05,1.0,17.122143434505098,0.0584039027488093
6.0,17.1405,17.8083732667915,0.0561533602771438,6.838596228354174e-06,1.5,17.466034869766677,0.0572539793637408
7.5,17.1405,19.750717523059905,0.0506310719513077,4.21968433161403e-06,1.5,17.88441428270091,0.0559146072212871
9.0,17.1405,22.379693443691245,0.0446833645204329,2.467406487967556e-06,nan,18.178945833339736,0.0550086902270221
nan,nan,nan,nan,1.567358753688735e-06,nan,18.48522964541461,0.0540972451617909
nan,nan,nan,nan,1.0687993298067538e-06,nan,18.74328124795837,0.0533524513008588
nan,nan,nan,nan,6.678932016876422e-07,nan,19.075838758560387,0.0524223344858817
Name:	69.51927961775606_10_80_1
Lambda:	69.51927961775606	Maximal Depth:	10	Filter time:	10 to 80 [us]
Chi2:	0.5152605847393994	RelRMS:	8.00686121057946	AbsRMS:	4.183367518271298e-07	Phi model:	0.0395176439496697
depth_vector,start_model,resistivity_model,conductivity_model,E/I[V/A],modelled_thickness,rhoa,sigma
0.0,17.1405,13.622670399048788,0.0734070465413173,0.000110011113738,1.0,15.259395573371226,0.0655333951591814
1.0,17.1405,13.792133126735434,0.0725051006114162,6.89232146038169e-05,1.0,15.55580288917232,0.0642846921579376
2.0,17.1405,14.143878390609252,0.0707019653579561,4.561110061475442e-05,1.0,15.991639764594762,0.062532674242324
3.0,17.1405,14.700127465577712,0.0680266210168334,2.7721445289713462e-05,1.0,16.49760663300205,0.060614852944765
4.0,17.1405,15.491856670427804,0.0645500420817142,1.6083010589353055e-05,1.0,16.784737867530257,0.0595779337093181
5.0,17.1405,16.557918303297722,0.0603940653458132,1.0154424455234135e-05,1.0,17.119420387504345,0.0584131925827296
6.0,17.1405,17.944227852730794,0.0557282268263116,6.841913920334926e-06,1.5,17.460388144922124,0.0572724954164791
7.5,17.1405,19.82935131062322,0.0504302931717321,4.223151340201693e-06,1.5,17.874624767727106,0.0559452303471854
9.0,17.1405,22.283795039075777,0.0448756595654577,2.470410626673764e-06,nan,18.164205193679905,0.0550533309515762
nan,nan,nan,nan,1.569801018651388e-06,nan,18.466052037374983,0.0541534269467028
nan,nan,nan,nan,1.0707607192828096e-06,nan,18.72038530951933,0.0534177039343041
nan,nan,nan,nan,6.693475382830228e-07,nan,19.048197167385386,0.0524984066057556
Name:	88.58667904100822_10_80_1
Lambda:	88.58667904100822	Maximal Depth:	10	Filter time:	10 to 80 [us]
Chi2:	0.5234061664534769	RelRMS:	8.126896133345161	AbsRMS:	3.989890531103497e-07	Phi model:	0.0381039235649754
depth_vector,start_model,resistivity_model,conductivity_model,E/I[V/A],modelled_thickness,rhoa,sigma
0.0,17.1405,13.570369313737244,0.0736899620696175,0.0001099236812193,1.0,15.26748597798598,0.0654986683100209
1.0,17.1405,13.754868543277585,0.0727015308691357,6.88755924471951e-05,1.0,15.562972487900485,0.0642550772853614
2.0,17.1405,14.135031609543304,0.0707462160413456,4.5585788916781374e-05,1.0,15.997558833026538,0.0625095372636184
3.0,17.1405,14.728303859119444,0.067896480787285,2.7712568039326844e-05,1.0,16.501129596946083,0.0606019117736687
4.0,17.1405,15.558072485423216,0.0642753143705254,1.6083302135249536e-05,1.0,16.78453502625666,0.0595786537092426
5.0,17.1405,16.653001016993795,0.06004923670992,1.01578483866891e-05,1.0,17.11557318068288,0.0584263225919087
6.0,17.1405,18.04622653863945,0.0554132465232475,6.846177013283592e-06,1.5,17.45313903984483,0.0572962833629548
7.5,17.1405,19.878126849286208,0.0503065508929433,4.227361690814947e-06,1.5,17.862754332376024,0.0559824079418431
9.0,17.1405,22.18499583302439,0.0450755099314199,2.4738948816966195e-06,nan,18.147146104920164,0.0551050834229451
nan,nan,nan,nan,1.5725717019864011e-06,nan,18.444355679163404,0.0542171283939021
nan,nan,nan,nan,1.0729620302603742e-06,nan,18.69477179453757,0.0534908909822686
nan,nan,nan,nan,6.70960950648835e-07,nan,19.01764901426383,0.0525827350820266
Name:	112.88378916846884_10_80_1
Lambda:	112.88378916846884	Maximal Depth:	10	Filter time:	10 to 80 [us]
Chi2:	0.5327445863543574	RelRMS:	8.258720802945293	AbsRMS:	3.687107043638796e-07	Phi model:	0.036709836003992
depth_vector,start_model,resistivity_model,conductivity_model,E/I[V/A],modelled_thickness,rhoa,sigma
0.0,17.1405,13.546464212351054,0.0738200008743421,0.0001097678911268,1.0,15.281928336041956,0.0654367680577019
1.0,17.1405,13.741866812251846,0.0727703167016892,6.87932671559891e-05,1.0,15.57538621082323,0.0642038654107406
2.0,17.1405,14.142526644841862,0.0707087230671561,4.554258021849062e-05,1.0,16.007675730722152,0.062470031053964
3.0,17.1405,14.76207594540795,0.06774114993705,2.7696208400609165e-05,1.0,16.507626899048844,0.060578059227739
4.0,17.1405,15.617744798058776,0.0640297311122855,1.6080719676860944e-05,1.0,16.786331969182402,0.0595722759347232
5.0,17.1405,16.72981787394977,0.0597735138262989,1.0160236209547648e-05,1.0,17.112891447895354,0.0584354784838529
6.0,17.1405,18.12087800238557,0.0551849639884089,6.85022018168437e-06,1.5,17.446270849544415,0.0573188395745967
7.5,17.1405,19.90025803816645,0.0502506046947789,4.231757340610008e-06,1.5,17.850382480588664,0.0560212085700374
9.0,17.1405,22.07761779721857,0.045294741904898,2.4776307157862807e-06,nan,18.12889970116999,0.0551605456747859
nan,nan,nan,nan,1.575578885971319e-06,nan,18.42087934282068,0.0542862249618793
nan,nan,nan,nan,1.075370761591879e-06,nan,18.66684498598267,0.0535709168180761
nan,nan,nan,nan,6.727358073448351e-07,nan,18.984185198214004,0.0526754237571427
Name:	143.8449888287663_10_80_1
Lambda:	143.8449888287663	Maximal Depth:	10	Filter time:	10 to 80 [us]
Chi2:	0.5456640935620384	RelRMS:	8.415807059540489	AbsRMS:	3.392346441265439e-07	Phi model:	0.0352745316272228
depth_vector,start_model,resistivity_model,conductivity_model,E/I[V/A],modelled_thickness,rhoa,sigma
0.0,17.1405,13.545291936860409,0.0738263896165079,0.0001095738414405,1.0,15.299965358812525,0.0653596251068644
1.0,17.1405,13.748162208596751,0.0727369945762422,6.869443390941598e-05,1.0,15.590321890569122,0.0641423574842876
2.0,17.1405,14.162663213386882,0.0706081889354522,4.549312042439864e-05,1.0,16.019275916211676,0.062424794056265
3.0,17.1405,14.799310281493606,0.0675707165387626,2.767920391268048e-05,1.0,16.5143870888706,0.0605532615057764
4.0,17.1405,15.670295684304133,0.0638150051630252,1.6079153400484613e-05,1.0,16.78742206008953,0.0595684076102073
5.0,17.1405,16.78904009258035,0.0595626667448327,1.016400760612567e-05,1.0,17.108657980502016,0.0584499381038335
6.0,17.1405,18.16952838635149,0.0550372017774096,6.855651405185725e-06,1.5,17.437055375941984,0.0573491325479017
7.5,17.1405,19.89619542038553,0.0502608654001963,4.237318857608422e-06,1.5,17.83475987610686,0.0560702811221862
9.0,17.1405,21.9584349683208,0.0455405861775982,2.4821900442442424e-06,nan,18.106693254069267,0.0552281957819803
nan,nan,nan,nan,1.5791853136544586e-06,nan,18.39282315445832,0.0543690325080739
nan,nan,nan,nan,1.0782337366915218e-06,nan,18.63378697694229,0.0536659564283639
nan,nan,nan,nan,6.748262853417711e-07,nan,18.94495876767461,0.0527844907061122
Name:	183.29807108324357_10_80_1
Lambda:	183.2980710832436	Maximal Depth:	10	Filter time:	10 to 80 [us]
Chi2:	0.5645306237398845	RelRMS:	8.605342536197865	AbsRMS:	3.179401831517876e-07	Phi model:	0.033711725900905
depth_vector,start_model,resistivity_model,conductivity_model,E/I[V/A],modelled_thickness,rhoa,sigma
0.0,17.1405,13.56619199098576,0.0737126527963384,0.0001093356126671,1.0,15.322181783664776,0.0652648568016675
1.0,17.1405,13.773486423732212,0.0726032588435244,6.857609451782677e-05,1.0,15.60825252173389,0.0640686712755024
2.0,17.1405,14.19588543081827,0.0704429466462916,4.543594197018512e-05,1.0,16.032712641839,0.0623724769687693
3.0,17.1405,14.841324687684256,0.0673794301414231,2.766110793350132e-05,1.0,16.52158881125519,0.0605268664790131
4.0,17.1405,15.71785892867019,0.0636218968841836,1.6078648223453133e-05,1.0,16.78777368897094,0.0595671599181117
5.0,17.1405,16.83329870334897,0.0594060628058035,1.0169368078289228e-05,1.0,17.102645247419265,0.0584704871985166
6.0,17.1405,18.19466386624392,0.0549611692390357,6.862717101441054e-06,1.5,17.425084792840195,0.0573885299204334
7.5,17.1405,19.86653665893201,0.0503358998686064,4.244282540092568e-06,1.5,17.815246630496787,0.0561316955493708
9.0,17.1405,21.82306757258529,0.0458230721539911,2.487762601051607e-06,nan,18.0796439732962,0.0553108236797698
nan,nan,nan,nan,1.58353969989363e-06,nan,18.35909020133101,0.054468930052291
nan,nan,nan,nan,1.081668387166158e-06,nan,18.594320498199707,0.0537798625175262
nan,nan,nan,nan,6.773178612321365e-07,nan,18.89846972355636,0.0529143372255972
Name:	233.57214690901213_10_80_1
Lambda:	233.57214690901213	Maximal Depth:	10	Filter time:	10 to 80 [us]
Chi2:	0.5926784826258865	RelRMS:	8.83506806359559	AbsRMS:	3.175406141181336e-07	Phi model:	0.031956958819674
depth_vector,start_model,resistivity_model,conductivity_model,E/I[V/A],modelled_thickness,rhoa,sigma
0.0,17.1405,13.609295595117336,0.073479188765565,0.0001090463485114,1.0,15.349266296094754,0.0651496938491728
1.0,17.1405,13.81824726174919,0.0723680783139651,6.843480245355426e-05,1.0,15.629728573636624,0.0639806376219959
2.0,17.1405,14.243101975836783,0.070209425004222,4.5369365434066375e-05,1.0,16.048393436947087,0.0623115331717734
3.0,17.1405,14.889630089165896,0.067160835696491,2.764139974954049e-05,1.0,16.529441086796087,0.0604981133208921
4.0,17.1405,15.762472891918874,0.0634418220324224,1.6079227488651848e-05,1.0,16.787370492508973,0.059568590592924
5.0,17.1405,16.864864518506792,0.0592948730126258,1.0176520815797563e-05,1.0,17.09463038856183,0.0584979012280434
6.0,17.1405,18.198219030818034,0.0549504321442958,6.871669288642612e-06,1.5,17.409947615880444,0.0574384267008277
7.5,17.1405,19.81137596825685,0.0504760498009966,4.252892882713349e-06,1.5,17.791192856818366,0.0562075858571088
9.0,17.1405,21.667271348359947,0.0461525581104467,2.4945449468468087e-06,nan,18.046858292836816,0.0554113067090974
nan,nan,nan,nan,1.5887962426320692e-06,nan,18.31857372608969,0.054589402807915
nan,nan,nan,nan,1.0857966191108529e-06,nan,18.54715979879732,0.0539166109985661
nan,nan,nan,nan,6.802993328355446e-07,nan,18.84321317709896,0.0530695052166234
Name:	297.63514416313194_10_80_1
Lambda:	297.63514416313194	Maximal Depth:	10	Filter time:	10 to 80 [us]
Chi2:	0.6352188819952856	RelRMS:	9.108646948901642	AbsRMS:	3.5638630682457305e-07	Phi model:	0.0299342220860105
depth_vector,start_model,resistivity_model,conductivity_model,E/I[V/A],modelled_thickness,rhoa,sigma
0.0,17.1405,13.676996882913304,0.0731154659579766,0.0001086764427257,1.0,15.384076454798455,0.0650022770582428
1.0,17.1405,13.885183891138258,0.0720192118332848,6.825352926683622e-05,1.0,15.657390127899294,0.0638676044878091
2.0,17.1405,14.307680075433836,0.069892532872397,4.528318398417021e-05,1.0,16.068748829546422,0.0622325988543208
3.0,17.1405,14.948334675989052,0.0668970839679059,2.7614741236911687e-05,1.0,16.540077421497756,0.0604592091389041
4.0,17.1405,15.808834782731282,0.0632557689256355,1.6078341414980967e-05,1.0,16.787987252243543,0.0595664021526082
5.0,17.1405,16.888530686818044,0.0592117821582032,1.0184171216971656e-05,1.0,17.086068267538113,0.0585272155268104
6.0,17.1405,18.18418285152037,0.0549928478043427,6.881828282692446e-06,1.5,17.392809621825492,0.0574950236185614
7.5,17.1405,19.73181778354154,0.0506795679430056,4.262878125802566e-06,1.5,17.763399613842513,0.0562955302328912
9.0,17.1405,21.48629730393088,0.0465412902863003,2.50246600904686e-06,nan,18.00875566225554,0.0555285450452245
nan,nan,nan,nan,1.5949578463334673e-06,nan,18.271364708021537,0.0547304493112645
nan,nan,nan,nan,1.0906479154187602e-06,nan,18.492119362978613,0.0540770898333053
nan,nan,nan,nan,6.83809775926494e-07,nan,18.7786681762202,0.0532519127882732
Name:	379.26901907322497_10_80_1
Lambda:	379.26901907322497	Maximal Depth:	10	Filter time:	10 to 80 [us]
Chi2:	0.6979926949541065	RelRMS:	9.439348869341377	AbsRMS:	4.407460596510073e-07	Phi model:	0.0276628197641105
depth_vector,start_model,resistivity_model,conductivity_model,E/I[V/A],modelled_thickness,rhoa,sigma
0.0,17.1405,13.768025620479955,0.0726320554279401,0.0001082477017004,1.0,15.424671240186017,0.0648312034939644
1.0,17.1405,13.973013266648072,0.0715665247657698,6.804589758806731e-05,1.0,15.689224710576584,0.0637380124542336
2.0,17.1405,14.388308131274332,0.0695008746599196,4.518639553525174e-05,1.0,16.091686626911972,0.0621438897727218
3.0,17.1405,15.016088658141877,0.0665952381319878,2.7586600170700403e-05,1.0,16.551323855436134,0.0604181278026022
4.0,17.1405,15.85556730145924,0.0630693295917558,1.607917469253033e-05,1.0,16.787407240148262,0.059568460197262
5.0,17.1405,16.90292979996911,0.059161341367094,1.0194340231246674e-05,1.0,17.0747039636122,0.058566169119599
6.0,17.1405,18.15124788064512,0.0550926309075593,6.89456317796761e-06,1.5,17.371385605390536,0.0575659318557576
7.5,17.1405,19.62649227478578,0.05095153968418,4.275090657648027e-06,1.5,17.72955401569026,0.056402998017605
9.0,17.1405,21.27818772300042,0.0469964835830008,2.512030424020285e-06,nan,17.96301505415526,0.0556699416542924
nan,nan,nan,nan,1.6023488501524317e-06,nan,18.2151356885728,0.0548993988898664
nan,nan,nan,nan,1.096445750707035e-06,nan,18.42687280085488,0.0542685680205925
nan,nan,nan,nan,6.879907647345469e-07,nan,18.702511011179013,0.0534687561152762
Name:	483.2930238571752_10_80_1
Lambda:	483.2930238571752	Maximal Depth:	10	Filter time:	10 to 80 [us]
Chi2:	0.7891609787131628	RelRMS:	9.830586734996215	AbsRMS:	5.702212716109609e-07	Phi model:	0.0251259204603892
depth_vector,start_model,resistivity_model,conductivity_model,E/I[V/A],modelled_thickness,rhoa,sigma
0.0,17.1405,13.884428444691158,0.0720231303710855,0.0001077398810534,1.0,15.473101626381736,0.0646282835947379
1.0,17.1405,14.08402685027058,0.0710024207303175,6.780013494286258e-05,1.0,15.727115487389792,0.0635844507406213
2.0,17.1405,14.48773208696386,0.069023915820462,4.507186047866603e-05,1.0,16.118936186635946,0.0620388336067171
3.0,17.1405,15.09619021646898,0.0662418786237248,2.7553185845139945e-05,1.0,16.564702576969005,0.0603693302281422
4.0,17.1405,15.90643702161274,0.0628676301701794,1.6079892708220727e-05,1.0,16.786907497530773,0.059570233537481
5.0,17.1405,16.911974000743655,0.0591297030113709,1.0206082855513266e-05,1.0,17.06160456634952,0.0586111344985859
6.0,17.1405,18.10286578072566,0.0552398726319184,6.909368572853017e-06,1.5,17.346561131232253,0.0576483138320432
7.5,17.1405,19.496939960032552,0.0512900999874818,4.289321167383555e-06,1.5,17.690318544587985,0.0565280945891124
9.0,17.1405,21.04059726333431,0.0475271679546196,2.523178740021207e-06,nan,17.91006461679563,0.0558345277583322
nan,nan,nan,nan,1.6109662855532452e-06,nan,18.1501196241394,0.055096055602301
nan,nan,nan,nan,1.103208127423157e-06,nan,18.351494393447048,0.0544914751115353
nan,nan,nan,nan,6.928687894806588e-07,nan,18.6146264564014,0.0537211961970963
Name:	615.8482110660261_10_80_1
Lambda:	615.8482110660261	Maximal Depth:	10	Filter time:	10 to 80 [us]
Chi2:	0.91598397689401	RelRMS:	10.29313118075065	AbsRMS:	7.293835195860634e-07	Phi model:	0.0223942480903276
depth_vector,start_model,resistivity_model,conductivity_model,E/I[V/A],modelled_thickness,rhoa,sigma
0.0,17.1405,14.025217611630854,0.071300141480209,0.0001071821328917,1.0,15.526733864117755,0.0644050454365678
1.0,17.1405,14.2169545326855,0.0703385523039374,6.753386988468091e-05,1.0,15.768426456402295,0.0634178687876608
2.0,17.1405,14.60416804231112,0.0684736026799202,4.495081648301601e-05,1.0,16.147860033980695,0.0619277104146093
3.0,17.1405,15.186253261978909,0.065849026929088,2.7520998976600647e-05,1.0,16.577615432647683,0.0603223065502301
4.0,17.1405,15.95858224790762,0.0626622079872485,1.6084078923419626e-05,1.0,16.783994610554917,0.0595805720392171
5.0,17.1405,16.912699987040313,0.0591271648386283,1.0221558372079436e-05,1.0,17.04437928588022,0.0586703677046434
6.0,17.1405,18.036573951955088,0.0554429018872292,6.927638398542362e-06,1.5,17.31604971288778,0.0577498919546143
7.5,17.1405,19.34212413883249,0.0517006298182284,4.306385981161292e-06,1.5,17.64355362048409,0.0566779244992349
9.0,17.1405,20.77461960884101,0.0481356587426723,2.5363649985961543e-06,nan,17.847935848181134,0.0560288880745786
nan,nan,nan,nan,1.621086492498898e-06,nan,18.074501772606027,0.0553265596242112
nan,nan,nan,nan,1.111116826977389e-06,nan,18.26430933534416,0.0547515912942216
nan,nan,nan,nan,6.985527731292381e-07,nan,18.513513370567164,0.0540145989572029
Name:	784.7599703514607_10_80_1
Lambda:	784.7599703514607	Maximal Depth:	10	Filter time:	10 to 80 [us]
Chi2:	1.0893052644797496	RelRMS:	10.823609233009677	AbsRMS:	9.207107805884584e-07	Phi model:	0.0194907010174479
depth_vector,start_model,resistivity_model,conductivity_model,E/I[V/A],modelled_thickness,rhoa,sigma
0.0,17.1405,14.191804967635328,0.0704632005781166,0.0001065485984431,1.0,15.588220662672546,0.0641510036097059
1.0,17.1405,14.373747489430798,0.0695712792182632,6.723114896557822e-05,1.0,15.81572454723992,0.0632282129733041
2.0,17.1405,14.740555052850931,0.0678400505553956,4.481294018303398e-05,1.0,16.18096456548675,0.0618010129095118
3.0,17.1405,15.290453120812913,0.0654002855310304,2.748403078219203e-05,1.0,16.59247757106985,0.060268274928608
4.0,17.1405,16.01739929735195,0.0624321078244783,1.608848598308589e-05,1.0,16.780929418750766,0.0595914549811892
5.0,17.1405,16.911365856911207,0.0591318293543586,1.0238863570213503e-05,1.0,17.025168852500112,0.0587365687038782
6.0,17.1405,17.958703966322762,0.0556833055367057,6.948181736241592e-06,1.5,17.28190121229908,0.0578640039493065
7.5,17.1405,19.16654103881123,0.0521742550194661,4.32562615944774e-06,1.5,17.59119630347381,0.056846617066204
9.0,17.1405,20.48063059565981,0.0488266215890792,2.5512552404059214e-06,nan,17.778422544926567,0.0562479599904306
nan,nan,nan,nan,1.6325261696990554e-06,nan,17.989966649249087,0.0555865399584684
nan,nan,nan,nan,1.12006343051335e-06,nan,18.166920896318217,0.055045101242372
nan,nan,nan,nan,7.049879381641286e-07,nan,18.400679759695716,0.0543458183642959
Name:	1000.0_10_80_1
Lambda:	1000.0	Maximal Depth:	10	Filter time:	10.0 to 80.0 [us]
Chi2:	1.3150096211895745	RelRMS:	11.415095142313051	AbsRMS:	1.1345509813174905e-06	Phi model:	0.016542154420785833
depth_vector,start_model,resistivity_model,conductivity_model,E/I[V/A],modelled_thickness,rhoa,sigma
0.0,17.1405,14.382142906572923,0.06953066775209,0.00010586094393234515,1.0,15.655653391569402,0.06387468954432153
1.0,17.1405,14.552196159625291,0.06871815010125243,6.690333325394543e-05,1.0,15.867345475043958,0.06302251385228817
2.0,17.1405,14.894547198278747,0.06713866401494653,4.4664286739144965e-05,1.0,16.216847429800257,0.06166426639510642
3.0,17.1405,15.406544697702904,0.06490748052995288,2.7444870358177738e-05,1.0,16.608257424120872,0.06021101277896005
4.0,17.1405,16.081107751328606,0.06218477081700923,1.6094021970268167e-05,1.0,16.777081019346237,0.05960512432686384
5.0,17.1405,16.907171467494884,0.059146498982550914,1.0258242684791062e-05,1.0,17.003720301248862,0.05881065921359302
6.0,17.1405,17.87022556722695,0.05595900265713194,6.970964330326584e-06,1.5,17.244226719697984,0.05799042289659214
7.5,17.1405,18.974099418317106,0.05270342364890456,4.346876114315159e-06,1.5,17.53381910533184,0.057032640407240834
9.0,17.1405,20.166352261300755,0.049587549946700116,2.5676750326042674e-06,nan,17.70254845277962,0.05648904182736367
nan,nan,nan,nan,1.6451330417220605e-06,nan,17.897942537198926,0.05587234386978329
nan,nan,nan,nan,1.129920441108742e-06,nan,18.061112322607404,0.05536757549247301
nan,nan,nan,nan,7.12077541092195e-07,nan,18.278342008764422,0.05470955732858606
