Name:	10.0_10_80_1
Lambda:	10	Maximal Depth:	10	Filter time:	10 to 80 [us]
Chi2:	0.59025458444259	RelRMS:	2.371458770083529	AbsRMS:	2.4362850829767544e-07	Phi model:	0.0248643509003996
depth_vector,start_model,resistivity_model,conductivity_model,E/I[V/A],modelled_thickness,rhoa,sigma
0.0,16.5698,13.057390769712896,0.0765849791613449,0.0001115300255241,1.0,15.120535473702638,0.0661352239634093
1.0,16.5698,13.388324262319976,0.0746919465354147,7.037840954694326e-05,1.0,15.340628373985748,0.0651863780036399
2.0,16.5698,14.069005901351993,0.0710782273468165,4.692955791977481e-05,1.0,15.69070259295345,0.0637320090719896
3.0,16.5698,15.045276993645636,0.0664660411651011,2.8816761189884463e-05,1.0,16.076866735257475,0.0622011749221596
4.0,16.5698,16.236640670726164,0.0615890947074384,1.6908208479893805e-05,1.0,16.234081888921278,0.0615988022508643
5.0,16.5698,17.514053246873523,0.0570970058103775,1.078482139350455e-05,1.0,16.44563424442973,0.0608064113026658
6.0,16.5698,18.70733329471016,0.0534549732046933,7.3332706898602835e-06,1.5,16.671467123830325,0.0599827233303655
7.5,16.5698,19.380748038328846,0.0515975956151085,4.5776819767350044e-06,1.5,16.93938420529627,0.059034023190013
9.0,16.5698,19.15309892798141,0.0522108721810581,2.708440037106272e-06,nan,17.083742383485948,0.0585351837760474
nan,nan,nan,nan,1.737773426491757e-06,nan,17.256061962718274,0.0579506495839259
nan,nan,nan,nan,1.1948652397101249e-06,nan,17.400582453242098,0.0574693406204732
nan,nan,nan,nan,7.540821534845224e-07,nan,17.593107227741644,0.0568404425128014
Name:	12.742749857031335_10_80_1
Lambda:	12.742749857031336	Maximal Depth:	10	Filter time:	10 to 80 [us]
Chi2:	0.5927621325149242	RelRMS:	2.378521537654984	AbsRMS:	2.425377456697619e-07	Phi model:	0.0222240720703643
depth_vector,start_model,resistivity_model,conductivity_model,E/I[V/A],modelled_thickness,rhoa,sigma
0.0,16.5698,13.191945693397454,0.0758038293396324,0.0001114265639328,1.0,15.129893820645094,0.066094317108523
1.0,16.5698,13.499587352034268,0.0740763383296533,7.033885854655148e-05,1.0,15.34637844694171,0.0651619535812557
2.0,16.5698,14.130855601059572,0.0707671232536703,4.691755050343679e-05,1.0,15.693379583564772,0.0637211376093439
3.0,16.5698,15.036792768502588,0.0665035433682832,2.88167883487498e-05,1.0,16.07685663398082,0.0622012140038838
4.0,16.5698,16.14499672507554,0.0619386932700242,1.6908965196040457e-05,1.0,16.233597542959306,0.0616006401140399
5.0,16.5698,17.343749465735165,0.0576576594337706,1.078536140171219e-05,1.0,16.44508529966093,0.0608084410495954
6.0,16.5698,18.487679036111047,0.0540900779403813,7.333698405327941e-06,1.5,16.670818909402698,0.0599850556493045
7.5,16.5698,19.21154887998284,0.0520520238241661,4.577736629311402e-06,1.5,16.939249381341916,0.0590344930573765
9.0,16.5698,19.187455909741423,0.0521173836022889,2.708076725088646e-06,nan,17.085270304287604,0.0585299490256848
nan,nan,nan,nan,1.737317802677444e-06,nan,17.25907884661572,0.0579405198207369
nan,nan,nan,nan,1.1944390413513556e-06,nan,17.404721444273246,0.0574556739216894
nan,nan,nan,nan,7.537128670830282e-07,nan,17.598853328258112,0.0568218838663949
Name:	16.237767391887218_10_80_1
Lambda:	16.237767391887218	Maximal Depth:	10	Filter time:	10 to 80 [us]
Chi2:	0.9988566306195312	RelRMS:	2.83167259578919	AbsRMS:	2.937489742811501e-07	Phi model:	0.0148888738029478
depth_vector,start_model,resistivity_model,conductivity_model,E/I[V/A],modelled_thickness,rhoa,sigma
0.0,16.5698,13.62369703014142,0.0734015148595549,0.000111729694561,1.0,15.10251577769852,0.0662141337721145
1.0,16.5698,13.859798305409754,0.0721511221133485,7.073948720107613e-05,1.0,15.288381448172697,0.0654091476844674
2.0,16.5698,14.32773860091238,0.069794684831584,4.731733332521471e-05,1.0,15.60485935640613,0.0640826025509469
3.0,16.5698,15.010595354223822,0.0666196094426468,2.915432469152487e-05,1.0,15.952528626821778,0.0626859868672262
4.0,16.5698,15.86767497514728,0.0630212051586794,1.715062053877218e-05,1.0,16.080747632264888,0.0621861634090675
5.0,16.5698,16.83086735990337,0.0594146444515585,1.0963075955867343e-05,1.0,16.26688201159224,0.0614745960096945
6.0,16.5698,17.80050650806905,0.0561781767022581,7.468922608199584e-06,1.5,16.4689909751518,0.0607201741447783
7.5,16.5698,18.51525531620095,0.0540095171750072,4.672177074546513e-06,1.5,16.71020717195497,0.0598436626015216
9.0,16.5698,18.68159903238609,0.0535286084593946,2.7689003157627755e-06,nan,16.83414059414786,0.0594030918541594
nan,nan,nan,nan,1.7789997433310665e-06,nan,16.988428335931655,0.0588635970453448
nan,nan,nan,nan,1.2246592953708695e-06,nan,17.1172061724174,0.0584207486856935
nan,nan,nan,nan,7.738941708675696e-07,nan,17.291550649772116,0.0578317133179249
Name:	20.6913808111479_10_80_1
Lambda:	20.6913808111479	Maximal Depth:	10	Filter time:	10 to 80 [us]
Chi2:	0.9742824359474664	RelRMS:	2.801351142877436	AbsRMS:	2.871119390095206e-07	Phi model:	0.0139711950659218
depth_vector,start_model,resistivity_model,conductivity_model,E/I[V/A],modelled_thickness,rhoa,sigma
0.0,16.5698,13.71350262669293,0.0729208304560739,0.0001116862036677,1.0,15.10643616213268,0.0661969500461466
1.0,16.5698,13.932973089834196,0.0717721905836179,7.072178168049127e-05,1.0,15.290933019061423,0.0653982329759352
2.0,16.5698,14.368469920193348,0.0695968328955198,4.731009622543969e-05,1.0,15.606450715743264,0.064076068172966
3.0,16.5698,15.005241852593242,0.0666433776825248,2.915092960823512e-05,1.0,15.953767217674104,0.0626811201615231
4.0,16.5698,15.80858855944088,0.063256754152337,1.7146837595652265e-05,1.0,16.083112706550686,0.0621770187305034
5.0,16.5698,16.721240614384023,0.0598041750048005,1.0959403707601031e-05,1.0,16.270515584812333,0.061460867345436
6.0,16.5698,17.660162141728186,0.0566246216753105,7.465673534892762e-06,1.5,16.473768849804408,0.0607025635188436
7.5,16.5698,18.41374930975552,0.0543072452642876,4.6694105813955244e-06,1.5,16.71680673582225,0.0598200371520184
9.0,16.5698,18.730309583767777,0.0533894005076471,2.766655066529517e-06,nan,16.843247073494624,0.0593709749454219
nan,nan,nan,nan,1.777222906043831e-06,nan,16.999749611462526,0.0588243958208492
nan,nan,nan,nan,1.2232543248056888e-06,nan,17.13031032640662,0.0583760586320777
nan,nan,nan,nan,7.728601467057547e-07,nan,17.30697034041994,0.057780188001162
Name:	26.366508987303583_10_80_1
Lambda:	26.366508987303583	Maximal Depth:	10	Filter time:	10 to 80 [us]
Chi2:	0.9563328429634416	RelRMS:	2.778218496313688	AbsRMS:	3.0960691560207653e-07	Phi model:	0.0137148045850644
depth_vector,start_model,resistivity_model,conductivity_model,E/I[V/A],modelled_thickness,rhoa,sigma
0.0,16.5698,13.758172726836824,0.0726840707595849,0.0001118106693814,1.0,15.095223264578951,0.0662461218673397
1.0,16.5698,13.965262905436816,0.0716062423436862,7.079297008535072e-05,1.0,15.28068040361146,0.0654421121040957
2.0,16.5698,14.376904157838336,0.0695560037836655,4.735117143635966e-05,1.0,15.597424103866446,0.0641131505651699
3.0,16.5698,14.980561050100697,0.0667531741071392,2.916941287514793e-05,1.0,15.94702707770976,0.0627076128438866
4.0,16.5698,15.74686324324447,0.0635047110369113,1.7152012413967414e-05,1.0,16.07987765868432,0.0621895278823795
5.0,16.5698,16.627598323993602,0.0601409764967079,1.0959326654307749e-05,1.0,16.27059184833835,0.0614605792660287
6.0,16.5698,17.553068258993207,0.0569700969223802,7.463579824617498e-06,1.5,16.476849559733665,0.0606912138376144
7.5,16.5698,18.35143476976706,0.0544916521539472,4.666449874631234e-06,1.5,16.72387682577869,0.0597947479772495
9.0,16.5698,18.803866945633587,0.0531805507288067,2.763824255161625e-06,nan,16.85474609690308,0.059330469545533
nan,nan,nan,nan,1.774817264779506e-06,nan,17.015107461559968,0.0587713008724259
nan,nan,nan,nan,1.2212697190451073e-06,nan,17.14886353703868,0.0583129020672517
nan,nan,nan,nan,7.71354407362554e-07,nan,17.329485987202716,0.0577051160512474
Name:	33.59818286283781_10_80_1
Lambda:	33.59818286283781	Maximal Depth:	10	Filter time:	10 to 80 [us]
Chi2:	0.9410283643165503	RelRMS:	2.759622173999927	AbsRMS:	3.0859569295636985e-07	Phi model:	0.0133541552387499
depth_vector,start_model,resistivity_model,conductivity_model,E/I[V/A],modelled_thickness,rhoa,sigma
0.0,16.5698,13.82204952163518,0.0723481708291331,0.0001118022590359,1.0,15.095980282385874,0.0662427998244545
1.0,16.5698,14.016668036158537,0.0713436315549686,7.079293251668565e-05,1.0,15.280685809751056,0.0654420889513918
2.0,16.5698,14.404143157144828,0.06942446968836,4.735324254911942e-05,1.0,15.596969305591053,0.0641150200662079
3.0,16.5698,14.973949070219186,0.0667826500083963,2.9170492033890326e-05,1.0,15.946633769756009,0.0627091594651515
4.0,16.5698,15.701486566021996,0.0636882371484493,1.7150778638463625e-05,1.0,16.080648808174605,0.0621865455759253
5.0,16.5698,16.546603237082362,0.0604353646287302,1.095730438822815e-05,1.0,16.272593706508538,0.0614530183716214
6.0,16.5698,17.451477091730567,0.0573017398323178,7.46146373864771e-06,1.5,16.47996465739431,0.0606797417827783
7.5,16.5698,18.27990819816745,0.0547048699128723,4.664446396911782e-06,1.5,16.72866532065072,0.0597776320365228
9.0,16.5698,18.844356625674063,0.0530662850350418,2.762112865803391e-06,nan,16.86170744777812,0.0593059749789319
nan,nan,nan,nan,1.7734294799574292e-06,nan,17.02398300636567,0.0587406601396439
nan,nan,nan,nan,1.2201564659288194e-06,nan,17.159292868259907,0.0582774597809757
nan,nan,nan,nan,7.70525606648901e-07,nan,17.34191050767327,0.057663773524695
Name:	42.81332398719393_10_80_1
Lambda:	42.81332398719393	Maximal Depth:	10	Filter time:	10 to 80 [us]
Chi2:	0.9290369314054444	RelRMS:	2.7451676871391184	AbsRMS:	3.0974125531277186e-07	Phi model:	0.0131646314728512
depth_vector,start_model,resistivity_model,conductivity_model,E/I[V/A],modelled_thickness,rhoa,sigma
0.0,16.5698,13.87424755879536,0.0720759807522726,0.0001118053185894,1.0,15.095704880040106,0.0662440083418842
1.0,16.5698,14.058391218089795,0.0711318944313655,7.079837448057685e-05,1.0,15.27990275970342,0.0654454426658543
2.0,16.5698,14.425631109406863,0.0693210572498215,4.735802933500045e-05,1.0,15.595918296060995,0.0641193407798607
3.0,16.5698,14.967259825304494,0.0668124968545908,2.9172820749007445e-05,1.0,15.94578513370272,0.0627124968519999
4.0,16.5698,15.662784684508358,0.0638456072877687,1.7150331351659168e-05,1.0,16.0809283996922,0.0621854643677874
5.0,16.5698,16.478810367217715,0.0606839922127728,1.0955844616060467e-05,1.0,16.274039129948022,0.0614475602531744
6.0,16.5698,17.367312754992998,0.0575794317812642,7.459765488815854e-06,1.5,16.48246572220296,0.0606705341818448
7.5,16.5698,18.221556857061312,0.0548800526675345,4.662751946258359e-06,1.5,16.73271788898578,0.0597631542367809
9.0,16.5698,18.880346965791453,0.0529651283322208,2.760634974544573e-06,nan,16.867724794598697,0.0592848183247698
nan,nan,nan,nan,1.7722197873812428e-06,nan,17.031729014649887,0.0587139449635352
nan,nan,nan,nan,1.2191807233279931e-06,nan,17.16844700497223,0.0582463865083653
nan,nan,nan,nan,7.697961856890111e-07,nan,17.352863671989162,0.0576273760286719
Name:	54.5559478116852_10_80_1
Lambda:	54.5559478116852	Maximal Depth:	10	Filter time:	10 to 80 [us]
Chi2:	0.917860394335281	RelRMS:	2.7321128939220225	AbsRMS:	2.871497420828912e-07	Phi model:	0.0127789769405251
depth_vector,start_model,resistivity_model,conductivity_model,E/I[V/A],modelled_thickness,rhoa,sigma
0.0,16.5698,13.94527149292098,0.0717088943379574,0.0001116742939809,1.0,15.107510176687333,0.0661922440100763
1.0,16.5698,14.118996087867302,0.0708265654141881,7.073173559878362e-05,1.0,15.289498412971014,0.06540436925986
2.0,16.5698,14.465961533305842,0.0691277933857103,4.732320679903045e-05,1.0,15.603568141727724,0.0640879054660425
3.0,16.5698,14.978985613330533,0.066760194970082,2.915738029906137e-05,1.0,15.951414088692928,0.0626903667875341
4.0,16.5698,15.641040679631097,0.0639343647576003,1.714329754773425e-05,1.0,16.085326711963376,0.0621684606043006
5.0,16.5698,16.424440751337595,0.0608848736550473,1.095234955402219e-05,1.0,16.277501142147518,0.0614344911585162
6.0,16.5698,17.289480821359117,0.0578386367024172,7.457997296301521e-06,1.5,16.48507080234758,0.0606609466219334
7.5,16.5698,18.154531951457905,0.0550826649055909,4.661997244827911e-06,1.5,16.73452367661579,0.0597567053191578
9.0,16.5698,18.8822407986137,0.0529598160867336,2.760275196040423e-06,nan,16.86919047284668,0.0592796673681312
nan,nan,nan,nan,1.7720318745717567e-06,nan,17.032933065033333,0.0587097945011529
nan,nan,nan,nan,1.219081512812465e-06,nan,17.16937845342115,0.0582432266090996
nan,nan,nan,nan,7.697488624135264e-07,nan,17.35357488744655,0.0576250142397687
Name:	69.51927961775606_10_80_1
Lambda:	69.51927961775606	Maximal Depth:	10	Filter time:	10 to 80 [us]
Chi2:	0.909909555854118	RelRMS:	2.722591033686612	AbsRMS:	2.89068397667922e-07	Phi model:	0.0127650672673508
depth_vector,start_model,resistivity_model,conductivity_model,E/I[V/A],modelled_thickness,rhoa,sigma
0.0,16.5698,13.979387993054392,0.0715338897880827,0.0001116844322593,1.0,15.10659589551103,0.0661962500961022
1.0,16.5698,14.146020240490214,0.0706912603686014,7.073964515279248e-05,1.0,15.288358690288408,0.0654092450509568
2.0,16.5698,14.47935214744455,0.0690638634806937,4.732869846523584e-05,1.0,15.602361104590411,0.0640928634644782
3.0,16.5698,14.97356775043148,0.0667843507083463,2.9159921469180707e-05,1.0,15.950487340755547,0.0626940091946201
4.0,16.5698,15.61451778626107,0.0640429639703559,1.7143336556190257e-05,1.0,16.085302311268084,0.0621685549111178
5.0,16.5698,16.379065639298208,0.0610535437137943,1.0951454694595773e-05,1.0,16.278387835734794,0.0614311447847907
6.0,16.5698,17.233937370683133,0.0580250454954717,7.456835207464534e-06,1.5,16.486783469869117,0.060654645087538
7.5,16.5698,18.116912362674743,0.0551970435127921,4.66078700989496e-06,1.5,16.737420444724904,0.0597463631449353
9.0,16.5698,18.908487675003222,0.0528863025530057,2.759207230911143e-06,nan,16.873543062485176,0.0592643759699344
nan,nan,nan,nan,1.7711533913474026e-06,nan,17.038564765959197,0.0586903893453436
nan,nan,nan,nan,1.218370640805966e-06,nan,17.17605624835519,0.0582205825097808
nan,nan,nan,nan,7.69216464316377e-07,nan,17.361581255171313,0.0575984402170822
Name:	88.58667904100822_10_80_1
Lambda:	88.58667904100822	Maximal Depth:	10	Filter time:	10 to 80 [us]
Chi2:	0.903092376821798	RelRMS:	2.714510101324209	AbsRMS:	2.8979433803499105e-07	Phi model:	0.0127740955969919
depth_vector,start_model,resistivity_model,conductivity_model,E/I[V/A],modelled_thickness,rhoa,sigma
0.0,16.5698,14.00817577943442,0.0713868826138027,0.0001116876548045,1.0,15.106305311782084,0.0661975234420858
1.0,16.5698,14.168956166562433,0.0705768292487147,7.074326663212596e-05,1.0,15.287836926167977,0.0654114774267583
2.0,16.5698,14.491048837328565,0.069008117440335,4.7331525912637086e-05,1.0,15.60173973868633,0.0640954160721181
3.0,16.5698,14.969784378914346,0.066801229375658,2.916115703672465e-05,1.0,15.950036786076074,0.0626957801672891
4.0,16.5698,15.593383595013206,0.0641297633644953,1.714297599679769e-05,1.0,16.085527853068275,0.0621676832202464
5.0,16.5698,16.34241236539174,0.0611904765123719,1.0950529701142971e-05,1.0,16.279304515299188,0.0614276856274914
6.0,16.5698,17.188794693309674,0.058177435814579,7.45578815974212e-06,1.5,16.488326972688466,0.0606489670938971
7.5,16.5698,18.08602941444492,0.055291295678272,4.659762653930379e-06,1.5,16.73987328043517,0.0597376087170717
9.0,16.5698,18.92928363604067,0.0528282009624514,2.758327856201507e-06,nan,16.877129143013498,0.0592517833765562
nan,nan,nan,nan,1.770438970748662e-06,nan,17.043148142669693,0.0586746058667631
nan,nan,nan,nan,1.2177965438742543e-06,nan,17.18145394615711,0.0582022920256795
nan,nan,nan,nan,7.687889750031683e-07,nan,17.36801666031521,0.0575770981545023
Name:	112.88378916846884_10_80_1
Lambda:	112.88378916846884	Maximal Depth:	10	Filter time:	10 to 80 [us]
Chi2:	0.8964357243306265	RelRMS:	2.7066621626241574	AbsRMS:	2.70027206577735e-07	Phi model:	0.0124837313335102
depth_vector,start_model,resistivity_model,conductivity_model,E/I[V/A],modelled_thickness,rhoa,sigma
0.0,16.5698,14.060733527764675,0.0711200449126907,0.0001115436420493,1.0,15.119304903985038,0.0661406067508055
1.0,16.5698,14.215133476135986,0.0703475631571645,7.066784021562831e-05,1.0,15.29871317693439,0.0653649747161534
2.0,16.5698,14.524779312095138,0.0688478618857414,4.7290930388792026e-05,1.0,15.61066703491992,0.0640587617276746
3.0,16.5698,14.985869388160738,0.0667295286044617,2.914284374715708e-05,1.0,15.95671806172908,0.0626695286669519
4.0,16.5698,15.588499788384008,0.0641498549299249,1.7135234164453698e-05,1.0,16.09037253287091,0.0621489650383859
5.0,16.5698,16.31622837810729,0.0612886738789324,1.0947195024452054e-05,1.0,16.28261029128411,0.0614152142752742
6.0,16.5698,17.145260969671668,0.0583251547916887,7.454497414397733e-06,1.5,16.49023021900825,0.0606419671962676
7.5,16.5698,18.042023671847485,0.055426154969544,4.659624177921675e-06,1.5,16.740204932269197,0.0597364252137889
9.0,16.5698,18.91480694171798,0.0528686337154426,2.7585596364156525e-06,nan,16.876183760904954,0.0592551025852527
nan,nan,nan,nan,1.7707550779366463e-06,nan,17.04111977183343,0.0586815897892378
nan,nan,nan,nan,1.2181128105340013e-06,nan,17.17847986134324,0.058212368502425
nan,nan,nan,nan,7.690576912749806e-07,nan,17.36397072152764,0.0575905140614071
Name:	143.8449888287663_10_80_1
Lambda:	143.8449888287663	Maximal Depth:	10	Filter time:	10 to 80 [us]
Chi2:	0.8906383183641337	RelRMS:	2.699751389287769	AbsRMS:	2.6681078287257456e-07	Phi model:	0.0124562168869498
depth_vector,start_model,resistivity_model,conductivity_model,E/I[V/A],modelled_thickness,rhoa,sigma
0.0,16.5698,14.08519820933895,0.0709965159976923,0.0001115140903172,1.0,15.121975908252043,0.0661289242931739
1.0,16.5698,14.235506538756743,0.0702468856501494,7.065284927836797e-05,1.0,15.300877127785226,0.0653557303707822
2.0,16.5698,14.53727417296102,0.0687886867993434,4.728294688184447e-05,1.0,15.612424178105377,0.0640515520582886
3.0,16.5698,14.987458222439232,0.0667224545455479,2.913893476712021e-05,1.0,15.95814508936643,0.0626639245601508
4.0,16.5698,15.577694038156457,0.064194353641211,1.7132975417202807e-05,1.0,16.09178669806243,0.0621435033140482
5.0,16.5698,16.293909292111575,0.06137262593478,1.094571679494902e-05,1.0,16.28407624633214,0.0614096854419508
6.0,16.5698,17.115611913339077,0.0584261903730504,7.4534719325656835e-06,1.5,16.49174271715711,0.0606364055728115
7.5,16.5698,18.01921180608194,0.0554963230779314,4.658928817455013e-06,1.5,16.74187057797529,0.0597304820475405
9.0,16.5698,18.92266355697529,0.0528466828672953,2.758074210413523e-06,nan,16.878163861874672,0.0592481509353547
nan,nan,nan,nan,1.770402000109709e-06,nan,17.043385412277985,0.0586737890278303
nan,nan,nan,nan,1.2178482942420406e-06,nan,17.18096721182834,0.0582039408882373
nan,nan,nan,nan,7.688720304585975e-07,nan,17.36676588042963,0.0575812449413443
Name:	183.29807108324357_10_80_1
Lambda:	183.2980710832436	Maximal Depth:	10	Filter time:	10 to 80 [us]
Chi2:	0.8851107660928322	RelRMS:	2.6931394938410604	AbsRMS:	2.614272280913537e-07	Phi model:	0.0123732100460487
depth_vector,start_model,resistivity_model,conductivity_model,E/I[V/A],modelled_thickness,rhoa,sigma
0.0,16.5698,14.11127505120992,0.0708653184330255,0.000111455715878,1.0,15.127255492879046,0.0661058445446853
1.0,16.5698,14.257976448828485,0.0701361798140833,7.062197947130185e-05,1.0,15.305335614358713,0.0653366920658603
2.0,16.5698,14.552762036944424,0.0687154780282496,4.726598855854942e-05,1.0,15.616158289605217,0.0640362361507082
3.0,16.5698,14.993186470078316,0.0666969627834407,2.9130834115872744e-05,1.0,15.961103360932848,0.0626523102687028
4.0,16.5698,15.572102392529253,0.064217404611965,1.7129096755980972e-05,1.0,16.09421579029407,0.0621341240250469
5.0,16.5698,16.277316025302127,0.0614351898338497,1.0943685901871325e-05,1.0,16.286090814076605,0.0614020891456448
6.0,16.5698,17.090956290985716,0.058510476709102,7.452361952147202e-06,1.5,16.493380234427114,0.0606303853901743
7.5,16.5698,17.997362717655722,0.0555636965086547,4.658403575968615e-06,1.5,16.743129000466357,0.0597259926727045
9.0,16.5698,18.92236035142848,0.0528475296647919,2.7578219678004333e-06,nan,16.879193013939602,0.0592445384784778
nan,nan,nan,nan,1.7702704801457e-06,nan,17.044229546063043,0.0586708831453742
nan,nan,nan,nan,1.2177769825030136e-06,nan,17.18163793819295,0.0582016687580819
nan,nan,nan,nan,7.688388936449062e-07,nan,17.367264879770406,0.0575795905067822
Name:	233.57214690901213_10_80_1
Lambda:	233.57214690901213	Maximal Depth:	10	Filter time:	10 to 80 [us]
Chi2:	0.8822958451645232	RelRMS:	2.6897950870776177	AbsRMS:	2.5489006439837177e-07	Phi model:	0.0119407959252604
depth_vector,start_model,resistivity_model,conductivity_model,E/I[V/A],modelled_thickness,rhoa,sigma
0.0,16.5698,14.166559704503891,0.0705887682583991,0.0001112343657766,1.0,15.14731709865133,0.0660182917864073
1.0,16.5698,14.308550235463162,0.0698882824286097,7.050377916017828e-05,1.0,15.322437206498195,0.0652637688458532
2.0,16.5698,14.594016335889288,0.0685212334277591,4.720113963412853e-05,1.0,15.63045821726513,0.0639776509491844
3.0,16.5698,15.020890948757922,0.0665739471387807,2.9101186950652768e-05,1.0,15.971941891540594,0.0626097945253383
4.0,16.5698,15.58290155922789,0.0641729010607668,1.7117032183137844e-05,1.0,16.101777343972017,0.0621049452267061
5.0,16.5698,16.269281568276362,0.0614655291202231,1.0938932601381777e-05,1.0,16.29080834188788,0.0613843081947469
6.0,16.5698,17.064242292022904,0.0586020746123298,7.450917885039569e-06,1.5,16.49551122723229,0.0606225527796379
7.5,16.5698,17.958301500465225,0.0556845534625918,4.658794358607059e-06,1.5,16.742192704492602,0.0597293328090567
9.0,16.5698,18.884480599474365,0.0529535347680059,2.7587429370693777e-06,nan,16.87543621033728,0.0592577274765458
nan,nan,nan,nan,1.7712331058330345e-06,nan,17.038053547490453,0.058692150321789
nan,nan,nan,nan,1.2186536632813268e-06,nan,17.173396811806462,0.0582295984282221
nan,nan,nan,nan,7.695483074198233e-07,nan,17.356589811842355,0.0576150044934346
Name:	297.63514416313194_10_80_1
Lambda:	297.63514416313194	Maximal Depth:	10	Filter time:	10 to 80 [us]
Chi2:	0.8793091066278214	RelRMS:	2.6862242531514235	AbsRMS:	2.618984638630101e-07	Phi model:	0.0116934837198278
depth_vector,start_model,resistivity_model,conductivity_model,E/I[V/A],modelled_thickness,rhoa,sigma
0.0,16.5698,14.202450897680482,0.0704103824899206,0.0001110951088837,1.0,15.159972488561102,0.0659631803919529
1.0,16.5698,14.341192296695333,0.0697292093510545,7.042878749969472e-05,1.0,15.33331203225734,0.0652174819045133
2.0,16.5698,14.620264403740393,0.0683982158177771,4.715947388734973e-05,1.0,15.639663279719723,0.0639399955174687
3.0,16.5698,15.037926981744732,0.0664985274375882,2.908162521898033e-05,1.0,15.979103431349769,0.062581733968758
4.0,16.5698,15.58861649818934,0.0641493746488761,1.710865850240662e-05,1.0,16.107030829954216,0.0620846890129682
5.0,16.5698,16.262687614839287,0.0614904512515831,1.0935298733095875e-05,1.0,16.294417167156936,0.0613707130326577
6.0,16.5698,17.045948946936996,0.0586649650959849,7.449484946266846e-06,1.5,16.49762647860586,0.0606147800289212
7.5,16.5698,17.933663025513653,0.055761056655148,4.658645764279994e-06,1.5,16.742548713765007,0.0597280627398051
9.0,16.5698,18.864137415880663,0.0530106401344466,2.7590484799893853e-06,nan,16.874190306114446,0.0592621027651706
nan,nan,nan,nan,1.7716410330487522e-06,nan,17.035438061860944,0.0587011614476064
nan,nan,nan,nan,1.2190568458313825e-06,nan,17.1696100616007,0.0582424409414206
nan,nan,nan,nan,7.698916505846506e-07,nan,17.351429164024566,0.0576321403007736
Name:	379.26901907322497_10_80_1
Lambda:	379.26901907322497	Maximal Depth:	10	Filter time:	10 to 80 [us]
Chi2:	0.8792097799092948	RelRMS:	2.686223956135968	AbsRMS:	2.851243074435291e-07	Phi model:	0.011334104803067
depth_vector,start_model,resistivity_model,conductivity_model,E/I[V/A],modelled_thickness,rhoa,sigma
0.0,16.5698,14.247158459207238,0.0701894348170002,0.0001109003666042,1.0,15.1777146855841,0.0658860718306825
1.0,16.5698,14.382505994230254,0.0695289124441292,7.032373050993952e-05,1.0,15.348579242703352,0.065152610165882
2.0,16.5698,14.654835640285452,0.0682368621897776,4.71010869064783e-05,1.0,15.65258533347959,0.0638872096011565
3.0,16.5698,15.062621110069166,0.0663895076887722,2.905435956992301e-05,1.0,15.989098776126925,0.0625426119383967
4.0,16.5698,15.6008108052881,0.0640992325643124,1.7097253032666562e-05,1.0,16.11419329959511,0.0620570934832416
5.0,16.5698,16.260600438153336,0.0614983440373845,1.093056985471013e-05,1.0,16.29911645019263,0.0613530189231933
6.0,16.5698,17.029031249003243,0.0587232465181208,7.447816757337986e-06,1.5,16.50008985200879,0.0606057305729311
7.5,16.5698,17.904939795105122,0.0558505089346003,4.658730697527514e-06,1.5,16.74234522438172,0.0597287886850946
9.0,16.5698,18.8310974588358,0.0531036495449067,2.759708723012173e-06,nan,16.87149883591023,0.0592715567079046
nan,nan,nan,nan,1.772393826577692e-06,nan,17.030614049153076,0.0587177888662052
nan,nan,nan,nan,1.2197642724149722e-06,nan,17.162970848193986,0.0582649710731884
nan,nan,nan,nan,7.704766979042609e-07,nan,17.34264439281365,0.0576613333785691
Name:	483.2930238571752_10_80_1
Lambda:	483.2930238571752	Maximal Depth:	10	Filter time:	10 to 80 [us]
Chi2:	0.8846216168358348	RelRMS:	2.693105742285302	AbsRMS:	3.3462286757138284e-07	Phi model:	0.010848505279344
depth_vector,start_model,resistivity_model,conductivity_model,E/I[V/A],modelled_thickness,rhoa,sigma
0.0,16.5698,14.303059731440694,0.0699151103873124,0.0001106413973305,1.0,15.20138894682988,0.0657834625176498
1.0,16.5698,14.434685689796042,0.0692775735814535,7.018398641926455e-05,1.0,15.36894630179982,0.0650662693696114
2.0,16.5698,14.699561499015322,0.0680292401965178,4.702348289259663e-05,1.0,15.669801831995516,0.0638170163682696
3.0,16.5698,15.09627476899824,0.0662415076104472,2.901828998437121e-05,1.0,16.002345611272784,0.0624908387990042
4.0,16.5698,15.620118543403004,0.0640200006947027,1.7082403096795123e-05,1.0,16.123530786788173,0.0620211548713271
5.0,16.5698,16.262898003455415,0.0614896557666123,1.092461230822399e-05,1.0,16.305041537374155,0.0613307238566559
6.0,16.5698,17.01259172163052,0.0587799916886595,7.445901425800796e-06,1.5,16.50291930908525,0.0605953396045193
7.5,16.5698,17.870626639724943,0.0559577467628964,4.6590995273723104e-06,1.5,16.74146162616272,0.0597319411130298
9.0,16.5698,18.78362839055088,0.053237850494479,2.760785081495184e-06,nan,16.86711337777275,0.0592869673430775
nan,nan,nan,nan,1.7735480329847546e-06,nan,17.023224351146247,0.0587432779697029
nan,nan,nan,nan,1.2208247388664276e-06,nan,17.15303036002124,0.0582987366670038
nan,nan,nan,nan,7.71341525816888e-07,nan,17.329678923739305,0.0577044736028049
Name:	615.8482110660261_10_80_1
Lambda:	615.8482110660261	Maximal Depth:	10	Filter time:	10 to 80 [us]
Chi2:	0.8995522101776022	RelRMS:	2.7118858306185087	AbsRMS:	4.1705422519181963e-07	Phi model:	0.010228404158005
depth_vector,start_model,resistivity_model,conductivity_model,E/I[V/A],modelled_thickness,rhoa,sigma
0.0,16.5698,14.372349784456151,0.0695780449959206,0.0001103109003222,1.0,15.231736556414884,0.0656523959888767
1.0,16.5698,14.499760253645556,0.0689666575520501,7.000573257519951e-05,1.0,15.39502428477386,0.0649560521310141
2.0,16.5698,14.756141838580945,0.0677683916933782,4.692462782158664e-05,1.0,15.691801594387725,0.0637275454946904
3.0,16.5698,15.1401088279684,0.0660497233779915,2.897254894531184e-05,1.0,16.019183882364036,0.0624251527008768
4.0,16.5698,15.647159460808709,0.0639093633898657,1.7063806571267304e-05,1.0,16.13524318771535,0.0619761343765401
5.0,16.5698,16.2695208172193,0.0614646252483123,1.0917349000342817e-05,1.0,16.31227256075636,0.0613035367252122
6.0,16.5698,16.995875499193968,0.0588378045042413,7.443757193551551e-06,1.5,16.50608835326669,0.0605837057574026
7.5,16.5698,17.82941155602387,0.0560871006234717,4.659815600685841e-06,1.5,16.73974647661123,0.0597380612303298
9.0,16.5698,18.72018790968412,0.0534182672110193,2.7623437347707105e-06,nan,16.860767931776007,0.0593092796274947
nan,nan,nan,nan,1.7751617356832125e-06,nan,17.012906197714848,0.05877890516638
nan,nan,nan,nan,1.2222872382748525e-06,nan,17.13934492320606,0.0583452870853912
nan,nan,nan,nan,7.725237378050451e-07,nan,17.31199439003747,0.0577634198273233
Name:	784.7599703514607_10_80_1
Lambda:	784.7599703514607	Maximal Depth:	10	Filter time:	10 to 80 [us]
Chi2:	0.9175070823312356	RelRMS:	2.7342279636133533	AbsRMS:	5.044633920402658e-07	Phi model:	0.0096790543357148
depth_vector,start_model,resistivity_model,conductivity_model,E/I[V/A],modelled_thickness,rhoa,sigma
0.0,16.5698,14.43565313751802,0.0692729307412504,0.0001100038640621,1.0,15.260066001077602,0.065530516049497
1.0,16.5698,14.559354183763348,0.0686843652114188,6.983930155415404e-05,1.0,15.419472725518784,0.0648530606591384
2.0,16.5698,14.808252975207427,0.0675299106298521,4.683170881549656e-05,1.0,15.712550853241588,0.0636433898824069
3.0,16.5698,15.180970228465352,0.0658719426328188,2.892902391136418e-05,1.0,16.035247583744326,0.0623626167776633
4.0,16.5698,15.673148807864298,0.0638033883464585,1.7045750928632766e-05,1.0,16.14663530446294,0.0619324076591733
5.0,16.5698,16.27732943992415,0.0614351392033176,1.0910011100121487e-05,1.0,16.319585991423242,0.0612760642656958
6.0,16.5698,16.982729934246553,0.0588833481938288,7.441307793664883e-06,1.5,16.509710278729223,0.0605704148114809
7.5,16.5698,17.79377661520155,0.0561994241933824,4.660156765041383e-06,1.5,16.738929469116783,0.0597409769749608
9.0,16.5698,18.663275289280488,0.0535811632470729,2.7635815464820696e-06,nan,16.855732916174784,0.0593269960418273
nan,nan,nan,nan,1.7765163310969689e-06,nan,17.004256860051182,0.0588088034796358
nan,nan,nan,nan,1.2235409305312735e-06,nan,17.127635120048357,0.058385176528514
nan,nan,nan,nan,7.735518963391302e-07,nan,17.296650950519457,0.0578146603559672
Name:	1000.0_10_80_1
Lambda:	1000.0	Maximal Depth:	10	Filter time:	10.0 to 80.0 [us]
Chi2:	0.9031984977476789	RelRMS:	2.715894600666797	AbsRMS:	5.130545386408203e-07	Phi model:	0.009730334688546482
depth_vector,start_model,resistivity_model,conductivity_model,E/I[V/A],modelled_thickness,rhoa,sigma
0.0,16.5698,14.437918259567121,0.06926206271720381,0.00010997667140332057,1.0,15.262581350708063,0.06551971629318182
1.0,16.5698,14.56135720801826,0.06867491716014952,6.981988584275373e-05,1.0,15.422331186782618,0.06484104042954471
2.0,16.5698,14.80979337909205,0.06752288667387928,4.681723034823612e-05,1.0,15.715790143953297,0.06363027190107609
3.0,16.5698,15.181978590263064,0.0658675675278154,2.8918935121684768e-05,1.0,16.0389767859614,0.06234811692447116
4.0,16.5698,15.673790769866,0.06380077510812333,1.703911788724441e-05,1.0,16.15082544127555,0.0619163400431763
5.0,16.5698,16.27810468068489,0.061432213369813866,1.090537615253024e-05,1.0,16.324209708978294,0.06125870825158545
6.0,16.5698,16.98457303276904,0.058876958406352556,7.437910797474306e-06,1.5,16.514736704052662,0.06055197959980817
7.5,16.5698,17.79897033426433,0.05618302526606982,4.657851579660891e-06,1.5,16.74445177953358,0.05972127443564803
9.0,16.5698,18.675239799563975,0.053546835849644495,2.762111063547644e-06,nan,16.86171478253166,0.05930594918115781
nan,nan,nan,nan,1.7755150110826955e-06,nan,17.01064941005089,0.058786703311229344
nan,nan,nan,nan,1.2228193784814272e-06,nan,17.134372154896486,0.05836222015956565
nan,nan,nan,nan,7.73071936759543e-07,nan,17.30380926196657,0.05779074334793901
