Name:	10.0_10_80_1
Lambda:	10	Maximal Depth:	10	Filter time:	10 to 80 [us]
Chi2:	0.0800976042334575	RelRMS:	1.8150287813908712	AbsRMS:	4.816468876398914e-07	Phi model:	0.0051115540042985
depth_vector,start_model,resistivity_model,conductivity_model,E/I[V/A],modelled_thickness,rhoa,sigma
0.0,15.231,15.6635075347765,0.0638426608969782,0.000107133341449,1.0,15.257756875526054,0.0655404335092029
1.0,15.231,15.749746158718688,0.0634930868042227,6.939370275143855e-05,1.0,15.212531554431656,0.0657352786038221
2.0,15.231,15.896468843352528,0.062907052494125,4.745207444603662e-05,1.0,15.300841477587667,0.0653558826463745
3.0,15.231,16.045786171426066,0.0623216581173676,3.0016193140778034e-05,1.0,15.36997641010101,0.0650619085753969
4.0,15.231,16.148296763315475,0.0619260355848628,1.8093932515957456e-05,1.0,15.243437082372123,0.065602002658339
5.0,15.231,16.129047869597116,0.0619999399893267,1.181139725123298e-05,1.0,15.205609489313137,0.0657652033417551
6.0,15.231,15.934655299646526,0.0627562994740264,8.196689988112352e-06,1.5,15.206363796304702,0.0657619410791033
7.5,15.231,15.39382117069946,0.0649611288133836,5.238871978170816e-06,1.5,15.209499565268956,0.0657483828253961
9.0,15.231,14.506261096419369,0.0689357508012063,3.167793857941213e-06,nan,15.1183121209263,0.0661449500447759
nan,nan,nan,nan,2.069693444987796e-06,nan,15.08731165718775,0.0662808605483794
nan,nan,nan,nan,1.4446624450540432e-06,nan,15.06182393675993,0.0663930214692921
nan,nan,nan,nan,9.277155019071896e-07,nan,15.053027926427918,0.0664318172322224
Name:	12.742749857031335_10_80_1
Lambda:	12.742749857031336	Maximal Depth:	10	Filter time:	10 to 80 [us]
Chi2:	0.0808740353126069	RelRMS:	1.7963129384420444	AbsRMS:	4.870177851653827e-07	Phi model:	0.0041120848144633
depth_vector,start_model,resistivity_model,conductivity_model,E/I[V/A],modelled_thickness,rhoa,sigma
0.0,15.231,15.789568560089332,0.0633329527779283,0.0001071129070264,1.0,15.259697342203388,0.0655320992005734
1.0,15.231,15.85178487302594,0.0630843786999432,6.939123550692782e-05,1.0,15.21289214572039,0.0657337204800544
2.0,15.231,15.941302400474514,0.0627301317595125,4.745573688220749e-05,1.0,15.30005423063883,0.0653592454592395
3.0,15.231,16.040188208854254,0.0623434081308345,3.002039855620983e-05,1.0,15.368540971792342,0.0650679854278565
4.0,15.231,16.08443653708951,0.0621719012471512,1.809545157894358e-05,1.0,15.242583974251152,0.0656056743193457
5.0,15.231,16.0299169976981,0.0623833548323176,1.181159261025703e-05,1.0,15.205441825712544,0.0657659285052138
6.0,15.231,15.818848023571542,0.0632157283836286,8.196347136109782e-06,1.5,15.20678784666491,0.065760107268105
7.5,15.231,15.31978572406582,0.0652750644174547,5.238134837500733e-06,1.5,15.210926444378485,0.0657422152198737
9.0,15.231,14.529634726237877,0.068824854777263,3.1668805891562648e-06,nan,15.12121853911298,0.066132236460532
nan,nan,nan,nan,2.06883600690364e-06,nan,15.091480037259164,0.0662625532771545
nan,nan,nan,nan,1.4439217395827617e-06,nan,15.066974456797556,0.0663703255665137
nan,nan,nan,nan,9.27122837004018e-07,nan,15.059442359516886,0.0664035212013043
Name:	16.237767391887218_10_80_1
Lambda:	16.237767391887218	Maximal Depth:	10	Filter time:	10 to 80 [us]
Chi2:	0.0816593586819108	RelRMS:	1.7796674392236942	AbsRMS:	4.909382817357784e-07	Phi model:	0.0033594842034701
depth_vector,start_model,resistivity_model,conductivity_model,E/I[V/A],modelled_thickness,rhoa,sigma
0.0,15.231,15.900574134328826,0.0628908108318574,0.0001070998401851,1.0,15.260938501781204,0.0655267695288388
1.0,15.231,15.94054006895789,0.0627331317304216,6.93922138682552e-05,1.0,15.212749154266472,0.0657343383407821
2.0,15.231,15.989352548271793,0.0625416193045343,4.746104267302973e-05,1.0,15.298913921375316,0.0653641170307404
3.0,15.231,16.03644532327548,0.0623579590015867,3.002530257599729e-05,1.0,15.36686750143368,0.0650750714097523
4.0,15.231,16.03007890765941,0.0623827247364443,1.809738817764854e-05,1.0,15.241496550490092,0.0656103550387803
5.0,15.231,15.937534447582053,0.0627449624211927,1.1812078111930432e-05,1.0,15.205025172071906,0.0657677306471525
6.0,15.231,15.713721951324192,0.0636386467253056,8.196215235491408e-06,1.5,15.206950993457513,0.0657594017650369
7.5,15.231,15.252214833898694,0.0655642482675668,5.237554025077471e-06,1.5,15.212050955518407,0.0657373553983024
9.0,15.231,14.551346028289656,0.068722164812511,3.1660893888537102e-06,nan,15.123737611902913,0.0661212211995112
nan,nan,nan,nan,2.0680738308209662e-06,nan,15.09518772524066,0.0662462778338225
nan,nan,nan,nan,1.4432557347262617e-06,nan,15.071609304852371,0.0663499152461473
nan,nan,nan,nan,9.265852459670176e-07,nan,15.065266640032036,0.0663778493865325
Name:	20.6913808111479_10_80_1
Lambda:	20.6913808111479	Maximal Depth:	10	Filter time:	10 to 80 [us]
Chi2:	0.0823031250306238	RelRMS:	1.76628802730406	AbsRMS:	4.929022671394723e-07	Phi model:	0.0028830936984594
depth_vector,start_model,resistivity_model,conductivity_model,E/I[V/A],modelled_thickness,rhoa,sigma
0.0,15.231,15.984230091152558,0.0625616619816747,0.0001070954420275,1.0,15.26135631946171,0.0655249755701445
1.0,15.231,16.001025628027236,0.0624959938973168,6.939599411357822e-05,1.0,15.21219668773774,0.0657367256371383
2.0,15.231,16.027367234157687,0.062393279282251,4.746679239364097e-05,1.0,15.297678443514686,0.0653693959964193
3.0,15.231,16.03445400533286,0.0623657032330138,3.002984398939643e-05,1.0,15.365318174768168,0.0650816331055304
4.0,15.231,15.9940782348036,0.0625231404598215,1.8099193427140896e-05,1.0,15.240483055554096,0.0656147181394995
5.0,15.231,15.869575107837065,0.0630136593579092,1.1812574858991275e-05,1.0,15.204598897270534,0.0657695745054817
6.0,15.231,15.633930883809796,0.0639634399967561,8.196148314535145e-06,1.5,15.20703376911248,0.0657590438203098
7.5,15.231,15.198464685967735,0.0657961195858992,5.2370919422841685e-06,1.5,15.212945742639578,0.0657334888927626
9.0,15.231,14.56888259419887,0.0686394439336196,3.165450815528937e-06,nan,15.125771506660842,0.066112330175002
nan,nan,nan,nan,2.0674566431918204e-06,nan,15.098191770388883,0.0662330969965049
nan,nan,nan,nan,1.442715262498505e-06,nan,15.075373169631249,0.0663333496788299
nan,nan,nan,nan,9.26148753214753e-07,nan,15.069999762546583,0.0663570017091371
Name:	26.366508987303583_10_80_1
Lambda:	26.366508987303583	Maximal Depth:	10	Filter time:	10 to 80 [us]
Chi2:	0.082959924029615	RelRMS:	1.7532379086834735	AbsRMS:	4.942217075885373e-07	Phi model:	0.002507266707614
depth_vector,start_model,resistivity_model,conductivity_model,E/I[V/A],modelled_thickness,rhoa,sigma
0.0,15.231,16.064853673353507,0.0622476880482691,0.0001070943028368,1.0,15.26146454534586,0.0655245109031793
1.0,15.231,16.06606869047011,0.0622429804867676,6.94012704457156e-05,1.0,15.211425658438891,0.0657400576681138
2.0,15.231,16.0607929668999,0.0622634263489309,4.747321376120594e-05,1.0,15.296298939536864,0.0653752913664145
3.0,15.231,16.031109071199968,0.062378716005152,3.003461049817493e-05,1.0,15.36369247561504,0.06508851967632
4.0,15.231,15.953354436124714,0.0626827419903367,1.810108487613157e-05,1.0,15.23942134761242,0.0656192894198487
5.0,15.231,15.802695274285044,0.0632803444376511,1.181310870003568e-05,1.0,15.204140824220977,0.0657715560228795
6.0,15.231,15.558353939246183,0.0642741516168677,8.19609638847192e-06,1.5,15.207097998108477,0.0657587660791286
7.5,15.231,15.150630039437113,0.0660038557734561,5.236636791568626e-06,1.5,15.21382723498098,0.0657296802806273
9.0,15.231,14.586084978099583,0.0685584926662267,3.164820477598059e-06,nan,15.127779841966005,0.0661035532276784
nan,nan,nan,nan,2.0668474324885203e-06,nan,15.101158455491142,0.0662200852303735
nan,nan,nan,nan,1.4421817174716944e-06,nan,15.079091098939235,0.0663169944022917
nan,nan,nan,nan,9.25718111096726e-07,nan,15.074673088382957,0.0663364302586855
Name:	33.59818286283781_10_80_1
Lambda:	33.59818286283781	Maximal Depth:	10	Filter time:	10 to 80 [us]
Chi2:	0.0835122895761257	RelRMS:	1.7415977418305637	AbsRMS:	4.943299653211801e-07	Phi model:	0.0022617764266735
depth_vector,start_model,resistivity_model,conductivity_model,E/I[V/A],modelled_thickness,rhoa,sigma
0.0,15.231,16.126221526213676,0.0620108063364048,0.0001070983894336,1.0,15.261076317606705,0.0655261777864448
1.0,15.231,16.115194263827473,0.0620532389264845,6.940799872208872e-05,1.0,15.210442598547978,0.0657443064868777
2.0,15.231,16.087177332629068,0.0621613089309169,4.747959874507482e-05,1.0,15.294927560197744,0.0653811530694867
3.0,15.231,16.028720791037628,0.0623880104368119,3.003887638419636e-05,1.0,15.362237886979754,0.0650946826469565
4.0,15.231,15.92244073283517,0.0628044416543379,1.8102693093666424e-05,1.0,15.23851876855414,0.0656231760572147
5.0,15.231,15.750565812684938,0.0634897826460707,1.1813499574060427e-05,1.0,15.203805448777418,0.0657730068547024
6.0,15.231,15.498852267455918,0.0645209066286652,8.195970082530645e-06,1.5,15.207254232768031,0.0657580904937616
7.5,15.231,15.112681713224598,0.0661695931255492,5.236174938337103e-06,1.5,15.21472183865175,0.0657258154703546
9.0,15.231,14.600917000784785,0.0684888490186096,3.164233062444168e-06,nan,15.12965202015816,0.0660953734208585
nan,nan,nan,nan,2.066292728766199e-06,nan,15.103860974820757,0.0662082365341599
nan,nan,nan,nan,1.4417003839055417e-06,nan,15.082447167909043,0.0663022378840286
nan,nan,nan,nan,9.253330736501144e-07,nan,15.078854581756069,0.0663180346078741
Name:	42.81332398719393_10_80_1
Lambda:	42.81332398719393	Maximal Depth:	10	Filter time:	10 to 80 [us]
Chi2:	0.083992640447623	RelRMS:	1.7303951295708484	AbsRMS:	4.935107685550491e-07	Phi model:	0.0020924189351041
depth_vector,start_model,resistivity_model,conductivity_model,E/I[V/A],modelled_thickness,rhoa,sigma
0.0,15.231,16.175098133099162,0.061823427083493,0.0001071065348949,1.0,15.26030257034542,0.0655295001780141
1.0,15.231,16.15411217946018,0.0619037424583129,6.941585606977498e-05,1.0,15.209294772508288,0.0657492681256701
2.0,15.231,16.107641511497672,0.0620823352249426,4.748593668459546e-05,1.0,15.293566589081728,0.0653869713238711
3.0,15.231,16.02593118572177,0.06239887020674,3.004270102371122e-05,1.0,15.36093404795996,0.0651002078960691
4.0,15.231,15.896734347702097,0.0629060018320399,1.8104001901303352e-05,1.0,15.237784325780495,0.0656263390149262
5.0,15.231,15.707993908508165,0.0636618530554913,1.1813698735276069e-05,1.0,15.203634572748868,0.0657737460878209
6.0,15.231,15.450713467196277,0.0647219302929356,8.195713022130088e-06,1.5,15.20757221709462,0.0657567155180702
7.5,15.231,15.08253363095824,0.0663018577957891,5.235646810730525e-06,1.5,15.215744976108862,0.0657213959336305
9.0,15.231,14.614434675088669,0.0684255000095604,3.1636318927130723e-06,nan,15.131568636061926,0.0660870015562547
nan,nan,nan,nan,2.0657440546070964e-06,nan,15.106535307875642,0.0661965155887637
nan,nan,nan,nan,1.4412312025003563e-06,nan,15.085720304495132,0.0662878523408675
nan,nan,nan,nan,9.24962824597895e-07,nan,15.082878209570646,0.0663003430847477
Name:	54.5559478116852_10_80_1
Lambda:	54.5559478116852	Maximal Depth:	10	Filter time:	10 to 80 [us]
Chi2:	0.084414436507658	RelRMS:	1.7190760903797349	AbsRMS:	4.918061424772478e-07	Phi model:	0.0019722598441998
depth_vector,start_model,resistivity_model,conductivity_model,E/I[V/A],modelled_thickness,rhoa,sigma
0.0,15.231,16.212952640192633,0.06167907981924,0.0001071186427802,1.0,15.259152608838434,0.0655344386175663
1.0,15.231,16.18399022016751,0.0617894589897774,6.942484797025772e-05,1.0,15.207981473102514,0.065754945964962
2.0,15.231,16.122776626151374,0.0620240559791658,4.749225156041388e-05,1.0,15.292210871590507,0.0653927681482456
3.0,15.231,16.02257476042352,0.062411941585696,3.004608437679533e-05,1.0,15.359780876310673,0.0651050954471815
4.0,15.231,15.87529576443699,0.0629909524104834,1.810497289773265e-05,1.0,15.237239504328729,0.0656286855447741
5.0,15.231,15.673464370220843,0.0638021037582458,1.18136565213189e-05,1.0,15.203670791012891,0.0657735894012592
6.0,15.231,15.412263496715632,0.0648833962781067,8.195275981718766e-06,1.5,15.2081128752787,0.0657543778245842
7.5,15.231,15.059218610747642,0.066404507819968,5.235007669898043e-06,1.5,15.216983408682742,0.0657160472048227
9.0,15.231,14.627156279421907,0.0683659886376439,3.162979886935782e-06,nan,15.133648010913308,0.0660779211515208
nan,nan,nan,nan,2.0651716506694733e-06,nan,15.109326566055149,0.0661842866145084
nan,nan,nan,nan,1.440750338626942e-06,nan,15.08907678444372,0.0662731069823279
nan,nan,nan,nan,9.24589619482222e-07,nan,15.08693667945487,0.0662825079236782
Name:	69.51927961775606_10_80_1
Lambda:	69.51927961775606	Maximal Depth:	10	Filter time:	10 to 80 [us]
Chi2:	0.0847999131671456	RelRMS:	1.7071040737124676	AbsRMS:	4.892017368478801e-07	Phi model:	0.0018821211921048
depth_vector,start_model,resistivity_model,conductivity_model,E/I[V/A],modelled_thickness,rhoa,sigma
0.0,15.231,16.241107170811464,0.0615721569645942,0.0001071349562509,1.0,15.25760355914172,0.0655410920937739
1.0,15.231,16.205868643267504,0.0617060413121042,6.943515766887224e-05,1.0,15.206476053359808,0.065761455612134
2.0,15.231,16.133089536947914,0.0619844077422247,4.749866315535747e-05,1.0,15.290834697170176,0.065398653494375
3.0,15.231,16.018468942340313,0.062427938874781,3.004906998598144e-05,1.0,15.358763450206585,0.0651094082698792
4.0,15.231,15.857249044324382,0.0630626407647876,1.810558656756915e-05,1.0,15.236895202233056,0.0656301685302294
5.0,15.231,15.645595510760522,0.0639157518364982,1.1813331707227433e-05,1.0,15.203949478629395,0.0657723837747287
6.0,15.231,15.381991496990937,0.0650110878162702,8.194613227013622e-06,1.5,15.208932853983171,0.0657508327244737
7.5,15.231,15.04187854079146,0.06648105801999,5.234213417609071e-06,1.5,15.218522744497184,0.0657094001033435
9.0,15.231,14.639623962399996,0.0683077654568431,3.1622396189337936e-06,nan,15.136009737553614,0.0660676107731962
nan,nan,nan,nan,2.064545143936429e-06,nan,15.11238312830546,0.0661709004800839
nan,nan,nan,nan,1.4402333000219046e-06,nan,15.092687851480838,0.0662572505202831
nan,nan,nan,nan,9.241951329531946e-07,nan,15.09122954629853,0.0662636531325754
Name:	88.58667904100822_10_80_1
Lambda:	88.58667904100822	Maximal Depth:	10	Filter time:	10 to 80 [us]
Chi2:	0.0851803536878082	RelRMS:	1.693880644996784	AbsRMS:	4.856580943289098e-07	Phi model:	0.0018084208367733
depth_vector,start_model,resistivity_model,conductivity_model,E/I[V/A],modelled_thickness,rhoa,sigma
0.0,15.231,16.260680771868596,0.0614980402130534,0.0001071558673575,1.0,15.255618514613143,0.0655496202295642
1.0,15.231,16.220622019208538,0.0616499169277106,6.94470101573282e-05,1.0,15.204745816078963,0.065768938994199
2.0,15.231,16.138984682397133,0.0619617664728751,4.7505286401152726e-05,1.0,15.289413419417102,0.0654047328414855
3.0,15.231,16.013420791674406,0.0624476189697028,3.0051676229119688e-05,1.0,15.357875440939814,0.0651131729675498
4.0,15.231,15.841808796009898,0.06312410488453,1.8105798618919548e-05,1.0,15.236776234434275,0.065630680966493
5.0,15.231,15.62318109687817,0.0640074510945674,1.1812661851483968e-05,1.0,15.20452424925873,0.0657698974072637
6.0,15.231,15.358605301589128,0.0651100787059442,8.193661249757972e-06,1.5,15.21011086036059,0.0657457403947082
7.5,15.231,15.02981218632377,0.0665344308766506,5.233206549344756e-06,1.5,15.220474709781437,0.0657009731343891
9.0,15.231,14.652435868233516,0.0682480380049299,3.161364620380733e-06,nan,15.138802492654134,0.0660554228437311
nan,nan,nan,nan,2.0638277583686323e-06,nan,15.115884963677912,0.0661555709376532
nan,nan,nan,nan,1.439650832830309e-06,nan,15.096758469449338,0.0662393852311843
nan,nan,nan,nan,9.237577800777714e-07,nan,15.09599246292576,0.0662427463749667
Name:	112.88378916846884_10_80_1
Lambda:	112.88378916846884	Maximal Depth:	10	Filter time:	10 to 80 [us]
Chi2:	0.0856125119862632	RelRMS:	1.6791764231442363	AbsRMS:	4.810200645233343e-07	Phi model:	0.0017419261326285
depth_vector,start_model,resistivity_model,conductivity_model,E/I[V/A],modelled_thickness,rhoa,sigma
0.0,15.231,16.27250869890787,0.0614533394022468,0.0001071826639015,1.0,15.253075722255822,0.0655605478009196
1.0,15.231,16.228858386737365,0.061618628751929,6.946119162421718e-05,1.0,15.202676238980064,0.0657778922789905
2.0,15.231,16.14068071430554,0.0619552556487717,4.751261107861674e-05,1.0,15.287842006452342,0.0654114556899491
3.0,15.231,16.007150728192663,0.0624720799460422,3.005415635228377e-05,1.0,15.357030522939723,0.0651167553848538
4.0,15.231,15.82821730172797,0.0631783087720706,1.810570942764817e-05,1.0,15.23682627339514,0.0656304654300672
5.0,15.231,15.60513770652704,0.0640814595043104,1.1811681163760395e-05,1.0,15.205365827678188,0.0657662572103138
6.0,15.231,15.34096501628232,0.0651849475530801,8.192424954622371e-06,1.5,15.211641031077802,0.065739126893474
7.5,15.231,15.022429177560136,0.0665671302677037,5.231974626975393e-06,1.5,15.222863827829622,0.0656906618432632
9.0,15.231,14.666055688130989,0.0681846585929224,3.160336802799345e-06,nan,15.142084650020134,0.0660411048487085
nan,nan,nan,nan,2.0630018897586632e-06,nan,15.119918859523567,0.0661379210623297
nan,nan,nan,nan,1.4389874122795592e-06,nan,15.10139818128715,0.0662190340255478
nan,nan,nan,nan,9.232650751143224e-07,nan,15.101362685937747,0.0662191896716175
Name:	143.8449888287663_10_80_1
Lambda:	143.8449888287663	Maximal Depth:	10	Filter time:	10 to 80 [us]
Chi2:	0.0861602350306123	RelRMS:	1.6622622825509537	AbsRMS:	4.752531256669913e-07	Phi model:	0.0016755549512006
depth_vector,start_model,resistivity_model,conductivity_model,E/I[V/A],modelled_thickness,rhoa,sigma
0.0,15.231,16.277251853713285,0.0614354320365125,0.0001072158443002,1.0,15.249928617487912,0.0655740774322868
1.0,15.231,16.231080911506496,0.0616101913022368,6.947787867970383e-05,1.0,15.200241909637723,0.0657884266543119
2.0,15.231,16.13835646143891,0.0619641784706767,4.752064743315237e-05,1.0,15.286118376996209,0.0654188313434024
3.0,15.231,15.999441408978075,0.0625021820723597,3.005641516408476e-05,1.0,15.356261101479276,0.0651200180429121
4.0,15.231,15.81587698863584,0.0632276035479112,1.810518570378255e-05,1.0,15.237120106378129,0.0656291998106262
5.0,15.231,15.590622583918089,0.0641411203829353,1.1810258367460886e-05,1.0,15.206587009196864,0.0657609757794569
6.0,15.231,15.328239849828918,0.0652390626580103,8.190786590409514e-06,1.5,15.213669438422055,0.0657303620305108
7.5,15.231,15.019375935722836,0.0665806624908795,5.230421152854565e-06,1.5,15.225877881426625,0.0656776579838365
9.0,15.231,14.681219323706578,0.0681142334264596,3.159084161467936e-06,nan,15.14608714923002,0.0660236528515443
nan,nan,nan,nan,2.0620130448735656e-06,nan,15.12475234323413,0.066116785075647
nan,nan,nan,nan,1.4382008089646685e-06,nan,15.10690400830558,0.0661948999907733
nan,nan,nan,nan,9.226866822599918e-07,nan,15.107672959432662,0.0661915307992974
Name:	183.29807108324357_10_80_1
Lambda:	183.2980710832436	Maximal Depth:	10	Filter time:	10 to 80 [us]
Chi2:	0.0869311458541021	RelRMS:	1.6429214090241642	AbsRMS:	4.6823033722364826e-07	Phi model:	0.0016045379186971
depth_vector,start_model,resistivity_model,conductivity_model,E/I[V/A],modelled_thickness,rhoa,sigma
0.0,15.231,16.275290367596245,0.0614428361899446,0.0001072568715009,1.0,15.24603950053644,0.0655908047440658
1.0,15.231,16.227528978663255,0.0616236767356785,6.949786582775342e-05,1.0,15.197327440769149,0.0658010432358881
2.0,15.231,16.132003240102794,0.0619885816483153,4.752982720436275e-05,1.0,15.28415010296748,0.0654272558999434
3.0,15.231,15.989978672909825,0.0625391703426219,3.0058627677463268e-05,1.0,15.355507544124231,0.0651232137476724
4.0,15.231,15.804195707419698,0.0632743366706427,1.8104263360737703e-05,1.0,15.23763761735126,0.0656269708672746
5.0,15.231,15.578883037871876,0.0641894542483581,1.1808376666840968e-05,1.0,15.208202443454654,0.0657539905664776
6.0,15.231,15.319711498672037,0.0652753806810711,8.18871029750498e-06,1.5,15.21624100325729,0.0657192535124761
7.5,15.231,15.020385373917255,0.0665761879676196,5.22850413399132e-06,1.5,15.22959934248114,0.0656616091803951
9.0,15.231,14.698494697299868,0.0680341776892093,3.15756925061473e-06,nan,15.150931199753964,0.0660025437919115
nan,nan,nan,nan,2.0608301971765026e-06,nan,15.130539191510154,0.06609149795277
nan,nan,nan,nan,1.4372656689635245e-06,nan,15.113456050860696,0.0661662029276917
nan,nan,nan,nan,9.220034960345096e-07,nan,15.11513502790709,0.0661588532390679
Name:	233.57214690901213_10_80_1
Lambda:	233.57214690901213	Maximal Depth:	10	Filter time:	10 to 80 [us]
Chi2:	0.0880735177081281	RelRMS:	1.6209937822739633	AbsRMS:	4.5989784250373604e-07	Phi model:	0.0015253429460849
depth_vector,start_model,resistivity_model,conductivity_model,E/I[V/A],modelled_thickness,rhoa,sigma
0.0,15.231,16.26683064287999,0.0614747901391412,0.0001073071358669,1.0,15.241278137474051,0.0656112952588457
1.0,15.231,16.21830471310253,0.0616587255998535,6.952185576386803e-05,1.0,15.193831140874927,0.0658161849192708
2.0,15.231,16.121534064924607,0.0620288364601533,4.754049208073066e-05,1.0,15.281864196656054,0.0654370427018202
3.0,15.231,15.978449022035496,0.0625842970504161,3.00608940156498e-05,1.0,15.3547357504799,0.0651264871144881
4.0,15.231,15.792662256414197,0.0633205461982098,1.8102925522445955e-05,1.0,15.2383883337286,0.0656237377667166
5.0,15.231,15.569312120599658,0.0642289134069646,1.1805980845185987e-05,1.0,15.21025987005268,0.0657450963062695
6.0,15.231,15.31484565915894,0.0652961200037923,8.186131177500758e-06,1.5,15.219436851639625,0.0657054534768983
7.5,15.231,15.025330297423755,0.0665542773573144,5.226161453106642e-06,1.5,15.234150219397812,0.0656419941774427
9.0,15.231,14.718513316896766,0.0679416445444939,3.1557417733007907e-06,nan,15.156779864060868,0.0659770748779665
nan,nan,nan,nan,2.059413567739362e-06,nan,15.137477059948823,0.0660612066356704
nan,nan,nan,nan,1.4361503194852698e-06,nan,15.121280024877157,0.0661319675553144
nan,nan,nan,nan,9.211922119392748e-07,nan,15.124008217278629,0.0661200381296762
Name:	297.63514416313194_10_80_1
Lambda:	297.63514416313194	Maximal Depth:	10	Filter time:	10 to 80 [us]
Chi2:	0.0897927479417988	RelRMS:	1.5966020590632914	AbsRMS:	4.502959671017976e-07	Phi model:	0.0014355580140427
depth_vector,start_model,resistivity_model,conductivity_model,E/I[V/A],modelled_thickness,rhoa,sigma
0.0,15.231,16.251942061931434,0.0615311078632504,0.0001073680868852,1.0,15.23550945042183,0.0656361379482661
1.0,15.231,16.20339918505287,0.0617154455419742,6.955057151008682e-05,1.0,15.189648743153183,0.0658343070935564
2.0,15.231,16.10679925432392,0.0620855816360626,4.755298785950714e-05,1.0,15.27918694240286,0.0654485087308406
3.0,15.231,15.964538489896483,0.0626388292171973,3.006331202121821e-05,1.0,15.3539124139551,0.0651299794501305
4.0,15.231,15.78082808051592,0.0633680308091479,1.8101153613328985e-05,1.0,15.23938276753813,0.0656194555418694
5.0,15.231,15.561414465475316,0.0642615105598921,1.1803014691957547e-05,1.0,15.212808036667465,0.0657340839107216
6.0,15.231,15.313240464631493,0.0653029646017554,8.182983728733496e-06,1.5,15.223339203891529,0.0656886105345646
7.5,15.231,15.034175156662275,0.0665151223515483,5.223330873031754e-06,1.5,15.239653424075398,0.0656182901390797
9.0,15.231,14.741895935829138,0.0678338800079011,3.153551723561984e-06,nan,15.16379634660103,0.0659465464414622
nan,nan,nan,nan,2.0577237783358865e-06,nan,15.145763124700746,0.0660250653444547
nan,nan,nan,nan,1.4348234822344236e-06,nan,15.130600747084143,0.0660912290738166
nan,nan,nan,nan,9.202298792986408e-07,nan,15.134550359386491,0.0660739814698093
Name:	379.26901907322497_10_80_1
Lambda:	379.26901907322497	Maximal Depth:	10	Filter time:	10 to 80 [us]
Chi2:	0.092362758517449	RelRMS:	1.5703049401898557	AbsRMS:	4.396233731508741e-07	Phi model:	0.0013338744712685
depth_vector,start_model,resistivity_model,conductivity_model,E/I[V/A],modelled_thickness,rhoa,sigma
0.0,15.231,16.230625020181087,0.061611921830281,0.0001074411384475,1.0,15.228602698532208,0.0656659064390972
1.0,15.231,16.182752753598514,0.0617941839207567,6.958472147307794e-05,1.0,15.184678606321151,0.0658558554926355
2.0,15.231,16.08763227100695,0.0621595510858484,4.756765754403458e-05,1.0,15.2760454188533,0.0654619682372655
3.0,15.231,15.947958587874249,0.0627039501319205,3.0065985292059795e-05,1.0,15.353002287462088,0.0651338403575073
4.0,15.231,15.768310689705094,0.0634183343846012,1.809893888184681e-05,1.0,15.240625951008663,0.0656141029387193
5.0,15.231,15.554787941021992,0.0642888867268156,1.179943220759564e-05,1.0,15.215887105133758,0.0657207820411999
6.0,15.231,15.314589523148143,0.0652972120792719,8.179211842736179e-06,1.5,15.228019058843715,0.065668423196466
7.5,15.231,15.046932104250628,0.0664587301299451,5.219958051955988e-06,1.5,15.246217345343808,0.0655900396373005
9.0,15.231,14.769206606639475,0.0677084441049427,3.1509551374467305e-06,nan,15.17212582036778,0.0659103418887782
nan,nan,nan,nan,2.0557260974364343e-06,nan,15.155573609183453,0.065982326092498
nan,nan,nan,nan,1.433257517729282e-06,nan,15.141619781636615,0.0660431324007207
nan,nan,nan,nan,9.190961920321052e-07,nan,15.146993251143629,0.0660197032783716
Name:	483.2930238571752_10_80_1
Lambda:	483.2930238571752	Maximal Depth:	10	Filter time:	10 to 80 [us]
Chi2:	0.0961298385851501	RelRMS:	1.543235501980626	AbsRMS:	4.283198491372712e-07	Phi model:	0.0012201846907685
depth_vector,start_model,resistivity_model,conductivity_model,E/I[V/A],modelled_thickness,rhoa,sigma
0.0,15.231,16.20290020223774,0.0617173461243619,0.0001075274783335,1.0,15.220449670349284,0.0657010812202272
1.0,15.231,16.15633570734842,0.0618952229090639,6.962490938884264e-05,1.0,15.178834918950043,0.065881209285144
2.0,15.231,16.063913701662628,0.0622513304398852,4.758480123579189e-05,1.0,15.272376130411171,0.0654776959040935
3.0,15.231,15.92848733979046,0.0627806004843869,3.0069013506585142e-05,1.0,15.351971481780764,0.0651382137588497
4.0,15.231,15.754808181449972,0.0634726864638961,1.8096285040489707e-05,1.0,15.242115951667191,0.0656076887993113
5.0,15.231,15.549111348733678,0.0643123569940503,1.1795203994383304e-05,1.0,15.219523168955138,0.0657050808293261
6.0,15.231,15.31864648648601,0.0652799188807047,8.174776050317533e-06,1.5,15.233527240247064,0.0656446786242646
7.5,15.231,15.06360986074266,0.0663851499902493,5.216003232101697e-06,1.5,15.253922916505608,0.0655569066051817
9.0,15.231,14.80089986388414,0.0675634596001904,3.1479192808857686e-06,nan,15.18187892886658,0.0658679999152552
nan,nan,nan,nan,2.0533944462362994e-06,nan,15.1670443155369,0.0659324242216141
nan,nan,nan,nan,1.4314315749194027e-06,nan,15.154493540396128,0.0659870286878528
nan,nan,nan,nan,9.177757719513824e-07,nan,15.161517932739397,0.0659564566316032
Name:	615.8482110660261_10_80_1
Lambda:	615.8482110660261	Maximal Depth:	10	Filter time:	10 to 80 [us]
Chi2:	0.1015019946438186	RelRMS:	1.5172112666485726	AbsRMS:	4.171446650203828e-07	Phi model:	0.0010957372544265
depth_vector,start_model,resistivity_model,conductivity_model,E/I[V/A],modelled_thickness,rhoa,sigma
0.0,15.231,16.168908315383554,0.0618470944663946,0.0001076278544358,1.0,15.210984914888405,0.065741962509029
1.0,15.231,16.12423879465641,0.0620184315511006,6.967153819072022e-05,1.0,15.172061709727728,0.0659106203976773
2.0,15.231,16.035643996028604,0.0623610751303571,4.760463777913477e-05,1.0,15.268133235758876,0.0654958916429901
3.0,15.231,15.906017360843956,0.0628692888555316,3.0072488328018653e-05,1.0,15.35078886404837,0.0651432319769575
4.0,15.231,15.740118358985878,0.0635319237881785,1.809321682933587e-05,1.0,15.243839054454403,0.0656002727677572
5.0,15.231,15.54413336171028,0.0643329529366552,1.1790328933633814e-05,1.0,15.22371818835271,0.0656869752597677
6.0,15.231,15.325185446737088,0.0652520652017892,8.169665286027112e-06,1.5,15.239879752797869,0.0656173156363921
7.5,15.231,15.084152500342608,0.0662947421127761,5.211451448659711e-06,1.5,15.26280367344006,0.0655187619126736
9.0,15.231,14.837245824070308,0.067397953222404,3.144430328874658e-06,nan,15.193107047774651,0.0658193216736711
nan,nan,nan,nan,2.050717227344355e-06,nan,15.180241866472802,0.0658751032293238
nan,nan,nan,nan,1.4293361237094717e-06,nan,15.169301229671143,0.065922614684716
nan,nan,nan,nan,9.162614225638524e-07,nan,15.178218781791442,0.0658838836345968
Name:	784.7599703514607_10_80_1
Lambda:	784.7599703514607	Maximal Depth:	10	Filter time:	10 to 80 [us]
Chi2:	0.1089155899085977	RelRMS:	1.4947227686550035	AbsRMS:	4.07218285936675e-07	Phi model:	0.0009632215673962
depth_vector,start_model,resistivity_model,conductivity_model,E/I[V/A],modelled_thickness,rhoa,sigma
0.0,15.231,16.12901166335742,0.0620000791661551,0.000107742328695,1.0,15.20020874338168,0.0657885702020644
1.0,15.231,16.086765895399196,0.0621628987766894,6.972469569498456e-05,1.0,15.164349363898928,0.0659441414862581
2.0,15.231,16.003018863126176,0.0624882097904776,4.762725574475202e-05,1.0,15.263299008719931,0.0655166356518796
3.0,15.231,15.880607118512406,0.0629698847491967,3.007648387406484e-05,1.0,15.349429304819225,0.0651490019688244
4.0,15.231,15.7241612451736,0.063596396933855,1.808978602056982e-05,1.0,15.24576636834017,0.065591979821797
5.0,15.231,15.539664346986548,0.0643514542959816,1.1784844582372077e-05,1.0,15.228440962758402,0.0656666038529833
6.0,15.231,15.333962851540257,0.0652147138793643,8.163907993698878e-06,1.5,15.247043816337776,0.0655864843077621
7.5,15.231,15.108376218231532,0.0661884497417586,5.206322481330697e-06,1.5,15.272826048360487,0.0654757670147987
9.0,15.231,14.878249512435142,0.0672122079391266,3.1405009752017684e-06,nan,15.205777350856804,0.0657644773381909
nan,nan,nan,nan,2.04770315243517e-06,nan,15.19513437953655,0.0658105400730585
nan,nan,nan,nan,1.4269775110786511e-06,nan,15.186011914184744,0.0658500734525259
nan,nan,nan,nan,9.145574150436096e-07,nan,15.197066349350855,0.0658021737230037
Name:	1000.0_10_80_1
Lambda:	1000	Maximal Depth:	10	Filter time:	10 to 80 [us]
Chi2:	0.1187747379081753	RelRMS:	1.4787125301435686	AbsRMS:	3.999694164804952e-07	Phi model:	0.000826666452617
depth_vector,start_model,resistivity_model,conductivity_model,E/I[V/A],modelled_thickness,rhoa,sigma
0.0,15.231,16.083877939922324,0.0621740604930771,0.0001078700492736,1.0,15.18820811375606,0.0658405515983345
1.0,15.231,16.04451060319084,0.0623266128043273,6.978404640502302e-05,1.0,15.155750048607311,0.0659815579428806
2.0,15.231,15.966491809467287,0.0626311660653627,4.765256487422453e-05,1.0,15.257894122818616,0.0655398439621147
3.0,15.231,15.852523721227335,0.0630814384879897,3.008104468327229e-05,1.0,15.347877772098748,0.065155587948317
4.0,15.231,15.70699810032966,0.0636658891541479,1.80860743216022e-05,1.0,15.247852163150537,0.0655830073180207
5.0,15.231,15.535569606312905,0.0643684155355107,1.1778834643705734e-05,1.0,15.233620547881143,0.065644276543247
6.0,15.231,15.344685003802514,0.0651691448701744,8.157580648901388e-06,1.5,15.25492694087301,0.0655525918856201
7.5,15.231,15.135914409248754,0.0660680268771177,5.2006787394409485e-06,1.5,15.283873363542329,0.0654284405669945
9.0,15.231,14.923579130723786,0.0670080542502876,3.136176550594312e-06,nan,15.219752145586892,0.0657040923159815
nan,nan,nan,nan,2.044385962779407e-06,nan,15.21156686740548,0.0657394474031959
nan,nan,nan,nan,1.4243816677467175e-06,nan,15.20445666336618,0.0657701897634667
nan,nan,nan,nan,9.126821706001982e-07,nan,15.217875684779989,0.0657121940482231
Name:	200_10_80_1
Lambda:	200	Maximal Depth:	10	Filter time:	10 to 80 [us]
Chi2:	0.0872900359189879	RelRMS:	1.635332896025817	AbsRMS:	4.65383378230603e-07	Phi model:	0.001577137242278
depth_vector,start_model,resistivity_model,conductivity_model,E/I[V/A],modelled_thickness,rhoa,sigma
0.0,15.231,16.272988833381547,0.0614515262217013,0.0001072738202663,1.0,15.24443358928197,0.0655977143488675
1.0,15.231,16.224861826921167,0.0616338068494824,6.950600084398528e-05,1.0,15.196141615893938,0.0658061779941614
2.0,15.231,16.128717194250175,0.0620012111289604,4.753347696255307e-05,1.0,15.283367718712864,0.0654306052438695
3.0,15.231,15.986084830396331,0.0625544034458378,3.005943298673221e-05,1.0,15.355233287725232,0.0651243768988769
4.0,15.231,15.800053610204056,0.0632909244911786,1.810383169094578e-05,1.0,15.237879835014814,0.0656259276767703
5.0,15.231,15.575217615505965,0.0642045603911464,1.1807577447117369e-05,1.0,15.208888700975454,0.0657510236060747
6.0,15.231,15.317562152036132,0.0652845400641689,8.187844165736982e-06,1.5,15.217314060430848,0.0657146192835877
7.5,15.231,15.02171441338271,0.0665702976691601,5.227713877567144e-06,1.5,15.231134109659516,0.0656549927799404
9.0,15.231,14.70534728785772,0.0680024742309693,3.1569505857207016e-06,nan,15.152910545089362,0.0659939222253293
nan,nan,nan,nan,2.0603496561481127e-06,nan,15.13289172497054,0.0660812234815581
nan,nan,nan,nan,1.4368868902803125e-06,nan,15.116111979468847,0.066154577404443
nan,nan,nan,nan,9.217276421840898e-07,nan,15.118150640514283,0.0661456565540599
Name:	200_10_80_2
Lambda:	200	Maximal Depth:	10	Filter time:	10 to 80 [us]
Chi2:	0.0872900359189879	RelRMS:	1.635332896025817	AbsRMS:	4.65383378230603e-07	Phi model:	0.001577137242278
depth_vector,start_model,resistivity_model,conductivity_model,E/I[V/A],modelled_thickness,rhoa,sigma
0.0,15.231,16.272988833381547,0.0614515262217013,0.0001072738202663,1.0,15.24443358928197,0.0655977143488675
1.0,15.231,16.224861826921167,0.0616338068494824,6.950600084398528e-05,1.0,15.196141615893938,0.0658061779941614
2.0,15.231,16.128717194250175,0.0620012111289604,4.753347696255307e-05,1.0,15.283367718712864,0.0654306052438695
3.0,15.231,15.986084830396331,0.0625544034458378,3.005943298673221e-05,1.0,15.355233287725232,0.0651243768988769
4.0,15.231,15.800053610204056,0.0632909244911786,1.810383169094578e-05,1.0,15.237879835014814,0.0656259276767703
5.0,15.231,15.575217615505965,0.0642045603911464,1.1807577447117369e-05,1.0,15.208888700975454,0.0657510236060747
6.0,15.231,15.317562152036132,0.0652845400641689,8.187844165736982e-06,1.5,15.217314060430848,0.0657146192835877
7.5,15.231,15.02171441338271,0.0665702976691601,5.227713877567144e-06,1.5,15.231134109659516,0.0656549927799404
9.0,15.231,14.70534728785772,0.0680024742309693,3.1569505857207016e-06,nan,15.152910545089362,0.0659939222253293
nan,nan,nan,nan,2.0603496561481127e-06,nan,15.13289172497054,0.0660812234815581
nan,nan,nan,nan,1.4368868902803125e-06,nan,15.116111979468847,0.066154577404443
nan,nan,nan,nan,9.217276421840898e-07,nan,15.118150640514283,0.0661456565540599
Name:	200_10_80_3
Lambda:	200	Maximal Depth:	10	Filter time:	10 to 80 [us]
Chi2:	0.0872900359189879	RelRMS:	1.635332896025817	AbsRMS:	4.65383378230603e-07	Phi model:	0.001577137242278
depth_vector,start_model,resistivity_model,conductivity_model,E/I[V/A],modelled_thickness,rhoa,sigma
0.0,15.231,16.272988833381547,0.0614515262217013,0.0001072738202663,1.0,15.24443358928197,0.0655977143488675
1.0,15.231,16.224861826921167,0.0616338068494824,6.950600084398528e-05,1.0,15.196141615893938,0.0658061779941614
2.0,15.231,16.128717194250175,0.0620012111289604,4.753347696255307e-05,1.0,15.283367718712864,0.0654306052438695
3.0,15.231,15.986084830396331,0.0625544034458378,3.005943298673221e-05,1.0,15.355233287725232,0.0651243768988769
4.0,15.231,15.800053610204056,0.0632909244911786,1.810383169094578e-05,1.0,15.237879835014814,0.0656259276767703
5.0,15.231,15.575217615505965,0.0642045603911464,1.1807577447117369e-05,1.0,15.208888700975454,0.0657510236060747
6.0,15.231,15.317562152036132,0.0652845400641689,8.187844165736982e-06,1.5,15.217314060430848,0.0657146192835877
7.5,15.231,15.02171441338271,0.0665702976691601,5.227713877567144e-06,1.5,15.231134109659516,0.0656549927799404
9.0,15.231,14.70534728785772,0.0680024742309693,3.1569505857207016e-06,nan,15.152910545089362,0.0659939222253293
nan,nan,nan,nan,2.0603496561481127e-06,nan,15.13289172497054,0.0660812234815581
nan,nan,nan,nan,1.4368868902803125e-06,nan,15.116111979468847,0.066154577404443
nan,nan,nan,nan,9.217276421840898e-07,nan,15.118150640514283,0.0661456565540599
Name:	200_10_80_4
Lambda:	200	Maximal Depth:	10	Filter time:	10 to 80 [us]
Chi2:	0.0872900359189879	RelRMS:	1.635332896025817	AbsRMS:	4.65383378230603e-07	Phi model:	0.001577137242278
depth_vector,start_model,resistivity_model,conductivity_model,E/I[V/A],modelled_thickness,rhoa,sigma
0.0,15.231,16.272988833381547,0.0614515262217013,0.0001072738202663,1.0,15.24443358928197,0.0655977143488675
1.0,15.231,16.224861826921167,0.0616338068494824,6.950600084398528e-05,1.0,15.196141615893938,0.0658061779941614
2.0,15.231,16.128717194250175,0.0620012111289604,4.753347696255307e-05,1.0,15.283367718712864,0.0654306052438695
3.0,15.231,15.986084830396331,0.0625544034458378,3.005943298673221e-05,1.0,15.355233287725232,0.0651243768988769
4.0,15.231,15.800053610204056,0.0632909244911786,1.810383169094578e-05,1.0,15.237879835014814,0.0656259276767703
5.0,15.231,15.575217615505965,0.0642045603911464,1.1807577447117369e-05,1.0,15.208888700975454,0.0657510236060747
6.0,15.231,15.317562152036132,0.0652845400641689,8.187844165736982e-06,1.5,15.217314060430848,0.0657146192835877
7.5,15.231,15.02171441338271,0.0665702976691601,5.227713877567144e-06,1.5,15.231134109659516,0.0656549927799404
9.0,15.231,14.70534728785772,0.0680024742309693,3.1569505857207016e-06,nan,15.152910545089362,0.0659939222253293
nan,nan,nan,nan,2.0603496561481127e-06,nan,15.13289172497054,0.0660812234815581
nan,nan,nan,nan,1.4368868902803125e-06,nan,15.116111979468847,0.066154577404443
nan,nan,nan,nan,9.217276421840898e-07,nan,15.118150640514283,0.0661456565540599
Name:	200_10_80_5
Lambda:	200	Maximal Depth:	10	Filter time:	10 to 80 [us]
Chi2:	0.0872900359189879	RelRMS:	1.635332896025817	AbsRMS:	4.65383378230603e-07	Phi model:	0.001577137242278
depth_vector,start_model,resistivity_model,conductivity_model,E/I[V/A],modelled_thickness,rhoa,sigma
0.0,15.231,16.272988833381547,0.0614515262217013,0.0001072738202663,1.0,15.24443358928197,0.0655977143488675
1.0,15.231,16.224861826921167,0.0616338068494824,6.950600084398528e-05,1.0,15.196141615893938,0.0658061779941614
2.0,15.231,16.128717194250175,0.0620012111289604,4.753347696255307e-05,1.0,15.283367718712864,0.0654306052438695
3.0,15.231,15.986084830396331,0.0625544034458378,3.005943298673221e-05,1.0,15.355233287725232,0.0651243768988769
4.0,15.231,15.800053610204056,0.0632909244911786,1.810383169094578e-05,1.0,15.237879835014814,0.0656259276767703
5.0,15.231,15.575217615505965,0.0642045603911464,1.1807577447117369e-05,1.0,15.208888700975454,0.0657510236060747
6.0,15.231,15.317562152036132,0.0652845400641689,8.187844165736982e-06,1.5,15.217314060430848,0.0657146192835877
7.5,15.231,15.02171441338271,0.0665702976691601,5.227713877567144e-06,1.5,15.231134109659516,0.0656549927799404
9.0,15.231,14.70534728785772,0.0680024742309693,3.1569505857207016e-06,nan,15.152910545089362,0.0659939222253293
nan,nan,nan,nan,2.0603496561481127e-06,nan,15.13289172497054,0.0660812234815581
nan,nan,nan,nan,1.4368868902803125e-06,nan,15.116111979468847,0.066154577404443
nan,nan,nan,nan,9.217276421840898e-07,nan,15.118150640514283,0.0661456565540599
Name:	200_10_80_6
Lambda:	200	Maximal Depth:	10	Filter time:	10 to 80 [us]
Chi2:	0.0872900359189879	RelRMS:	1.635332896025817	AbsRMS:	4.65383378230603e-07	Phi model:	0.001577137242278
depth_vector,start_model,resistivity_model,conductivity_model,E/I[V/A],modelled_thickness,rhoa,sigma
0.0,15.231,16.272988833381547,0.0614515262217013,0.0001072738202663,1.0,15.24443358928197,0.0655977143488675
1.0,15.231,16.224861826921167,0.0616338068494824,6.950600084398528e-05,1.0,15.196141615893938,0.0658061779941614
2.0,15.231,16.128717194250175,0.0620012111289604,4.753347696255307e-05,1.0,15.283367718712864,0.0654306052438695
3.0,15.231,15.986084830396331,0.0625544034458378,3.005943298673221e-05,1.0,15.355233287725232,0.0651243768988769
4.0,15.231,15.800053610204056,0.0632909244911786,1.810383169094578e-05,1.0,15.237879835014814,0.0656259276767703
5.0,15.231,15.575217615505965,0.0642045603911464,1.1807577447117369e-05,1.0,15.208888700975454,0.0657510236060747
6.0,15.231,15.317562152036132,0.0652845400641689,8.187844165736982e-06,1.5,15.217314060430848,0.0657146192835877
7.5,15.231,15.02171441338271,0.0665702976691601,5.227713877567144e-06,1.5,15.231134109659516,0.0656549927799404
9.0,15.231,14.70534728785772,0.0680024742309693,3.1569505857207016e-06,nan,15.152910545089362,0.0659939222253293
nan,nan,nan,nan,2.0603496561481127e-06,nan,15.13289172497054,0.0660812234815581
nan,nan,nan,nan,1.4368868902803125e-06,nan,15.116111979468847,0.066154577404443
nan,nan,nan,nan,9.217276421840898e-07,nan,15.118150640514283,0.0661456565540599
Name:	200_10_80_7
Lambda:	200	Maximal Depth:	10	Filter time:	10 to 80 [us]
Chi2:	0.0872900359189879	RelRMS:	1.635332896025817	AbsRMS:	4.65383378230603e-07	Phi model:	0.001577137242278
depth_vector,start_model,resistivity_model,conductivity_model,E/I[V/A],modelled_thickness,rhoa,sigma
0.0,15.231,16.272988833381547,0.0614515262217013,0.0001072738202663,1.0,15.24443358928197,0.0655977143488675
1.0,15.231,16.224861826921167,0.0616338068494824,6.950600084398528e-05,1.0,15.196141615893938,0.0658061779941614
2.0,15.231,16.128717194250175,0.0620012111289604,4.753347696255307e-05,1.0,15.283367718712864,0.0654306052438695
3.0,15.231,15.986084830396331,0.0625544034458378,3.005943298673221e-05,1.0,15.355233287725232,0.0651243768988769
4.0,15.231,15.800053610204056,0.0632909244911786,1.810383169094578e-05,1.0,15.237879835014814,0.0656259276767703
5.0,15.231,15.575217615505965,0.0642045603911464,1.1807577447117369e-05,1.0,15.208888700975454,0.0657510236060747
6.0,15.231,15.317562152036132,0.0652845400641689,8.187844165736982e-06,1.5,15.217314060430848,0.0657146192835877
7.5,15.231,15.02171441338271,0.0665702976691601,5.227713877567144e-06,1.5,15.231134109659516,0.0656549927799404
9.0,15.231,14.70534728785772,0.0680024742309693,3.1569505857207016e-06,nan,15.152910545089362,0.0659939222253293
nan,nan,nan,nan,2.0603496561481127e-06,nan,15.13289172497054,0.0660812234815581
nan,nan,nan,nan,1.4368868902803125e-06,nan,15.116111979468847,0.066154577404443
nan,nan,nan,nan,9.217276421840898e-07,nan,15.118150640514283,0.0661456565540599
Name:	200_10_80_8
Lambda:	200	Maximal Depth:	10	Filter time:	10 to 80 [us]
Chi2:	0.0872900359189879	RelRMS:	1.635332896025817	AbsRMS:	4.65383378230603e-07	Phi model:	0.001577137242278
depth_vector,start_model,resistivity_model,conductivity_model,E/I[V/A],modelled_thickness,rhoa,sigma
0.0,15.231,16.272988833381547,0.0614515262217013,0.0001072738202663,1.0,15.24443358928197,0.0655977143488675
1.0,15.231,16.224861826921167,0.0616338068494824,6.950600084398528e-05,1.0,15.196141615893938,0.0658061779941614
2.0,15.231,16.128717194250175,0.0620012111289604,4.753347696255307e-05,1.0,15.283367718712864,0.0654306052438695
3.0,15.231,15.986084830396331,0.0625544034458378,3.005943298673221e-05,1.0,15.355233287725232,0.0651243768988769
4.0,15.231,15.800053610204056,0.0632909244911786,1.810383169094578e-05,1.0,15.237879835014814,0.0656259276767703
5.0,15.231,15.575217615505965,0.0642045603911464,1.1807577447117369e-05,1.0,15.208888700975454,0.0657510236060747
6.0,15.231,15.317562152036132,0.0652845400641689,8.187844165736982e-06,1.5,15.217314060430848,0.0657146192835877
7.5,15.231,15.02171441338271,0.0665702976691601,5.227713877567144e-06,1.5,15.231134109659516,0.0656549927799404
9.0,15.231,14.70534728785772,0.0680024742309693,3.1569505857207016e-06,nan,15.152910545089362,0.0659939222253293
nan,nan,nan,nan,2.0603496561481127e-06,nan,15.13289172497054,0.0660812234815581
nan,nan,nan,nan,1.4368868902803125e-06,nan,15.116111979468847,0.066154577404443
nan,nan,nan,nan,9.217276421840898e-07,nan,15.118150640514283,0.0661456565540599
Name:	200_10_80_9
Lambda:	200	Maximal Depth:	10	Filter time:	10 to 80 [us]
Chi2:	0.0872900359189879	RelRMS:	1.635332896025817	AbsRMS:	4.65383378230603e-07	Phi model:	0.001577137242278
depth_vector,start_model,resistivity_model,conductivity_model,E/I[V/A],modelled_thickness,rhoa,sigma
0.0,15.231,16.272988833381547,0.0614515262217013,0.0001072738202663,1.0,15.24443358928197,0.0655977143488675
1.0,15.231,16.224861826921167,0.0616338068494824,6.950600084398528e-05,1.0,15.196141615893938,0.0658061779941614
2.0,15.231,16.128717194250175,0.0620012111289604,4.753347696255307e-05,1.0,15.283367718712864,0.0654306052438695
3.0,15.231,15.986084830396331,0.0625544034458378,3.005943298673221e-05,1.0,15.355233287725232,0.0651243768988769
4.0,15.231,15.800053610204056,0.0632909244911786,1.810383169094578e-05,1.0,15.237879835014814,0.0656259276767703
5.0,15.231,15.575217615505965,0.0642045603911464,1.1807577447117369e-05,1.0,15.208888700975454,0.0657510236060747
6.0,15.231,15.317562152036132,0.0652845400641689,8.187844165736982e-06,1.5,15.217314060430848,0.0657146192835877
7.5,15.231,15.02171441338271,0.0665702976691601,5.227713877567144e-06,1.5,15.231134109659516,0.0656549927799404
9.0,15.231,14.70534728785772,0.0680024742309693,3.1569505857207016e-06,nan,15.152910545089362,0.0659939222253293
nan,nan,nan,nan,2.0603496561481127e-06,nan,15.13289172497054,0.0660812234815581
nan,nan,nan,nan,1.4368868902803125e-06,nan,15.116111979468847,0.066154577404443
nan,nan,nan,nan,9.217276421840898e-07,nan,15.118150640514283,0.0661456565540599
Name:	200_10_80_10
Lambda:	200	Maximal Depth:	10	Filter time:	10 to 80 [us]
Chi2:	0.0872900359189879	RelRMS:	1.635332896025817	AbsRMS:	4.65383378230603e-07	Phi model:	0.001577137242278
depth_vector,start_model,resistivity_model,conductivity_model,E/I[V/A],modelled_thickness,rhoa,sigma
0.0,15.231,16.272988833381547,0.0614515262217013,0.0001072738202663,1.0,15.24443358928197,0.0655977143488675
1.0,15.231,16.224861826921167,0.0616338068494824,6.950600084398528e-05,1.0,15.196141615893938,0.0658061779941614
2.0,15.231,16.128717194250175,0.0620012111289604,4.753347696255307e-05,1.0,15.283367718712864,0.0654306052438695
3.0,15.231,15.986084830396331,0.0625544034458378,3.005943298673221e-05,1.0,15.355233287725232,0.0651243768988769
4.0,15.231,15.800053610204056,0.0632909244911786,1.810383169094578e-05,1.0,15.237879835014814,0.0656259276767703
5.0,15.231,15.575217615505965,0.0642045603911464,1.1807577447117369e-05,1.0,15.208888700975454,0.0657510236060747
6.0,15.231,15.317562152036132,0.0652845400641689,8.187844165736982e-06,1.5,15.217314060430848,0.0657146192835877
7.5,15.231,15.02171441338271,0.0665702976691601,5.227713877567144e-06,1.5,15.231134109659516,0.0656549927799404
9.0,15.231,14.70534728785772,0.0680024742309693,3.1569505857207016e-06,nan,15.152910545089362,0.0659939222253293
nan,nan,nan,nan,2.0603496561481127e-06,nan,15.13289172497054,0.0660812234815581
nan,nan,nan,nan,1.4368868902803125e-06,nan,15.116111979468847,0.066154577404443
nan,nan,nan,nan,9.217276421840898e-07,nan,15.118150640514283,0.0661456565540599
Name:	200_10_80_11
Lambda:	200	Maximal Depth:	10	Filter time:	10 to 80 [us]
Chi2:	0.0872900359189879	RelRMS:	1.635332896025817	AbsRMS:	4.65383378230603e-07	Phi model:	0.001577137242278
depth_vector,start_model,resistivity_model,conductivity_model,E/I[V/A],modelled_thickness,rhoa,sigma
0.0,15.231,16.272988833381547,0.0614515262217013,0.0001072738202663,1.0,15.24443358928197,0.0655977143488675
1.0,15.231,16.224861826921167,0.0616338068494824,6.950600084398528e-05,1.0,15.196141615893938,0.0658061779941614
2.0,15.231,16.128717194250175,0.0620012111289604,4.753347696255307e-05,1.0,15.283367718712864,0.0654306052438695
3.0,15.231,15.986084830396331,0.0625544034458378,3.005943298673221e-05,1.0,15.355233287725232,0.0651243768988769
4.0,15.231,15.800053610204056,0.0632909244911786,1.810383169094578e-05,1.0,15.237879835014814,0.0656259276767703
5.0,15.231,15.575217615505965,0.0642045603911464,1.1807577447117369e-05,1.0,15.208888700975454,0.0657510236060747
6.0,15.231,15.317562152036132,0.0652845400641689,8.187844165736982e-06,1.5,15.217314060430848,0.0657146192835877
7.5,15.231,15.02171441338271,0.0665702976691601,5.227713877567144e-06,1.5,15.231134109659516,0.0656549927799404
9.0,15.231,14.70534728785772,0.0680024742309693,3.1569505857207016e-06,nan,15.152910545089362,0.0659939222253293
nan,nan,nan,nan,2.0603496561481127e-06,nan,15.13289172497054,0.0660812234815581
nan,nan,nan,nan,1.4368868902803125e-06,nan,15.116111979468847,0.066154577404443
nan,nan,nan,nan,9.217276421840898e-07,nan,15.118150640514283,0.0661456565540599
Name:	200_10_80_12
Lambda:	200	Maximal Depth:	10	Filter time:	10 to 80 [us]
Chi2:	0.0872900359189879	RelRMS:	1.635332896025817	AbsRMS:	4.65383378230603e-07	Phi model:	0.001577137242278
depth_vector,start_model,resistivity_model,conductivity_model,E/I[V/A],modelled_thickness,rhoa,sigma
0.0,15.231,16.272988833381547,0.0614515262217013,0.0001072738202663,1.0,15.24443358928197,0.0655977143488675
1.0,15.231,16.224861826921167,0.0616338068494824,6.950600084398528e-05,1.0,15.196141615893938,0.0658061779941614
2.0,15.231,16.128717194250175,0.0620012111289604,4.753347696255307e-05,1.0,15.283367718712864,0.0654306052438695
3.0,15.231,15.986084830396331,0.0625544034458378,3.005943298673221e-05,1.0,15.355233287725232,0.0651243768988769
4.0,15.231,15.800053610204056,0.0632909244911786,1.810383169094578e-05,1.0,15.237879835014814,0.0656259276767703
5.0,15.231,15.575217615505965,0.0642045603911464,1.1807577447117369e-05,1.0,15.208888700975454,0.0657510236060747
6.0,15.231,15.317562152036132,0.0652845400641689,8.187844165736982e-06,1.5,15.217314060430848,0.0657146192835877
7.5,15.231,15.02171441338271,0.0665702976691601,5.227713877567144e-06,1.5,15.231134109659516,0.0656549927799404
9.0,15.231,14.70534728785772,0.0680024742309693,3.1569505857207016e-06,nan,15.152910545089362,0.0659939222253293
nan,nan,nan,nan,2.0603496561481127e-06,nan,15.13289172497054,0.0660812234815581
nan,nan,nan,nan,1.4368868902803125e-06,nan,15.116111979468847,0.066154577404443
nan,nan,nan,nan,9.217276421840898e-07,nan,15.118150640514283,0.0661456565540599
Name:	200_10_80_13
Lambda:	200	Maximal Depth:	10	Filter time:	10 to 80 [us]
Chi2:	0.0872900359189879	RelRMS:	1.635332896025817	AbsRMS:	4.65383378230603e-07	Phi model:	0.001577137242278
depth_vector,start_model,resistivity_model,conductivity_model,E/I[V/A],modelled_thickness,rhoa,sigma
0.0,15.231,16.272988833381547,0.0614515262217013,0.0001072738202663,1.0,15.24443358928197,0.0655977143488675
1.0,15.231,16.224861826921167,0.0616338068494824,6.950600084398528e-05,1.0,15.196141615893938,0.0658061779941614
2.0,15.231,16.128717194250175,0.0620012111289604,4.753347696255307e-05,1.0,15.283367718712864,0.0654306052438695
3.0,15.231,15.986084830396331,0.0625544034458378,3.005943298673221e-05,1.0,15.355233287725232,0.0651243768988769
4.0,15.231,15.800053610204056,0.0632909244911786,1.810383169094578e-05,1.0,15.237879835014814,0.0656259276767703
5.0,15.231,15.575217615505965,0.0642045603911464,1.1807577447117369e-05,1.0,15.208888700975454,0.0657510236060747
6.0,15.231,15.317562152036132,0.0652845400641689,8.187844165736982e-06,1.5,15.217314060430848,0.0657146192835877
7.5,15.231,15.02171441338271,0.0665702976691601,5.227713877567144e-06,1.5,15.231134109659516,0.0656549927799404
9.0,15.231,14.70534728785772,0.0680024742309693,3.1569505857207016e-06,nan,15.152910545089362,0.0659939222253293
nan,nan,nan,nan,2.0603496561481127e-06,nan,15.13289172497054,0.0660812234815581
nan,nan,nan,nan,1.4368868902803125e-06,nan,15.116111979468847,0.066154577404443
nan,nan,nan,nan,9.217276421840898e-07,nan,15.118150640514283,0.0661456565540599
Name:	200_10_80_14
Lambda:	200	Maximal Depth:	10	Filter time:	10 to 80 [us]
Chi2:	0.0872900359189879	RelRMS:	1.635332896025817	AbsRMS:	4.65383378230603e-07	Phi model:	0.001577137242278
depth_vector,start_model,resistivity_model,conductivity_model,E/I[V/A],modelled_thickness,rhoa,sigma
0.0,15.231,16.272988833381547,0.0614515262217013,0.0001072738202663,1.0,15.24443358928197,0.0655977143488675
1.0,15.231,16.224861826921167,0.0616338068494824,6.950600084398528e-05,1.0,15.196141615893938,0.0658061779941614
2.0,15.231,16.128717194250175,0.0620012111289604,4.753347696255307e-05,1.0,15.283367718712864,0.0654306052438695
3.0,15.231,15.986084830396331,0.0625544034458378,3.005943298673221e-05,1.0,15.355233287725232,0.0651243768988769
4.0,15.231,15.800053610204056,0.0632909244911786,1.810383169094578e-05,1.0,15.237879835014814,0.0656259276767703
5.0,15.231,15.575217615505965,0.0642045603911464,1.1807577447117369e-05,1.0,15.208888700975454,0.0657510236060747
6.0,15.231,15.317562152036132,0.0652845400641689,8.187844165736982e-06,1.5,15.217314060430848,0.0657146192835877
7.5,15.231,15.02171441338271,0.0665702976691601,5.227713877567144e-06,1.5,15.231134109659516,0.0656549927799404
9.0,15.231,14.70534728785772,0.0680024742309693,3.1569505857207016e-06,nan,15.152910545089362,0.0659939222253293
nan,nan,nan,nan,2.0603496561481127e-06,nan,15.13289172497054,0.0660812234815581
nan,nan,nan,nan,1.4368868902803125e-06,nan,15.116111979468847,0.066154577404443
nan,nan,nan,nan,9.217276421840898e-07,nan,15.118150640514283,0.0661456565540599
Name:	200_10_80_15
Lambda:	200	Maximal Depth:	10	Filter time:	10 to 80 [us]
Chi2:	0.0872900359189879	RelRMS:	1.635332896025817	AbsRMS:	4.65383378230603e-07	Phi model:	0.001577137242278
depth_vector,start_model,resistivity_model,conductivity_model,E/I[V/A],modelled_thickness,rhoa,sigma
0.0,15.231,16.272988833381547,0.0614515262217013,0.0001072738202663,1.0,15.24443358928197,0.0655977143488675
1.0,15.231,16.224861826921167,0.0616338068494824,6.950600084398528e-05,1.0,15.196141615893938,0.0658061779941614
2.0,15.231,16.128717194250175,0.0620012111289604,4.753347696255307e-05,1.0,15.283367718712864,0.0654306052438695
3.0,15.231,15.986084830396331,0.0625544034458378,3.005943298673221e-05,1.0,15.355233287725232,0.0651243768988769
4.0,15.231,15.800053610204056,0.0632909244911786,1.810383169094578e-05,1.0,15.237879835014814,0.0656259276767703
5.0,15.231,15.575217615505965,0.0642045603911464,1.1807577447117369e-05,1.0,15.208888700975454,0.0657510236060747
6.0,15.231,15.317562152036132,0.0652845400641689,8.187844165736982e-06,1.5,15.217314060430848,0.0657146192835877
7.5,15.231,15.02171441338271,0.0665702976691601,5.227713877567144e-06,1.5,15.231134109659516,0.0656549927799404
9.0,15.231,14.70534728785772,0.0680024742309693,3.1569505857207016e-06,nan,15.152910545089362,0.0659939222253293
nan,nan,nan,nan,2.0603496561481127e-06,nan,15.13289172497054,0.0660812234815581
nan,nan,nan,nan,1.4368868902803125e-06,nan,15.116111979468847,0.066154577404443
nan,nan,nan,nan,9.217276421840898e-07,nan,15.118150640514283,0.0661456565540599
Name:	200_10_80_16
Lambda:	200	Maximal Depth:	10	Filter time:	10 to 80 [us]
Chi2:	0.0872900359189879	RelRMS:	1.635332896025817	AbsRMS:	4.65383378230603e-07	Phi model:	0.001577137242278
depth_vector,start_model,resistivity_model,conductivity_model,E/I[V/A],modelled_thickness,rhoa,sigma
0.0,15.231,16.272988833381547,0.0614515262217013,0.0001072738202663,1.0,15.24443358928197,0.0655977143488675
1.0,15.231,16.224861826921167,0.0616338068494824,6.950600084398528e-05,1.0,15.196141615893938,0.0658061779941614
2.0,15.231,16.128717194250175,0.0620012111289604,4.753347696255307e-05,1.0,15.283367718712864,0.0654306052438695
3.0,15.231,15.986084830396331,0.0625544034458378,3.005943298673221e-05,1.0,15.355233287725232,0.0651243768988769
4.0,15.231,15.800053610204056,0.0632909244911786,1.810383169094578e-05,1.0,15.237879835014814,0.0656259276767703
5.0,15.231,15.575217615505965,0.0642045603911464,1.1807577447117369e-05,1.0,15.208888700975454,0.0657510236060747
6.0,15.231,15.317562152036132,0.0652845400641689,8.187844165736982e-06,1.5,15.217314060430848,0.0657146192835877
7.5,15.231,15.02171441338271,0.0665702976691601,5.227713877567144e-06,1.5,15.231134109659516,0.0656549927799404
9.0,15.231,14.70534728785772,0.0680024742309693,3.1569505857207016e-06,nan,15.152910545089362,0.0659939222253293
nan,nan,nan,nan,2.0603496561481127e-06,nan,15.13289172497054,0.0660812234815581
nan,nan,nan,nan,1.4368868902803125e-06,nan,15.116111979468847,0.066154577404443
nan,nan,nan,nan,9.217276421840898e-07,nan,15.118150640514283,0.0661456565540599
Name:	200_10_80_17
Lambda:	200	Maximal Depth:	10	Filter time:	10 to 80 [us]
Chi2:	0.0872900359189879	RelRMS:	1.635332896025817	AbsRMS:	4.65383378230603e-07	Phi model:	0.001577137242278
depth_vector,start_model,resistivity_model,conductivity_model,E/I[V/A],modelled_thickness,rhoa,sigma
0.0,15.231,16.272988833381547,0.0614515262217013,0.0001072738202663,1.0,15.24443358928197,0.0655977143488675
1.0,15.231,16.224861826921167,0.0616338068494824,6.950600084398528e-05,1.0,15.196141615893938,0.0658061779941614
2.0,15.231,16.128717194250175,0.0620012111289604,4.753347696255307e-05,1.0,15.283367718712864,0.0654306052438695
3.0,15.231,15.986084830396331,0.0625544034458378,3.005943298673221e-05,1.0,15.355233287725232,0.0651243768988769
4.0,15.231,15.800053610204056,0.0632909244911786,1.810383169094578e-05,1.0,15.237879835014814,0.0656259276767703
5.0,15.231,15.575217615505965,0.0642045603911464,1.1807577447117369e-05,1.0,15.208888700975454,0.0657510236060747
6.0,15.231,15.317562152036132,0.0652845400641689,8.187844165736982e-06,1.5,15.217314060430848,0.0657146192835877
7.5,15.231,15.02171441338271,0.0665702976691601,5.227713877567144e-06,1.5,15.231134109659516,0.0656549927799404
9.0,15.231,14.70534728785772,0.0680024742309693,3.1569505857207016e-06,nan,15.152910545089362,0.0659939222253293
nan,nan,nan,nan,2.0603496561481127e-06,nan,15.13289172497054,0.0660812234815581
nan,nan,nan,nan,1.4368868902803125e-06,nan,15.116111979468847,0.066154577404443
nan,nan,nan,nan,9.217276421840898e-07,nan,15.118150640514283,0.0661456565540599
Name:	200_10_80_18
Lambda:	200	Maximal Depth:	10	Filter time:	10 to 80 [us]
Chi2:	0.0872900359189879	RelRMS:	1.635332896025817	AbsRMS:	4.65383378230603e-07	Phi model:	0.001577137242278
depth_vector,start_model,resistivity_model,conductivity_model,E/I[V/A],modelled_thickness,rhoa,sigma
0.0,15.231,16.272988833381547,0.0614515262217013,0.0001072738202663,1.0,15.24443358928197,0.0655977143488675
1.0,15.231,16.224861826921167,0.0616338068494824,6.950600084398528e-05,1.0,15.196141615893938,0.0658061779941614
2.0,15.231,16.128717194250175,0.0620012111289604,4.753347696255307e-05,1.0,15.283367718712864,0.0654306052438695
3.0,15.231,15.986084830396331,0.0625544034458378,3.005943298673221e-05,1.0,15.355233287725232,0.0651243768988769
4.0,15.231,15.800053610204056,0.0632909244911786,1.810383169094578e-05,1.0,15.237879835014814,0.0656259276767703
5.0,15.231,15.575217615505965,0.0642045603911464,1.1807577447117369e-05,1.0,15.208888700975454,0.0657510236060747
6.0,15.231,15.317562152036132,0.0652845400641689,8.187844165736982e-06,1.5,15.217314060430848,0.0657146192835877
7.5,15.231,15.02171441338271,0.0665702976691601,5.227713877567144e-06,1.5,15.231134109659516,0.0656549927799404
9.0,15.231,14.70534728785772,0.0680024742309693,3.1569505857207016e-06,nan,15.152910545089362,0.0659939222253293
nan,nan,nan,nan,2.0603496561481127e-06,nan,15.13289172497054,0.0660812234815581
nan,nan,nan,nan,1.4368868902803125e-06,nan,15.116111979468847,0.066154577404443
nan,nan,nan,nan,9.217276421840898e-07,nan,15.118150640514283,0.0661456565540599
Name:	200_10_80_19
Lambda:	200	Maximal Depth:	10	Filter time:	10 to 80 [us]
Chi2:	0.0872900359189879	RelRMS:	1.635332896025817	AbsRMS:	4.65383378230603e-07	Phi model:	0.001577137242278
depth_vector,start_model,resistivity_model,conductivity_model,E/I[V/A],modelled_thickness,rhoa,sigma
0.0,15.231,16.272988833381547,0.0614515262217013,0.0001072738202663,1.0,15.24443358928197,0.0655977143488675
1.0,15.231,16.224861826921167,0.0616338068494824,6.950600084398528e-05,1.0,15.196141615893938,0.0658061779941614
2.0,15.231,16.128717194250175,0.0620012111289604,4.753347696255307e-05,1.0,15.283367718712864,0.0654306052438695
3.0,15.231,15.986084830396331,0.0625544034458378,3.005943298673221e-05,1.0,15.355233287725232,0.0651243768988769
4.0,15.231,15.800053610204056,0.0632909244911786,1.810383169094578e-05,1.0,15.237879835014814,0.0656259276767703
5.0,15.231,15.575217615505965,0.0642045603911464,1.1807577447117369e-05,1.0,15.208888700975454,0.0657510236060747
6.0,15.231,15.317562152036132,0.0652845400641689,8.187844165736982e-06,1.5,15.217314060430848,0.0657146192835877
7.5,15.231,15.02171441338271,0.0665702976691601,5.227713877567144e-06,1.5,15.231134109659516,0.0656549927799404
9.0,15.231,14.70534728785772,0.0680024742309693,3.1569505857207016e-06,nan,15.152910545089362,0.0659939222253293
nan,nan,nan,nan,2.0603496561481127e-06,nan,15.13289172497054,0.0660812234815581
nan,nan,nan,nan,1.4368868902803125e-06,nan,15.116111979468847,0.066154577404443
nan,nan,nan,nan,9.217276421840898e-07,nan,15.118150640514283,0.0661456565540599
Name:	200_10_80_20
Lambda:	200	Maximal Depth:	10	Filter time:	10 to 80 [us]
Chi2:	0.0872900359189879	RelRMS:	1.635332896025817	AbsRMS:	4.65383378230603e-07	Phi model:	0.001577137242278
depth_vector,start_model,resistivity_model,conductivity_model,E/I[V/A],modelled_thickness,rhoa,sigma
0.0,15.231,16.272988833381547,0.0614515262217013,0.0001072738202663,1.0,15.24443358928197,0.0655977143488675
1.0,15.231,16.224861826921167,0.0616338068494824,6.950600084398528e-05,1.0,15.196141615893938,0.0658061779941614
2.0,15.231,16.128717194250175,0.0620012111289604,4.753347696255307e-05,1.0,15.283367718712864,0.0654306052438695
3.0,15.231,15.986084830396331,0.0625544034458378,3.005943298673221e-05,1.0,15.355233287725232,0.0651243768988769
4.0,15.231,15.800053610204056,0.0632909244911786,1.810383169094578e-05,1.0,15.237879835014814,0.0656259276767703
5.0,15.231,15.575217615505965,0.0642045603911464,1.1807577447117369e-05,1.0,15.208888700975454,0.0657510236060747
6.0,15.231,15.317562152036132,0.0652845400641689,8.187844165736982e-06,1.5,15.217314060430848,0.0657146192835877
7.5,15.231,15.02171441338271,0.0665702976691601,5.227713877567144e-06,1.5,15.231134109659516,0.0656549927799404
9.0,15.231,14.70534728785772,0.0680024742309693,3.1569505857207016e-06,nan,15.152910545089362,0.0659939222253293
nan,nan,nan,nan,2.0603496561481127e-06,nan,15.13289172497054,0.0660812234815581
nan,nan,nan,nan,1.4368868902803125e-06,nan,15.116111979468847,0.066154577404443
nan,nan,nan,nan,9.217276421840898e-07,nan,15.118150640514283,0.0661456565540599
Name:	200_10_80_21
Lambda:	200	Maximal Depth:	10	Filter time:	10 to 80 [us]
Chi2:	0.0872900359189879	RelRMS:	1.635332896025817	AbsRMS:	4.65383378230603e-07	Phi model:	0.001577137242278
depth_vector,start_model,resistivity_model,conductivity_model,E/I[V/A],modelled_thickness,rhoa,sigma
0.0,15.231,16.272988833381547,0.0614515262217013,0.0001072738202663,1.0,15.24443358928197,0.0655977143488675
1.0,15.231,16.224861826921167,0.0616338068494824,6.950600084398528e-05,1.0,15.196141615893938,0.0658061779941614
2.0,15.231,16.128717194250175,0.0620012111289604,4.753347696255307e-05,1.0,15.283367718712864,0.0654306052438695
3.0,15.231,15.986084830396331,0.0625544034458378,3.005943298673221e-05,1.0,15.355233287725232,0.0651243768988769
4.0,15.231,15.800053610204056,0.0632909244911786,1.810383169094578e-05,1.0,15.237879835014814,0.0656259276767703
5.0,15.231,15.575217615505965,0.0642045603911464,1.1807577447117369e-05,1.0,15.208888700975454,0.0657510236060747
6.0,15.231,15.317562152036132,0.0652845400641689,8.187844165736982e-06,1.5,15.217314060430848,0.0657146192835877
7.5,15.231,15.02171441338271,0.0665702976691601,5.227713877567144e-06,1.5,15.231134109659516,0.0656549927799404
9.0,15.231,14.70534728785772,0.0680024742309693,3.1569505857207016e-06,nan,15.152910545089362,0.0659939222253293
nan,nan,nan,nan,2.0603496561481127e-06,nan,15.13289172497054,0.0660812234815581
nan,nan,nan,nan,1.4368868902803125e-06,nan,15.116111979468847,0.066154577404443
nan,nan,nan,nan,9.217276421840898e-07,nan,15.118150640514283,0.0661456565540599
Name:	200_10_80_22
Lambda:	200	Maximal Depth:	10	Filter time:	10 to 80 [us]
Chi2:	0.0872900359189879	RelRMS:	1.635332896025817	AbsRMS:	4.65383378230603e-07	Phi model:	0.001577137242278
depth_vector,start_model,resistivity_model,conductivity_model,E/I[V/A],modelled_thickness,rhoa,sigma
0.0,15.231,16.272988833381547,0.0614515262217013,0.0001072738202663,1.0,15.24443358928197,0.0655977143488675
1.0,15.231,16.224861826921167,0.0616338068494824,6.950600084398528e-05,1.0,15.196141615893938,0.0658061779941614
2.0,15.231,16.128717194250175,0.0620012111289604,4.753347696255307e-05,1.0,15.283367718712864,0.0654306052438695
3.0,15.231,15.986084830396331,0.0625544034458378,3.005943298673221e-05,1.0,15.355233287725232,0.0651243768988769
4.0,15.231,15.800053610204056,0.0632909244911786,1.810383169094578e-05,1.0,15.237879835014814,0.0656259276767703
5.0,15.231,15.575217615505965,0.0642045603911464,1.1807577447117369e-05,1.0,15.208888700975454,0.0657510236060747
6.0,15.231,15.317562152036132,0.0652845400641689,8.187844165736982e-06,1.5,15.217314060430848,0.0657146192835877
7.5,15.231,15.02171441338271,0.0665702976691601,5.227713877567144e-06,1.5,15.231134109659516,0.0656549927799404
9.0,15.231,14.70534728785772,0.0680024742309693,3.1569505857207016e-06,nan,15.152910545089362,0.0659939222253293
nan,nan,nan,nan,2.0603496561481127e-06,nan,15.13289172497054,0.0660812234815581
nan,nan,nan,nan,1.4368868902803125e-06,nan,15.116111979468847,0.066154577404443
nan,nan,nan,nan,9.217276421840898e-07,nan,15.118150640514283,0.0661456565540599
Name:	200_10_80_23
Lambda:	200	Maximal Depth:	10	Filter time:	10 to 80 [us]
Chi2:	0.0872900359189879	RelRMS:	1.635332896025817	AbsRMS:	4.65383378230603e-07	Phi model:	0.001577137242278
depth_vector,start_model,resistivity_model,conductivity_model,E/I[V/A],modelled_thickness,rhoa,sigma
0.0,15.231,16.272988833381547,0.0614515262217013,0.0001072738202663,1.0,15.24443358928197,0.0655977143488675
1.0,15.231,16.224861826921167,0.0616338068494824,6.950600084398528e-05,1.0,15.196141615893938,0.0658061779941614
2.0,15.231,16.128717194250175,0.0620012111289604,4.753347696255307e-05,1.0,15.283367718712864,0.0654306052438695
3.0,15.231,15.986084830396331,0.0625544034458378,3.005943298673221e-05,1.0,15.355233287725232,0.0651243768988769
4.0,15.231,15.800053610204056,0.0632909244911786,1.810383169094578e-05,1.0,15.237879835014814,0.0656259276767703
5.0,15.231,15.575217615505965,0.0642045603911464,1.1807577447117369e-05,1.0,15.208888700975454,0.0657510236060747
6.0,15.231,15.317562152036132,0.0652845400641689,8.187844165736982e-06,1.5,15.217314060430848,0.0657146192835877
7.5,15.231,15.02171441338271,0.0665702976691601,5.227713877567144e-06,1.5,15.231134109659516,0.0656549927799404
9.0,15.231,14.70534728785772,0.0680024742309693,3.1569505857207016e-06,nan,15.152910545089362,0.0659939222253293
nan,nan,nan,nan,2.0603496561481127e-06,nan,15.13289172497054,0.0660812234815581
nan,nan,nan,nan,1.4368868902803125e-06,nan,15.116111979468847,0.066154577404443
nan,nan,nan,nan,9.217276421840898e-07,nan,15.118150640514283,0.0661456565540599
Name:	200_10_80_24
Lambda:	200	Maximal Depth:	10	Filter time:	10 to 80 [us]
Chi2:	0.0872900359189879	RelRMS:	1.635332896025817	AbsRMS:	4.65383378230603e-07	Phi model:	0.001577137242278
depth_vector,start_model,resistivity_model,conductivity_model,E/I[V/A],modelled_thickness,rhoa,sigma
0.0,15.231,16.272988833381547,0.0614515262217013,0.0001072738202663,1.0,15.24443358928197,0.0655977143488675
1.0,15.231,16.224861826921167,0.0616338068494824,6.950600084398528e-05,1.0,15.196141615893938,0.0658061779941614
2.0,15.231,16.128717194250175,0.0620012111289604,4.753347696255307e-05,1.0,15.283367718712864,0.0654306052438695
3.0,15.231,15.986084830396331,0.0625544034458378,3.005943298673221e-05,1.0,15.355233287725232,0.0651243768988769
4.0,15.231,15.800053610204056,0.0632909244911786,1.810383169094578e-05,1.0,15.237879835014814,0.0656259276767703
5.0,15.231,15.575217615505965,0.0642045603911464,1.1807577447117369e-05,1.0,15.208888700975454,0.0657510236060747
6.0,15.231,15.317562152036132,0.0652845400641689,8.187844165736982e-06,1.5,15.217314060430848,0.0657146192835877
7.5,15.231,15.02171441338271,0.0665702976691601,5.227713877567144e-06,1.5,15.231134109659516,0.0656549927799404
9.0,15.231,14.70534728785772,0.0680024742309693,3.1569505857207016e-06,nan,15.152910545089362,0.0659939222253293
nan,nan,nan,nan,2.0603496561481127e-06,nan,15.13289172497054,0.0660812234815581
nan,nan,nan,nan,1.4368868902803125e-06,nan,15.116111979468847,0.066154577404443
nan,nan,nan,nan,9.217276421840898e-07,nan,15.118150640514283,0.0661456565540599
Name:	200_10_80_25
Lambda:	200	Maximal Depth:	10	Filter time:	10 to 80 [us]
Chi2:	0.0872900359189879	RelRMS:	1.635332896025817	AbsRMS:	4.65383378230603e-07	Phi model:	0.001577137242278
depth_vector,start_model,resistivity_model,conductivity_model,E/I[V/A],modelled_thickness,rhoa,sigma
0.0,15.231,16.272988833381547,0.0614515262217013,0.0001072738202663,1.0,15.24443358928197,0.0655977143488675
1.0,15.231,16.224861826921167,0.0616338068494824,6.950600084398528e-05,1.0,15.196141615893938,0.0658061779941614
2.0,15.231,16.128717194250175,0.0620012111289604,4.753347696255307e-05,1.0,15.283367718712864,0.0654306052438695
3.0,15.231,15.986084830396331,0.0625544034458378,3.005943298673221e-05,1.0,15.355233287725232,0.0651243768988769
4.0,15.231,15.800053610204056,0.0632909244911786,1.810383169094578e-05,1.0,15.237879835014814,0.0656259276767703
5.0,15.231,15.575217615505965,0.0642045603911464,1.1807577447117369e-05,1.0,15.208888700975454,0.0657510236060747
6.0,15.231,15.317562152036132,0.0652845400641689,8.187844165736982e-06,1.5,15.217314060430848,0.0657146192835877
7.5,15.231,15.02171441338271,0.0665702976691601,5.227713877567144e-06,1.5,15.231134109659516,0.0656549927799404
9.0,15.231,14.70534728785772,0.0680024742309693,3.1569505857207016e-06,nan,15.152910545089362,0.0659939222253293
nan,nan,nan,nan,2.0603496561481127e-06,nan,15.13289172497054,0.0660812234815581
nan,nan,nan,nan,1.4368868902803125e-06,nan,15.116111979468847,0.066154577404443
nan,nan,nan,nan,9.217276421840898e-07,nan,15.118150640514283,0.0661456565540599
Name:	200_10_80_26
Lambda:	200	Maximal Depth:	10	Filter time:	10 to 80 [us]
Chi2:	0.0872900359189879	RelRMS:	1.635332896025817	AbsRMS:	4.65383378230603e-07	Phi model:	0.001577137242278
depth_vector,start_model,resistivity_model,conductivity_model,E/I[V/A],modelled_thickness,rhoa,sigma
0.0,15.231,16.272988833381547,0.0614515262217013,0.0001072738202663,1.0,15.24443358928197,0.0655977143488675
1.0,15.231,16.224861826921167,0.0616338068494824,6.950600084398528e-05,1.0,15.196141615893938,0.0658061779941614
2.0,15.231,16.128717194250175,0.0620012111289604,4.753347696255307e-05,1.0,15.283367718712864,0.0654306052438695
3.0,15.231,15.986084830396331,0.0625544034458378,3.005943298673221e-05,1.0,15.355233287725232,0.0651243768988769
4.0,15.231,15.800053610204056,0.0632909244911786,1.810383169094578e-05,1.0,15.237879835014814,0.0656259276767703
5.0,15.231,15.575217615505965,0.0642045603911464,1.1807577447117369e-05,1.0,15.208888700975454,0.0657510236060747
6.0,15.231,15.317562152036132,0.0652845400641689,8.187844165736982e-06,1.5,15.217314060430848,0.0657146192835877
7.5,15.231,15.02171441338271,0.0665702976691601,5.227713877567144e-06,1.5,15.231134109659516,0.0656549927799404
9.0,15.231,14.70534728785772,0.0680024742309693,3.1569505857207016e-06,nan,15.152910545089362,0.0659939222253293
nan,nan,nan,nan,2.0603496561481127e-06,nan,15.13289172497054,0.0660812234815581
nan,nan,nan,nan,1.4368868902803125e-06,nan,15.116111979468847,0.066154577404443
nan,nan,nan,nan,9.217276421840898e-07,nan,15.118150640514283,0.0661456565540599
Name:	200_10_80_27
Lambda:	200	Maximal Depth:	10	Filter time:	10 to 80 [us]
Chi2:	0.0872900359189879	RelRMS:	1.635332896025817	AbsRMS:	4.65383378230603e-07	Phi model:	0.001577137242278
depth_vector,start_model,resistivity_model,conductivity_model,E/I[V/A],modelled_thickness,rhoa,sigma
0.0,15.231,16.272988833381547,0.0614515262217013,0.0001072738202663,1.0,15.24443358928197,0.0655977143488675
1.0,15.231,16.224861826921167,0.0616338068494824,6.950600084398528e-05,1.0,15.196141615893938,0.0658061779941614
2.0,15.231,16.128717194250175,0.0620012111289604,4.753347696255307e-05,1.0,15.283367718712864,0.0654306052438695
3.0,15.231,15.986084830396331,0.0625544034458378,3.005943298673221e-05,1.0,15.355233287725232,0.0651243768988769
4.0,15.231,15.800053610204056,0.0632909244911786,1.810383169094578e-05,1.0,15.237879835014814,0.0656259276767703
5.0,15.231,15.575217615505965,0.0642045603911464,1.1807577447117369e-05,1.0,15.208888700975454,0.0657510236060747
6.0,15.231,15.317562152036132,0.0652845400641689,8.187844165736982e-06,1.5,15.217314060430848,0.0657146192835877
7.5,15.231,15.02171441338271,0.0665702976691601,5.227713877567144e-06,1.5,15.231134109659516,0.0656549927799404
9.0,15.231,14.70534728785772,0.0680024742309693,3.1569505857207016e-06,nan,15.152910545089362,0.0659939222253293
nan,nan,nan,nan,2.0603496561481127e-06,nan,15.13289172497054,0.0660812234815581
nan,nan,nan,nan,1.4368868902803125e-06,nan,15.116111979468847,0.066154577404443
nan,nan,nan,nan,9.217276421840898e-07,nan,15.118150640514283,0.0661456565540599
Name:	200_10_80_28
Lambda:	200	Maximal Depth:	10	Filter time:	10 to 80 [us]
Chi2:	0.0872900359189879	RelRMS:	1.635332896025817	AbsRMS:	4.65383378230603e-07	Phi model:	0.001577137242278
depth_vector,start_model,resistivity_model,conductivity_model,E/I[V/A],modelled_thickness,rhoa,sigma
0.0,15.231,16.272988833381547,0.0614515262217013,0.0001072738202663,1.0,15.24443358928197,0.0655977143488675
1.0,15.231,16.224861826921167,0.0616338068494824,6.950600084398528e-05,1.0,15.196141615893938,0.0658061779941614
2.0,15.231,16.128717194250175,0.0620012111289604,4.753347696255307e-05,1.0,15.283367718712864,0.0654306052438695
3.0,15.231,15.986084830396331,0.0625544034458378,3.005943298673221e-05,1.0,15.355233287725232,0.0651243768988769
4.0,15.231,15.800053610204056,0.0632909244911786,1.810383169094578e-05,1.0,15.237879835014814,0.0656259276767703
5.0,15.231,15.575217615505965,0.0642045603911464,1.1807577447117369e-05,1.0,15.208888700975454,0.0657510236060747
6.0,15.231,15.317562152036132,0.0652845400641689,8.187844165736982e-06,1.5,15.217314060430848,0.0657146192835877
7.5,15.231,15.02171441338271,0.0665702976691601,5.227713877567144e-06,1.5,15.231134109659516,0.0656549927799404
9.0,15.231,14.70534728785772,0.0680024742309693,3.1569505857207016e-06,nan,15.152910545089362,0.0659939222253293
nan,nan,nan,nan,2.0603496561481127e-06,nan,15.13289172497054,0.0660812234815581
nan,nan,nan,nan,1.4368868902803125e-06,nan,15.116111979468847,0.066154577404443
nan,nan,nan,nan,9.217276421840898e-07,nan,15.118150640514283,0.0661456565540599
Name:	200_10_80_29
Lambda:	200	Maximal Depth:	10	Filter time:	10 to 80 [us]
Chi2:	0.0872900359189879	RelRMS:	1.635332896025817	AbsRMS:	4.65383378230603e-07	Phi model:	0.001577137242278
depth_vector,start_model,resistivity_model,conductivity_model,E/I[V/A],modelled_thickness,rhoa,sigma
0.0,15.231,16.272988833381547,0.0614515262217013,0.0001072738202663,1.0,15.24443358928197,0.0655977143488675
1.0,15.231,16.224861826921167,0.0616338068494824,6.950600084398528e-05,1.0,15.196141615893938,0.0658061779941614
2.0,15.231,16.128717194250175,0.0620012111289604,4.753347696255307e-05,1.0,15.283367718712864,0.0654306052438695
3.0,15.231,15.986084830396331,0.0625544034458378,3.005943298673221e-05,1.0,15.355233287725232,0.0651243768988769
4.0,15.231,15.800053610204056,0.0632909244911786,1.810383169094578e-05,1.0,15.237879835014814,0.0656259276767703
5.0,15.231,15.575217615505965,0.0642045603911464,1.1807577447117369e-05,1.0,15.208888700975454,0.0657510236060747
6.0,15.231,15.317562152036132,0.0652845400641689,8.187844165736982e-06,1.5,15.217314060430848,0.0657146192835877
7.5,15.231,15.02171441338271,0.0665702976691601,5.227713877567144e-06,1.5,15.231134109659516,0.0656549927799404
9.0,15.231,14.70534728785772,0.0680024742309693,3.1569505857207016e-06,nan,15.152910545089362,0.0659939222253293
nan,nan,nan,nan,2.0603496561481127e-06,nan,15.13289172497054,0.0660812234815581
nan,nan,nan,nan,1.4368868902803125e-06,nan,15.116111979468847,0.066154577404443
nan,nan,nan,nan,9.217276421840898e-07,nan,15.118150640514283,0.0661456565540599
Name:	200_10_80_30
Lambda:	200	Maximal Depth:	10	Filter time:	10 to 80 [us]
Chi2:	0.0872900359189879	RelRMS:	1.635332896025817	AbsRMS:	4.65383378230603e-07	Phi model:	0.001577137242278
depth_vector,start_model,resistivity_model,conductivity_model,E/I[V/A],modelled_thickness,rhoa,sigma
0.0,15.231,16.272988833381547,0.0614515262217013,0.0001072738202663,1.0,15.24443358928197,0.0655977143488675
1.0,15.231,16.224861826921167,0.0616338068494824,6.950600084398528e-05,1.0,15.196141615893938,0.0658061779941614
2.0,15.231,16.128717194250175,0.0620012111289604,4.753347696255307e-05,1.0,15.283367718712864,0.0654306052438695
3.0,15.231,15.986084830396331,0.0625544034458378,3.005943298673221e-05,1.0,15.355233287725232,0.0651243768988769
4.0,15.231,15.800053610204056,0.0632909244911786,1.810383169094578e-05,1.0,15.237879835014814,0.0656259276767703
5.0,15.231,15.575217615505965,0.0642045603911464,1.1807577447117369e-05,1.0,15.208888700975454,0.0657510236060747
6.0,15.231,15.317562152036132,0.0652845400641689,8.187844165736982e-06,1.5,15.217314060430848,0.0657146192835877
7.5,15.231,15.02171441338271,0.0665702976691601,5.227713877567144e-06,1.5,15.231134109659516,0.0656549927799404
9.0,15.231,14.70534728785772,0.0680024742309693,3.1569505857207016e-06,nan,15.152910545089362,0.0659939222253293
nan,nan,nan,nan,2.0603496561481127e-06,nan,15.13289172497054,0.0660812234815581
nan,nan,nan,nan,1.4368868902803125e-06,nan,15.116111979468847,0.066154577404443
nan,nan,nan,nan,9.217276421840898e-07,nan,15.118150640514283,0.0661456565540599
Name:	183_10_80_1
Lambda:	183	Maximal Depth:	10	Filter time:	10 to 80 [us]
Chi2:	0.086924907650707	RelRMS:	1.6430588786032894	AbsRMS:	4.682820543181177e-07	Phi model:	0.0016050377718191
depth_vector,start_model,resistivity_model,conductivity_model,E/I[V/A],modelled_thickness,rhoa,sigma
0.0,15.231,16.27532552278426,0.0614427034715879,0.0001072565648999,1.0,15.24606855515875,0.065590679746854
1.0,15.231,16.2275719582886,0.0616235135219491,6.949771773895649e-05,1.0,15.19734902951778,0.0658009497615473
2.0,15.231,16.13205965342206,0.061988364876141,4.7529760019993465e-05,1.0,15.28416450595405,0.0654271942447651
3.0,15.231,15.990048910410032,0.0625388956345823,3.0058612080629527e-05,1.0,15.355512855908128,0.0651231912202296
4.0,15.231,15.804273264644236,0.0632740261608296,1.8104270481513223e-05,1.0,15.237633621837082,0.0656269880755564
5.0,15.231,15.578954156650344,0.064189161219986,1.1808390649230913e-05,1.0,15.208190438033244,0.0657540424730058
6.0,15.231,15.319756222633448,0.0652751901184039,8.188725620273027e-06,1.5,15.21622202146737,0.065719335495314
7.5,15.231,15.020365526354254,0.0665762759398519,5.228518205038388e-06,1.5,15.22957201842272,0.065661726986834
9.0,15.231,14.698370739964446,0.068034751449086,3.157580312365826e-06,nan,15.15089581486826,0.0660026979407154
nan,nan,nan,nan,2.060838808984793e-06,nan,15.130497039938012,0.0660916820749794
nan,nan,nan,nan,1.43727246623493e-06,nan,15.113408400260438,0.0661664115410768
nan,nan,nan,nan,9.220084528983556e-07,nan,15.115080853614542,0.0661590903604637
Name:	183_10_80_2
Lambda:	183.0	Maximal Depth:	10	Filter time:	10.0 to 80.0 [us]
Chi2:	0.086924907650707	RelRMS:	1.6430588786032894	AbsRMS:	4.682820543181177e-07	Phi model:	0.0016050377718191218
depth_vector,start_model,resistivity_model,conductivity_model,E/I[V/A],modelled_thickness,rhoa,sigma
0.0,15.231,16.27532552278426,0.06144270347158792,0.00010725656489992414,1.0,15.24606855515875,0.06559067974685409
1.0,15.231,16.2275719582886,0.06162351352194913,6.949771773895649e-05,1.0,15.19734902951778,0.06580094976154736
2.0,15.231,16.13205965342206,0.06198836487614103,4.7529760019993465e-05,1.0,15.28416450595405,0.0654271942447651
3.0,15.231,15.990048910410033,0.06253889563458233,3.0058612080629527e-05,1.0,15.355512855908128,0.06512319122022966
4.0,15.231,15.804273264644237,0.06327402616082964,1.8104270481513226e-05,1.0,15.237633621837082,0.06562698807555643
5.0,15.231,15.578954156650344,0.06418916121998601,1.1808390649230913e-05,1.0,15.208190438033245,0.06575404247300588
6.0,15.231,15.319756222633448,0.06527519011840394,8.188725620273027e-06,1.5,15.21622202146737,0.06571933549531406
7.5,15.231,15.020365526354254,0.06657627593985192,5.228518205038388e-06,1.5,15.22957201842272,0.06566172698683406
9.0,15.231,14.698370739964446,0.06803475144908605,3.157580312365826e-06,nan,15.15089581486826,0.06600269794071548
nan,nan,nan,nan,2.060838808984793e-06,nan,15.130497039938012,0.0660916820749794
nan,nan,nan,nan,1.43727246623493e-06,nan,15.113408400260438,0.06616641154107684
nan,nan,nan,nan,9.220084528983557e-07,nan,15.115080853614542,0.06615909036046375
