Name:	10.0_10_80_1
Lambda:	10	Maximal Depth:	10	Filter time:	10 to 80 [us]
Chi2:	0.425391123178724	RelRMS:	6.027052239246443	AbsRMS:	5.226719248887973e-07	Phi model:	0.0417714465584445
depth_vector,start_model,resistivity_model,conductivity_model,E/I[V/A],modelled_thickness,rhoa,sigma
0.0,17.7573,18.82842934048593,0.0531111746984516,9.200038465617246e-05,1.0,16.88809624444247,0.0592133053676242
1.0,17.7573,18.4425085473563,0.0542225585761405,5.878507415140888e-05,1.0,16.991699521433038,0.0588522648213392
2.0,17.7573,17.778868004825693,0.0562465506650126,3.964303091815189e-05,1.0,17.249408886451707,0.0579730010797897
3.0,17.7573,16.98411386595412,0.0588785501494176,2.462602337555732e-05,1.0,17.538027638627995,0.0570189545030407
4.0,17.7573,16.25553726731596,0.061517499148468,1.4556945166686935e-05,1.0,17.622115739007533,0.0567468750523777
5.0,17.7573,15.800567597472154,0.0632888656582175,9.339883520837509e-06,1.0,17.781854141277833,0.0562371050878577
6.0,17.7573,15.835824942195275,0.063147957473024,6.384389204312944e-06,1.5,17.962694335804684,0.055670935623879
7.5,17.7573,17.06396851399749,0.0586030148367716,4.006290464716693e-06,1.5,18.187729775583897,0.0549821232412661
9.0,17.7573,20.26718208092104,0.0493408504451821,2.377830750664007e-06,nan,18.30433502293313,0.0546318671914122
nan,nan,nan,nan,1.5295380465701623e-06,nan,18.45761947176804,0.0541781675329018
nan,nan,nan,nan,1.0541329031881654e-06,nan,18.583388625242204,0.0538114990848159
nan,nan,nan,nan,6.668050758538177e-07,nan,18.76007102818393,0.0533047022315461
Name:	12.742749857031335_10_80_1
Lambda:	12.742749857031336	Maximal Depth:	10	Filter time:	10 to 80 [us]
Chi2:	0.4205251189233074	RelRMS:	6.0433789925414585	AbsRMS:	4.900910042893449e-07	Phi model:	0.0295607082963599
depth_vector,start_model,resistivity_model,conductivity_model,E/I[V/A],modelled_thickness,rhoa,sigma
0.0,17.7573,18.300734062308862,0.0546426168805732,9.191801364073852e-05,1.0,16.898184089008133,0.0591779563255247
1.0,17.7573,18.02620942718647,0.0554747798775618,5.870013020137827e-05,1.0,17.008087834802563,0.0587955571321641
2.0,17.7573,17.545026212088757,0.0569962100889303,3.9569359694256666e-05,1.0,17.270812502279554,0.0579011554822919
3.0,17.7573,16.963616973305616,0.0589496922486298,2.4574086043194263e-05,1.0,17.562730023977192,0.0569387560268118
4.0,17.7573,16.439933279439032,0.0608274974723086,1.4528826996885703e-05,1.0,17.644844894543635,0.0566737767306321
5.0,17.7573,16.149376355326137,0.0619218958056046,9.323945897475208e-06,1.0,17.802111646077716,0.0561731113634672
6.0,17.7573,16.278023715220957,0.0614325189282614,6.37474583586619e-06,1.5,17.980805095604516,0.0556148623314121
7.5,17.7573,17.415575414185785,0.0574198656212905,4.001631314907408e-06,1.5,18.20184450625263,0.0549394870204766
9.0,17.7573,20.168488621118783,0.0495822973543432,2.3763472508410704e-06,nan,18.311952218671536,0.054609142054246
nan,nan,nan,nan,1.5292960085915115e-06,nan,18.45956691558048,0.0541724518550848
nan,nan,nan,nan,1.05434962480369e-06,nan,18.58084199371667,0.0538188743189443
nan,nan,nan,nan,6.672561817211682e-07,nan,18.75161477385941,0.0533287405943324
Name:	16.237767391887218_10_80_1
Lambda:	16.237767391887218	Maximal Depth:	10	Filter time:	10 to 80 [us]
Chi2:	0.4240152712980822	RelRMS:	6.076371474956449	AbsRMS:	4.775498471449398e-07	Phi model:	0.021173880982265
depth_vector,start_model,resistivity_model,conductivity_model,E/I[V/A],modelled_thickness,rhoa,sigma
0.0,17.7573,17.881932364282783,0.055922367875487,9.189341764813356e-05,1.0,16.901199242017167,0.0591673990514207
1.0,17.7573,17.687965657190116,0.0565356140655724,5.8656079352257874e-05,1.0,17.016602177764156,0.0587661384777928
2.0,17.7573,17.34176128515064,0.0576642697103827,3.952513023168399e-05,1.0,17.283694371871576,0.0578580006383041
3.0,17.7573,16.934436925650946,0.0590512695751506,2.454088946874464e-05,1.0,17.578564579379595,0.0568874662936382
4.0,17.7573,16.59091545307826,0.0602739494892948,1.4511100892543229e-05,1.0,17.659211400116106,0.0566276702476887
5.0,17.7573,16.451405573880223,0.0607850797616765,9.314184652027051e-06,1.0,17.814547191072908,0.0561338994067226
6.0,17.7573,16.665785553304254,0.0600031721758074,6.369027074475983e-06,1.5,17.99156681798885,0.0555815960953523
7.5,17.7573,17.72053443869618,0.0564317065864734,3.99914091843074e-06,1.5,18.209400313349928,0.0549166904341636
9.0,17.7573,20.083970716666617,0.0497909509084353,2.3759070056611057e-06,nan,18.31421423193876,0.0546023972055578
nan,nan,nan,nan,1.5295899692419758e-06,nan,18.457201767520623,0.0541793936369982
nan,nan,nan,nan,1.0548622024667191e-06,nan,18.574822315799665,0.053836315793417
nan,nan,nan,nan,6.678353990946484e-07,nan,18.74077095247922,0.0533595977740558
Name:	20.6913808111479_10_80_1
Lambda:	20.6913808111479	Maximal Depth:	10	Filter time:	10 to 80 [us]
Chi2:	0.4301340071196245	RelRMS:	6.116455229388687	AbsRMS:	4.757221634682135e-07	Phi model:	0.0156592638454825
depth_vector,start_model,resistivity_model,conductivity_model,E/I[V/A],modelled_thickness,rhoa,sigma
0.0,17.7573,17.54321430561367,0.057002096798191,9.189954737749882e-05,1.0,16.900447690045606,0.059170030187366
1.0,17.7573,17.41233275035318,0.0574305588077919,5.863661994751016e-05,1.0,17.02036677216496,0.0587531404808147
2.0,17.7573,17.181419233717424,0.0582024096145424,3.949999207470992e-05,1.0,17.29102659529562,0.0578334660749449
3.0,17.7573,16.919179317006765,0.0591045216356814,2.45204836435412e-05,1.0,17.588315756875026,0.0568559271861556
4.0,17.7573,16.722529013626342,0.0597995673492418,1.4500516725635074e-05,1.0,17.66780352199039,0.0566001313493972
5.0,17.7573,16.703836448167102,0.0598664865465519,9.308664024911008e-06,1.0,17.82158993129392,0.0561117163987733
6.0,17.7573,16.98617215690545,0.0588714155704271,6.3660005703965045e-06,1.5,17.997268695868502,0.0555639867859261
7.5,17.7573,17.969791309320264,0.0556489489937113,3.9981132053860855e-06,1.5,18.21252065797727,0.0549072815773026
9.0,17.7573,20.013329994083563,0.04996669721109,2.3761286760906823e-06,nan,18.3130751850788,0.0546057933959002
nan,nan,nan,nan,1.5301948976054365e-06,nan,18.45233701873876,0.0541936774179052
nan,nan,nan,nan,1.055527032842996e-06,nan,18.56702185059845,0.0538589337615158
nan,nan,nan,nan,6.68460254170802e-07,nan,18.72909028690744,0.0533928762519261
Name:	26.366508987303583_10_80_1
Lambda:	26.366508987303583	Maximal Depth:	10	Filter time:	10 to 80 [us]
Chi2:	0.4367545945823909	RelRMS:	6.159217243621224	AbsRMS:	4.791533854732829e-07	Phi model:	0.0120307615824353
depth_vector,start_model,resistivity_model,conductivity_model,E/I[V/A],modelled_thickness,rhoa,sigma
0.0,17.7573,17.27337402137183,0.0578925691508057,9.192020827506672e-05,1.0,16.897915120351115,0.0591788982769622
1.0,17.7573,17.19234205791951,0.0581654318318636,5.863083875554654e-05,1.0,17.02148559623661,0.0587492786305971
2.0,17.7573,17.053307491731097,0.0586396510169587,3.948635518581468e-05,1.0,17.295007417485113,0.0578201544446293
3.0,17.7573,16.908162450463415,0.0591430324217515,2.450815996129793e-05,1.0,17.5942113348826,0.0568368755476627
4.0,17.7573,16.831788495057882,0.0594113929303245,1.4494474154453057e-05,1.0,17.67271351011849,0.0565844062049357
5.0,17.7573,16.913279556563516,0.0591251387204754,9.30584117009586e-06,1.0,17.82519377658943,0.0561003718968453
6.0,17.7573,17.252062830423622,0.0579640828942799,6.3646893756127465e-06,1.5,17.99974036555308,0.0555563569079999
7.5,17.7573,18.174660635755927,0.0550216601036637,3.998007514955641e-06,1.5,18.212841631305395,0.054906313920895
9.0,17.7573,19.9534276567216,0.0501167026139058,2.3767477346994563e-06,nan,18.30989510868562,0.054615277371285
nan,nan,nan,nan,1.5309719462571356e-06,nan,18.446092803825945,0.0542120226020216
nan,nan,nan,nan,1.0562657163977318e-06,nan,18.558364462868145,0.053884058694979
nan,nan,nan,nan,6.690948912516098e-07,nan,18.71724537508028,0.0534266650867
Name:	33.59818286283781_10_80_1
Lambda:	33.59818286283781	Maximal Depth:	10	Filter time:	10 to 80 [us]
Chi2:	0.4429675802936048	RelRMS:	6.202376466162737	AbsRMS:	4.840950795114102e-07	Phi model:	0.0096600087612238
depth_vector,start_model,resistivity_model,conductivity_model,E/I[V/A],modelled_thickness,rhoa,sigma
0.0,17.7573,17.060495339397995,0.0586149452349539,9.19436185689844e-05,1.0,16.89504668166622,0.0591889456621127
1.0,17.7573,17.018693233958015,0.0587589179881722,5.863097746947137e-05,1.0,17.02145874901799,0.0587493712933206
2.0,17.7573,16.952461138843447,0.0589884850234921,3.9478927797241226e-05,1.0,17.29717655293863,0.0578129035648947
3.0,17.7573,16.90103821807702,0.0591679627663595,2.450070224712428e-05,1.0,17.597781462308287,0.0568253448391687
4.0,17.7573,16.922021618929907,0.0590945941636987,1.4491227345166546e-05,1.0,17.675353166350682,0.056575955828919
5.0,17.7573,17.08531403676556,0.0585297992093162,9.304696690291643e-06,1.0,17.826655415212937,0.0560957721293372
6.0,17.7573,17.470019967159377,0.057240919122006,6.3644580936532514e-06,1.5,18.00017643200708,0.0555550110176612
7.5,17.7573,18.34067389591907,0.0545236235961049,3.998479915331736e-06,1.5,18.21140709904272,0.0549106389507137
9.0,17.7573,19.90198589752152,0.0502462420157043,2.3776007410427234e-06,nan,18.305515514177817,0.0546283440761605
nan,nan,nan,nan,1.5318384340401838e-06,nan,18.439136099204,0.0542324756767302
nan,nan,nan,nan,1.0570336776407153e-06,nan,18.54937463201664,0.0539101732450849
nan,nan,nan,nan,6.697208743604567e-07,nan,18.705580310916933,0.0534599827098858
Name:	42.81332398719393_10_80_1
Lambda:	42.81332398719393	Maximal Depth:	10	Filter time:	10 to 80 [us]
Chi2:	0.448411709909338	RelRMS:	6.245203017598457	AbsRMS:	4.881071355112729e-07	Phi model:	0.0081109116670277
depth_vector,start_model,resistivity_model,conductivity_model,E/I[V/A],modelled_thickness,rhoa,sigma
0.0,17.7573,16.89452713654782,0.0591907658567552,9.196204071166888e-05,1.0,16.89279029159712,0.0591968515999055
1.0,17.7573,16.883464684320057,0.0592295490705006,5.8631829163713975e-05,1.0,17.021293911207522,0.0587499402346585
2.0,17.7573,16.87458551717562,0.059260714817686,3.947410891024312e-05,1.0,17.29858425105889,0.0578081989535523
3.0,17.7573,16.89756555910663,0.0591801225154039,2.449591161901835e-05,1.0,17.60007576839887,0.0568179372156744
4.0,17.7573,16.996465169514206,0.0588357632029073,1.4489602352007424e-05,1.0,17.67667465608502,0.0565717262695537
5.0,17.7573,17.225532303161863,0.0580533583752557,9.304559836065212e-06,1.0,17.826830214608734,0.0560952220872401
6.0,17.7573,17.64674869053048,0.0566676625556874,6.364898232272279e-06,1.5,17.999346603174043,0.0555575722856327
7.5,17.7573,18.4732478103312,0.0541323328884674,3.999319397921872e-06,1.5,18.20885854972265,0.0549183243567582
9.0,17.7573,19.85682726208846,0.0503605126237485,2.378596797533713e-06,nan,18.3004047697918,0.0546436001049924
nan,nan,nan,nan,1.5327548464396894e-06,nan,18.43178570120419,0.0542541030050424
nan,nan,nan,nan,1.057814129561527e-06,nan,18.54024972975597,0.0539367060625435
nan,nan,nan,nan,6.703358420084112e-07,nan,18.694138199279703,0.0534927039342487
Name:	54.5559478116852_10_80_1
Lambda:	54.5559478116852	Maximal Depth:	10	Filter time:	10 to 80 [us]
Chi2:	0.4529635331588593	RelRMS:	6.28797237258624	AbsRMS:	4.895931953238035e-07	Phi model:	0.0070876448613219
depth_vector,start_model,resistivity_model,conductivity_model,E/I[V/A],modelled_thickness,rhoa,sigma
0.0,17.7573,16.76721113935293,0.059640210389728,9.197043798654288e-05,1.0,16.891762022330802,0.0592004551495578
1.0,17.7573,16.78010804305806,0.0595943719452808,5.862993018551386e-05,1.0,17.02166144694099,0.0587486716920757
2.0,17.7573,16.816109057054643,0.0594667884590391,3.946947488949191e-05,1.0,17.299938216033702,0.0578036746439471
3.0,17.7573,16.89762630089426,0.0591799097810014,2.449230943336241e-05,1.0,17.601801403587817,0.0568123669317259
4.0,17.7573,17.058125596104777,0.0586230881210272,1.4488832165554457e-05,1.0,17.677301079461046,0.0565697215601471
5.0,17.7573,17.33919293747634,0.0576728111628906,9.305008668777523e-06,1.0,17.826256951386195,0.0560970260176934
6.0,17.7573,17.788607954741366,0.056215753506078,6.365763736163355e-06,1.5,17.997715077803456,0.0555626086798817
7.5,17.7573,18.57734889366732,0.053828993885176,4.000410152164022e-06,1.5,18.20554850706345,0.0549283093344875
9.0,17.7573,19.81589592879825,0.0504645363294782,2.3796966017276908e-06,nan,18.294765840153623,0.0546604427046114
nan,nan,nan,nan,1.5337121439541336e-06,nan,18.42411518807813,0.0542766906194268
nan,nan,nan,nan,1.0586097816081268e-06,nan,18.53095865360421,0.0539637489183811
nan,nan,nan,nan,6.709485893258169e-07,nan,18.68275478635599,0.053525297068626
Name:	69.51927961775606_10_80_1
Lambda:	69.51927961775606	Maximal Depth:	10	Filter time:	10 to 80 [us]
Chi2:	0.4566257453208903	RelRMS:	6.331631889894878	AbsRMS:	4.874847482740167e-07	Phi model:	0.0063927788113183
depth_vector,start_model,resistivity_model,conductivity_model,E/I[V/A],modelled_thickness,rhoa,sigma
0.0,17.7573,16.671924448551504,0.0599810779544938,9.196542641699808e-05,1.0,16.892375683895928,0.05919830453175
1.0,17.7573,16.703358272214025,0.0598682003764175,5.862292677301804e-05,1.0,17.023017086558365,0.058743993201394
2.0,17.7573,16.77417229772814,0.0596154601401964,3.946337569787595e-05,1.0,17.301720677509792,0.0577977195817224
3.0,17.7573,16.901232823299807,0.0591672814909344,2.448890342118512e-05,1.0,17.60343345053993,0.0568070997518571
4.0,17.7573,17.1097147310259,0.0584463280493303,1.4488427524768463e-05,1.0,17.677630212198,0.0565686683110938
5.0,17.7573,17.43103140955124,0.0573689517564666,9.30579234573584e-06,1.0,17.825256125062655,0.0561001756711916
6.0,17.7573,17.90132880818143,0.0558617748836036,6.366921099741836e-06,1.5,17.995533957528856,0.0555693430581217
7.5,17.7573,18.65731197785416,0.0535982890347215,4.001702664731087e-06,1.5,18.201628147973125,0.0549401400726537
9.0,17.7573,19.77725228609383,0.0505631412055728,2.380896642375448e-06,nan,18.288617930173725,0.0546788173834686
nan,nan,nan,nan,1.5347223331972237e-06,nan,18.416029519002457,0.0543005211285177
nan,nan,nan,nan,1.059436766617453e-06,nan,18.52131401982499,0.0539918495485585
nan,nan,nan,nan,6.715755380240489e-07,nan,18.671125464610007,0.0535586353321571
Name:	88.58667904100822_10_80_1
Lambda:	88.58667904100822	Maximal Depth:	10	Filter time:	10 to 80 [us]
Chi2:	0.4594927296543561	RelRMS:	6.377598288880923	AbsRMS:	4.810290989733703e-07	Phi model:	0.0058958848209117
depth_vector,start_model,resistivity_model,conductivity_model,E/I[V/A],modelled_thickness,rhoa,sigma
0.0,17.7573,16.603486795138604,0.0602283130247553,9.194451978448967e-05,1.0,16.894936281010537,0.0591893324347114
1.0,17.7573,16.64910285381024,0.060063296429882,5.860911523304525e-05,1.0,17.025691355986403,0.0587347661302687
2.0,17.7573,16.746580416031154,0.0597136833405535,3.945463990980324e-05,1.0,17.30427447242412,0.0577891896937712
3.0,17.7573,16.908529794256356,0.0591417475184441,2.448501613670993e-05,1.0,17.605296569399826,0.0568010880167803
4.0,17.7573,17.153636209942125,0.0582966776117361,1.4488082504070434e-05,1.0,17.677910862362545,0.0565677702408301
5.0,17.7573,17.50518464999512,0.0571259326876211,9.306774611317474e-06,1.0,17.82400188147374,0.0561041233416497
6.0,17.7573,17.9898870966748,0.055586785766145,6.368313271291249e-06,1.5,17.992911203045182,0.055577443178331
7.5,17.7573,18.7167705395192,0.053428020495767,4.003193010413046e-06,1.5,18.197110354087567,0.0549537800530715
9.0,17.7573,19.739053049217105,0.050660991563608,2.38221806384282e-06,nan,18.28185414771273,0.0546990470397725
nan,nan,nan,nan,1.5358119365189105e-06,nan,18.407318148418863,0.0543262191665817
nan,nan,nan,nan,1.0603205017649942e-06,nan,18.511021401907765,0.0540218704461623
nan,nan,nan,nan,6.722383885809774e-07,nan,18.658849858313665,0.0535938714118779
Name:	112.88378916846884_10_80_1
Lambda:	112.88378916846884	Maximal Depth:	10	Filter time:	10 to 80 [us]
Chi2:	0.4617482650838134	RelRMS:	6.42763600137916	AbsRMS:	4.696608501305325e-07	Phi model:	0.0055111778967912
depth_vector,start_model,resistivity_model,conductivity_model,E/I[V/A],modelled_thickness,rhoa,sigma
0.0,17.7573,16.557959911840626,0.0603939135814007,9.190563142327022e-05,1.0,16.89970182184576,0.059172641656158
1.0,17.7573,16.614235043276278,0.0601893495183635,5.8587133644889744e-05,1.0,17.02994972368804,0.0587200794027616
2.0,17.7573,16.73173577590699,0.0597666621917349,3.944237416930946e-05,1.0,17.307861794354604,0.0577772119908061
3.0,17.7573,16.91978994417509,0.0591023885816186,2.448016689489427e-05,1.0,17.607621431600002,0.0567935881563947
4.0,17.7573,17.192001294825996,0.0581665847303626,1.448760940711027e-05,1.0,17.678295711702358,0.0565665387833759
5.0,17.7573,17.565189325583898,0.0569307840333658,9.307894829035431e-06,1.0,17.822571757648376,0.056108625264525
6.0,17.7573,18.058480487956576,0.0553756447374911,6.369934758474278e-06,1.5,17.989857638247006,0.0555868767896177
7.5,17.7573,18.75866206011634,0.0533087059618258,4.004908623255408e-06,1.5,18.19191316092412,0.0549694796338397
9.0,17.7573,19.699529281891632,0.0507626342584352,2.3836991093062907e-06,nan,18.2742807472878,0.0547217159366677
nan,nan,nan,nan,1.5370176204739713e-06,nan,18.397690711320006,0.0543546478572283
nan,nan,nan,nan,1.0612929534419935e-06,nan,18.49971203698032,0.054054895449239
nan,nan,nan,nan,6.729626013370935e-07,nan,18.645460900399748,0.0536323561719281
Name:	143.8449888287663_10_80_1
Lambda:	143.8449888287663	Maximal Depth:	10	Filter time:	10 to 80 [us]
Chi2:	0.4636778637684278	RelRMS:	6.483747837113994	AbsRMS:	4.529404950923672e-07	Phi model:	0.0051822833374517
depth_vector,start_model,resistivity_model,conductivity_model,E/I[V/A],modelled_thickness,rhoa,sigma
0.0,17.7573,16.53245357542949,0.0604870895561563,9.184676111254654e-05,1.0,16.90692243172804,0.0591473701992841
1.0,17.7573,16.596505475139654,0.0602536480645233,5.8555758735596565e-05,1.0,17.03603242088089,0.0586991134610844
2.0,17.7573,16.728561266090786,0.0597780038637886,3.942582522598548e-05,1.0,17.31270475854712,0.0577610497000077
3.0,17.7573,16.935404746059067,0.0590478949275011,2.4473986643195405e-05,1.0,17.61058552988811,0.0567840290320178
4.0,17.7573,17.2266599761379,0.0580495581491237,1.4486890097758904e-05,1.0,17.678880887131392,0.0565646664166343
5.0,17.7573,17.614024665896096,0.0567729419577899,9.309137875290962e-06,1.0,17.820985160732835,0.0561136205984516
6.0,17.7573,18.110573590515155,0.0552163626956419,6.371811755163826e-06,1.5,17.98632451846055,0.0555977959239884
7.5,17.7573,18.78528436323377,0.0532331574366359,4.006896466580578e-06,1.5,18.185895924692616,0.0549876675936658
9.0,17.7573,19.65698559361612,0.0508725000197773,2.385388582493682e-06,nan,18.265651111241624,0.0547475692987778
nan,nan,nan,nan,1.5383822602372465e-06,nan,18.386809179378275,0.054386815583073
nan,nan,nan,nan,1.062390075890854e-06,nan,18.486973499117664,0.0540921422345159
nan,nan,nan,nan,6.737758951912568e-07,nan,18.63045364431001,0.0536755582602473
Name:	183.29807108324357_10_80_1
Lambda:	183.2980710832436	Maximal Depth:	10	Filter time:	10 to 80 [us]
Chi2:	0.4657127517710964	RelRMS:	6.548269766702669	AbsRMS:	4.306213092804049e-07	Phi model:	0.0048720138747281
depth_vector,start_model,resistivity_model,conductivity_model,E/I[V/A],modelled_thickness,rhoa,sigma
0.0,17.7573,16.52492071733136,0.0605146624970611,9.17660326051837e-05,1.0,16.91683656178186,0.0591127068200905
1.0,17.7573,16.594356250448154,0.0602614518398683,5.851392411864244e-05,1.0,17.044151411413168,0.058671152107366
2.0,17.7573,16.736397680393697,0.0597500142561428,3.940438983022962e-05,1.0,17.318982756877425,0.0577401117627937
3.0,17.7573,16.955848935811307,0.0589766990603441,2.44662240405868e-05,1.0,17.614310304339,0.0567720213123341
4.0,17.7573,17.259217298612906,0.0579400550267345,1.4485881292082384e-05,1.0,17.67970165635897,0.0565620404369393
5.0,17.7573,17.654160689380884,0.0566438709602041,9.310538706301344e-06,1.0,17.81919759394198,0.0561192497433201
6.0,17.7573,18.14895895880432,0.0550995791146954,6.374005988529382e-06,1.5,17.982196454345797,0.0556105591738392
7.5,17.7573,18.798366589770644,0.0531961112272468,4.009226131917951e-06,1.5,18.178850316369783,0.0550089792586891
9.0,17.7573,19.6097501053538,0.0509950404583168,2.387348228044067e-06,nan,18.25565421727817,0.0547775493607643
nan,nan,nan,nan,1.5399567720883792e-06,nan,18.374274115608543,0.0544239186652016
nan,nan,nan,nan,1.0636532409053836e-06,nan,18.47233419015113,0.0541350102107382
nan,nan,nan,nan,6.747092855855313e-07,nan,18.61326747861681,0.0537251184483763
Name:	233.57214690901213_10_80_1
Lambda:	233.57214690901213	Maximal Depth:	10	Filter time:	10 to 80 [us]
Chi2:	0.4684378046893886	RelRMS:	6.623503695179671	AbsRMS:	4.026911368917033e-07	Phi model:	0.0045564535181282
depth_vector,start_model,resistivity_model,conductivity_model,E/I[V/A],modelled_thickness,rhoa,sigma
0.0,17.7573,16.533990354147793,0.0604814674848975,9.16614870917199e-05,1.0,16.929697240026847,0.059067801734558
1.0,17.7573,16.606785521327712,0.0602163494383499,5.846054927993835e-05,1.0,17.054524109679466,0.058635467842368
2.0,17.7573,16.754925021613086,0.0596839435992727,3.937747471801695e-05,1.0,17.326873719603185,0.0577138159014009
3.0,17.7573,16.981665417370795,0.058887039369948,2.4456641186960288e-05,1.0,17.618911217844598,0.056757196153369
4.0,17.7573,17.291075895003857,0.0578333011821978,1.4484544440179613e-05,1.0,17.6807894723799,0.0565585604399709
5.0,17.7573,17.68764413857382,0.0565366417463796,9.312132789120449e-06,1.0,17.81716396835849,0.0561256551141304
6.0,17.7573,18.17588549485537,0.0550179522358372,6.376578073799544e-06,1.5,17.97736054266685,0.055625518419494
7.5,17.7573,18.79920187445301,0.0531937476217509,4.011964895569731e-06,1.5,18.1705761926647,0.0550340280570569
9.0,17.7573,19.556318118740165,0.0511343696665341,2.389636931134188e-06,nan,18.24399597636485,0.0548125531980769
nan,nan,nan,nan,1.5417894173394358e-06,nan,18.3597108640414,0.0544670886924782
nan,nan,nan,nan,1.0651215577532388e-06,nan,18.455353671262856,0.0541848190943702
nan,nan,nan,nan,6.757920039857597e-07,nan,18.59338136747545,0.0537825788777319
Name:	297.63514416313194_10_80_1
Lambda:	297.63514416313194	Maximal Depth:	10	Filter time:	10 to 80 [us]
Chi2:	0.4726527479556506	RelRMS:	6.711862472744379	AbsRMS:	3.696930694828841e-07	Phi model:	0.0042209528014865
depth_vector,start_model,resistivity_model,conductivity_model,E/I[V/A],modelled_thickness,rhoa,sigma
0.0,17.7573,16.558744729193734,0.0603910511547991,9.153151800156004e-05,1.0,16.94571953121527,0.0590119527328376
1.0,17.7573,16.63315423623557,0.0601208878242399,5.839479072611072e-05,1.0,17.06732514266164,0.0585914893893004
2.0,17.7573,16.784019916543105,0.0595804822070279,3.9344649970652734e-05,1.0,17.336509442184003,0.0576817382608031
3.0,17.7573,17.013385783133618,0.0587772482647962,2.444509880381266e-05,1.0,17.624456930026465,0.0567393369322102
4.0,17.7573,17.32341923276224,0.0577253246927597,1.4482892326732686e-05,1.0,17.682134052548392,0.0565542596288527
5.0,17.7573,17.716138177690066,0.0564457101186589,9.313984129753308e-06,1.0,17.814802878337776,0.0561330937439654
6.0,17.7573,18.19313474978913,0.0549657886754007,6.379605544517395e-06,1.5,17.971672600799145,0.0556431236097375
7.5,17.7573,18.788749820440675,0.0532233389425452,4.015188348690259e-06,1.5,18.160849817823348,0.0550635025360203
9.0,17.7573,19.49533097036636,0.0512943330646726,2.3923168020568894e-06,nan,18.23036882718417,0.0548535254266963
nan,nan,nan,nan,1.5439296029319848e-06,nan,18.342740197247245,0.0545174815347421
nan,nan,nan,nan,1.0668344214303922e-06,nan,18.43559429756663,0.0542428946883471
nan,nan,nan,nan,6.770530680869615e-07,nan,18.570286446577285,0.0538494655360747
Name:	379.26901907322497_10_80_1
Lambda:	379.26901907322497	Maximal Depth:	10	Filter time:	10 to 80 [us]
Chi2:	0.4793791604570916	RelRMS:	6.815581604016886	AbsRMS:	3.33152065758987e-07	Phi model:	0.0038583120511576
depth_vector,start_model,resistivity_model,conductivity_model,E/I[V/A],modelled_thickness,rhoa,sigma
0.0,17.7573,16.59851226447318,0.0602463632924718,9.137509851899e-05,1.0,16.965052916739722,0.0589447026724733
1.0,17.7573,16.67300442940717,0.0599771927269593,5.831613002477615e-05,1.0,17.08266939510805,0.058538860459734
2.0,17.7573,16.823621643200145,0.059440233572073,3.930567181994202e-05,1.0,17.347968915419088,0.0576436356829754
3.0,17.7573,17.051457376835046,0.0586460135283528,2.443154436642869e-05,1.0,17.630974938349937,0.0567183609242648
4.0,17.7573,17.357204793464405,0.0576129631411928,1.4480968822928346e-05,1.0,17.68369982712325,0.0565492521234838
5.0,17.7573,17.740979442566232,0.0563666737362134,9.316165044436753e-06,1.0,17.812022472376718,0.0561418559599743
6.0,17.7573,18.20213940612281,0.0549385969246901,6.383164642422682e-06,1.5,17.964991600449423,0.0556638167298104
7.5,17.7573,18.76778748944516,0.0532827857605693,4.018965827100516e-06,1.5,18.14946828797564,0.0550980328532554
9.0,17.7573,19.42572942418918,0.0514781184357889,2.395442864865666e-06,nan,18.214504904561537,0.0549013001033898
nan,nan,nan,nan,1.5464203520019288e-06,nan,18.32303902686868,0.0545760994414524
nan,nan,nan,nan,1.0688258044632811e-06,nan,18.412688326621765,0.0543103745776309
nan,nan,nan,nan,6.785172931435692e-07,nan,18.54356065490132,0.0539270757439826
Name:	483.2930238571752_10_80_1
Lambda:	483.2930238571752	Maximal Depth:	10	Filter time:	10 to 80 [us]
Chi2:	0.4898373747960972	RelRMS:	6.9364638034953	AbsRMS:	2.963436746406625e-07	Phi model:	0.0034678268232724
depth_vector,start_model,resistivity_model,conductivity_model,E/I[V/A],modelled_thickness,rhoa,sigma
0.0,17.7573,16.652634614011657,0.0600505579554716,9.119219426480028e-05,1.0,16.98772988688021,0.0588660172170685
1.0,17.7573,16.72585038549315,0.0597876925209931,5.822457474444784e-05,1.0,17.100572476873992,0.0584775744409932
2.0,17.7573,16.873568538754345,0.0592642864906289,3.926057805005005e-05,1.0,17.361250017926285,0.0575995391442122
3.0,17.7573,17.09614038246929,0.0584927344785621,2.4416042697182088e-05,1.0,17.638436716192047,0.0566943667452117
4.0,17.7573,17.39313016653496,0.0574939640205785,1.4478852269695627e-05,1.0,17.685423148811086,0.0565437417915118
5.0,17.7573,17.76321507527841,0.0562961150761344,9.3187502606159e-06,1.0,17.808728035049583,0.0561522416442031
6.0,17.7573,18.2040874388718,0.0549327179051374,6.387321388774724e-06,1.5,17.95719657332132,0.0556879797977865
7.5,17.7573,18.73706099662391,0.0533701630250433,4.023351277328797e-06,1.5,18.13627728527465,0.0551381071357972
9.0,17.7573,19.346898894497727,0.0516878702604064,2.399055746708692e-06,nan,18.196213435154448,0.0549564888081624
nan,nan,nan,nan,1.5492925805399442e-06,nan,18.30038600840796,0.054643656125098
nan,nan,nan,nan,1.0711197216886402e-06,nan,18.38639044268116,0.0543880542033228
nan,nan,nan,nan,6.802019913325869e-07,nan,18.512929348843407,0.0540163029392468
Name:	615.8482110660261_10_80_1
Lambda:	615.8482110660261	Maximal Depth:	10	Filter time:	10 to 80 [us]
Chi2:	0.5053565034484886	RelRMS:	7.075544005240945	AbsRMS:	2.653495886833308e-07	Phi model:	0.0030547148358111
depth_vector,start_model,resistivity_model,conductivity_model,E/I[V/A],modelled_thickness,rhoa,sigma
0.0,17.7573,16.720229845781898,0.0598077902770143,9.09841795787264e-05,1.0,17.013612424428526,0.058776465282833
1.0,17.7573,16.790964145883894,0.0595558415414244,5.812085823395417e-05,1.0,17.120910380519266,0.0584081090184218
2.0,17.7573,16.93342616358279,0.0590547943658685,3.92097801643773e-05,1.0,17.37624159185258,0.0575498444076009
3.0,17.7573,17.147394495340496,0.0583178978165885,2.439880247969635e-05,1.0,17.646744628976393,0.0566676755982503
4.0,17.7573,17.43158817629566,0.0573671193861641,1.4476655047448312e-05,1.0,17.68721259635756,0.0565380211580617
5.0,17.7573,17.78363026917788,0.056231488445482,9.321807740893082e-06,1.0,17.804833739494,0.0561645233328878
6.0,17.7573,18.200020019814183,0.0549449945061219,6.392119899937333e-06,1.5,17.948208569960606,0.0557158669124043
7.5,17.7573,18.69743642711117,0.0534832678211439,4.028371983805716e-06,1.5,18.12120488542725,0.0551839685232068
9.0,17.7573,19.258829394428023,0.051924235867073,2.403172837200537e-06,nan,18.175425121972733,0.0550193458083725
nan,nan,nan,nan,1.552558243253505e-06,nan,18.274714890409506,0.05472041594065
nan,nan,nan,nan,1.07372483030817e-06,nan,18.356638602706123,0.0544762045842412
nan,nan,nan,nan,6.821130582724422e-07,nan,18.478334899758927,0.0541174302460037
Name:	784.7599703514607_10_80_1
Lambda:	784.7599703514607	Maximal Depth:	10	Filter time:	10 to 80 [us]
Chi2:	0.5272034457186195	RelRMS:	7.232722333826608	AbsRMS:	2.49390372767783e-07	Phi model:	0.002629355377544
depth_vector,start_model,resistivity_model,conductivity_model,E/I[V/A],modelled_thickness,rhoa,sigma
0.0,17.7573,16.799978761542494,0.0595238847735415,9.075415353413318e-05,1.0,17.042348832620856,0.0586773577880235
1.0,17.7573,16.867181495838636,0.0592867279128237,5.800658505048061e-05,1.0,17.143388508025062,0.0583315252717912
2.0,17.7573,17.002331062806682,0.0588154645563597,3.915412501419233e-05,1.0,17.39270385686318,0.0574953732455692
3.0,17.7573,17.2047748248096,0.0581233994738473,2.438018804392482e-05,1.0,17.655725757644767,0.0566388498398039
4.0,17.7573,17.472624106984224,0.0572323878701354,1.4474516461959036e-05,1.0,17.688954724090333,0.0565324529118792
5.0,17.7573,17.802770224241122,0.0561710333506608,9.325386283877856e-06,1.0,17.80027847235023,0.0561788963893645
6.0,17.7573,18.190915562235197,0.054972494186935,6.397569128275478e-06,1.5,17.938015346630063,0.0557475272863932
7.5,17.7573,18.650028902834386,0.0536192198526846,4.034016735671468e-06,1.5,18.104296415598288,0.0552355074753648
9.0,17.7573,19.162251783995,0.0521859336403895,2.4077793172317765e-06,nan,18.152235994532635,0.0550896319495402
nan,nan,nan,nan,1.556203499390709e-06,nan,18.246165903220685,0.054806034610454
nan,nan,nan,nan,1.0766291021439531e-06,nan,18.32361165084208,0.0545743939052563
nan,nan,nan,nan,6.842411440358768e-07,nan,18.44000153966495,0.0542299303960996
Name:	1000.0_10_80_1
Lambda:	1000.0	Maximal Depth:	10	Filter time:	10.0 to 80.0 [us]
Chi2:	0.5563429326999074	RelRMS:	7.4064538181622455	AbsRMS:	2.573683859829419e-07	Phi model:	0.0022059259076269494
depth_vector,start_model,resistivity_model,conductivity_model,E/I[V/A],modelled_thickness,rhoa,sigma
0.0,17.7573,16.889975533475734,0.05920671690838223,9.050703609529677e-05,1.0,17.07335597951303,0.058570793064933346
1.0,17.7573,16.95276763600185,0.0589874185425832,5.788426262115946e-05,1.0,17.167531892861653,0.058249491321219274
2.0,17.7573,17.07888510241361,0.058551831340482446,3.9094896895612e-05,1.0,17.41026586241819,0.05743737676967935
3.0,17.7573,17.267365177208035,0.057912715097955106,2.4360706601283792e-05,1.0,17.665137449079094,0.056608673602600884
4.0,17.7573,17.515913438171346,0.05709094210415324,1.4472587625551421e-05,1.0,17.690526354676408,0.05652743055526184
5.0,17.7573,17.820962301523828,0.0561136925762136,9.329501552611756e-06,1.0,17.795043586331964,0.05619542290798776
6.0,17.7573,18.177750287646912,0.055012308133618265,6.403630672518895e-06,1.5,17.926693724010384,0.055782734696952795
7.5,17.7573,18.596282334786917,0.05377418894793621,4.0402262099031315e-06,1.5,18.085741847600147,0.05529217482072449
9.0,17.7573,19.058701176430606,0.05246947264363815,2.4128213290179416e-06,nan,18.12693899962911,0.05516651211881171
nan,nan,nan,nan,1.560183696980014e-06,nan,18.215120730321193,0.054899443973236116
nan,nan,nan,nan,1.0797960013160875e-06,nan,18.287766958707458,0.05468136171343021
nan,nan,nan,nan,6.865589597290256e-07,nan,18.39847598764314,0.05435232791409594
