Name:	10.0_10_80_1
Lambda:	10	Maximal Depth:	10	Filter time:	10 to 80 [us]
Chi2:	0.4710569283357064	RelRMS:	4.350140835269425	AbsRMS:	3.319718365500723e-07	Phi model:	0.0222835510543634
depth_vector,start_model,resistivity_model,conductivity_model,E/I[V/A],modelled_thickness,rhoa,sigma
0.0,18.0002,18.786238874661,0.0532304527091267,8.9283395371856e-05,1.0,17.228996876065313,0.0580416844459011
1.0,18.0002,18.507099480277866,0.0540333184606076,5.715485143185456e-05,1.0,17.31328452529969,0.0577591154664334
2.0,18.0002,18.02556121754889,0.0554767747828258,3.86200368309804e-05,1.0,17.552689161498538,0.0569713273447284
3.0,18.0002,17.44106721488599,0.0573359409535729,2.4056493287456453e-05,1.0,17.813751707007857,0.0561364061006084
4.0,18.0002,16.896624136858787,0.0591834198299156,1.4265860946578454e-05,1.0,17.861018583945334,0.0559878483581482
5.0,18.0002,16.551096138588047,0.0604189590602733,9.179523758751117e-06,1.0,17.988346730835985,0.0555915457358724
6.0,18.0002,16.575204685852473,0.0603310800049145,6.2907265288484e-06,1.5,18.14055258792036,0.0551251123775519
7.5,18.0002,17.499867234021277,0.0571432906677093,3.960006219288329e-06,1.5,18.329172985000493,0.0545578352508506
9.0,18.0002,19.85137380839892,0.0503743473702011,2.35812295522428e-06,nan,18.406178023180395,0.0543295842700542
nan,nan,nan,nan,1.5210895349477476e-06,nan,18.52590184867899,0.0539784787897549
nan,nan,nan,nan,1.0506965212717908e-06,nan,18.623885483096387,0.0536944882370346
nan,nan,nan,nan,6.664414332898318e-07,nan,18.76689467363425,0.0532853206345803
Name:	12.742749857031335_10_80_1
Lambda:	12.742749857031336	Maximal Depth:	10	Filter time:	10 to 80 [us]
Chi2:	0.4730524953316846	RelRMS:	4.365232240738362	AbsRMS:	3.189391060862928e-07	Phi model:	0.0158200100412516
depth_vector,start_model,resistivity_model,conductivity_model,E/I[V/A],modelled_thickness,rhoa,sigma
0.0,18.0002,18.401512561979743,0.0543433588207389,8.925475944589468e-05,1.0,17.232681773126526,0.0580292732823191
1.0,18.0002,18.2025426293553,0.0549373799233573,5.711386089556209e-05,1.0,17.321567347766145,0.0577314962279648
2.0,18.0002,17.85116517185973,0.0560187522983868,3.858079995660991e-05,1.0,17.564587929376334,0.056932733293875
3.0,18.0002,17.422582545811217,0.0573967721128933,2.4027611818389624e-05,1.0,17.82802374002955,0.0560914667033275
4.0,18.0002,17.032398807026166,0.0587116360607692,1.425039480246314e-05,1.0,17.873939449056177,0.0559473753869522
5.0,18.0002,16.81396819621414,0.0594743601468903,9.170943723594678e-06,1.0,17.99956452157438,0.0555568996572886
6.0,18.0002,16.910761120818243,0.0591339439340157,6.285656608620125e-06,1.5,18.15030588296496,0.0550954902054049
7.5,18.0002,17.76406608440434,0.0562934181424788,3.957732627519532e-06,1.5,18.33619199845977,0.0545369507520427
9.0,18.0002,19.78372278127977,0.0505466039458581,2.3576267230117925e-06,nan,18.40876068196853,0.0543219620959875
nan,nan,nan,nan,1.5212456375404091e-06,nan,18.524634470288422,0.0539821717726142
nan,nan,nan,nan,1.0510602316543728e-06,nan,18.619588811327063,0.0537068788217094
nan,nan,nan,nan,6.668822796864089e-07,nan,18.758623119136,0.0533088166252395
Name:	16.237767391887218_10_80_1
Lambda:	16.237767391887218	Maximal Depth:	10	Filter time:	10 to 80 [us]
Chi2:	0.4768533067494175	RelRMS:	4.385907315379565	AbsRMS:	3.14248150099869e-07	Phi model:	0.0113770036431523
depth_vector,start_model,resistivity_model,conductivity_model,E/I[V/A],modelled_thickness,rhoa,sigma
0.0,18.0002,18.093844364784943,0.0552674146985725,8.925288801216867e-05,1.0,17.23292265951783,0.0580284621336529
1.0,18.0002,17.952158780448688,0.0557036071388293,5.7092991739107e-05,1.0,17.32578811660054,0.0577174321462386
2.0,18.0002,17.699051247987843,0.0565002036543448,3.855661011680368e-05,1.0,17.571933667701842,0.056908933240401
3.0,18.0002,17.39913655738538,0.0574741164138706,2.4008545666483472e-05,1.0,17.837461125084022,0.0560617900152698
4.0,18.0002,17.144358257103114,0.0583282258223744,1.4240359533939666e-05,1.0,17.882335712785704,0.0559211065076364
5.0,18.0002,17.040772881566728,0.0586827843402405,9.165569890430797e-06,1.0,18.006599341992438,0.0555351946809824
6.0,18.0002,17.202644572808484,0.0581305970583534,6.282610976278273e-06,1.5,18.15617124621245,0.0550776915704961
7.5,18.0002,17.99162591741068,0.0555814135192912,3.9565557238189605e-06,1.5,18.33982796603968,0.054526138514043
9.0,18.0002,19.72569246694252,0.0506953052054248,2.3576306671543074e-06,nan,18.408740150962007,0.0543220226805005
nan,nan,nan,nan,1.5216397126233866e-06,nan,18.52143598559288,0.0539914940060728
nan,nan,nan,nan,1.0515424412528695e-06,nan,18.61389607498529,0.0537233041364119
nan,nan,nan,nan,6.673611835406167e-07,nan,18.749647817681183,0.05333433511519
Name:	20.6913808111479_10_80_1
Lambda:	20.6913808111479	Maximal Depth:	10	Filter time:	10 to 80 [us]
Chi2:	0.48088280729471	RelRMS:	4.40853250083058	AbsRMS:	3.139056234545325e-07	Phi model:	0.008447624083098
depth_vector,start_model,resistivity_model,conductivity_model,E/I[V/A],modelled_thickness,rhoa,sigma
0.0,18.0002,17.843020649156845,0.0560443222962505,8.926398088945508e-05,1.0,17.231494934292225,0.0580332701145917
1.0,18.0002,17.74721899893665,0.0563468563756336,5.708396495195545e-05,1.0,17.327614573237593,0.0577113483089873
2.0,18.0002,17.578454271991596,0.0568878232708627,3.854223576101831e-05,1.0,17.576302373420525,0.0568947881502217
3.0,18.0002,17.38604910329162,0.0575173804041928,2.399630568297771e-05,1.0,17.843526271837437,0.0560427341975732
4.0,18.0002,17.24163234264465,0.0579991488118353,1.4234131503815032e-05,1.0,17.88755151422901,0.0559048005650482
5.0,18.0002,17.229746240075414,0.0580391600703936,9.162440280133925e-06,1.0,18.010699445557442,0.0555225521930888
6.0,18.0002,17.443056157491696,0.0573294032290611,6.280980365208858e-06,1.5,18.15931347043509,0.0550681611189809
7.5,18.0002,18.17739993663565,0.0550133684402547,3.956128783471123e-06,1.5,18.34114741612708,0.0545222159394845
9.0,18.0002,19.67703640022347,0.0508206611839495,2.357948845747845e-06,nan,18.407084079189524,0.0543269099927983
nan,nan,nan,nan,1.5221628224586114e-06,nan,18.517192330791968,0.054003867440374
nan,nan,nan,nan,1.0520741340421776e-06,nan,18.607624205099704,0.0537414120673145
nan,nan,nan,nan,6.678389003935488e-07,nan,18.740705450556497,0.0533597842748393
Name:	26.366508987303583_10_80_1
Lambda:	26.366508987303583	Maximal Depth:	10	Filter time:	10 to 80 [us]
Chi2:	0.4846380591345403	RelRMS:	4.431587703331778	AbsRMS:	3.156035627170872e-07	Phi model:	0.0065169641100723
depth_vector,start_model,resistivity_model,conductivity_model,E/I[V/A],modelled_thickness,rhoa,sigma
0.0,18.0002,17.641984688048968,0.0566829649658079,8.928011616004645e-05,1.0,17.229418748158114,0.0580402632623287
1.0,18.0002,17.582790541239813,0.0568737935912126,5.708129048956118e-05,1.0,17.328155809444024,0.0577095457241323
2.0,18.0002,17.481738943262982,0.057202547369315,3.8533784872607775e-05,1.0,17.578872065476542,0.0568864712295118
3.0,18.0002,17.376430205510704,0.0575492197288522,2.39884481687902e-05,1.0,17.847422539096367,0.0560304995194354
4.0,18.0002,17.322343180063854,0.0577289105524067,1.4230367761453265e-05,1.0,17.890705387651312,0.0558949453547107
5.0,18.0002,17.38615070006749,0.0575170442987197,9.160764574545144e-06,1.0,18.01289574765508,0.0555157823599895
6.0,18.0002,17.64189982329363,0.056683237634058,6.28026852294535e-06,1.5,18.16068563284865,0.0550640003476092
7.5,18.0002,18.329791655698525,0.0545559938041691,3.95618252464059e-06,1.5,18.340981317126847,0.0545227097018084
9.0,18.0002,19.635686706968546,0.0509276815689419,2.3584552453623528e-06,nan,18.404449113242617,0.0543346879793574
nan,nan,nan,nan,1.5227527461996458e-06,nan,18.512409572793533,0.0540178195641065
nan,nan,nan,nan,1.0526228221766124e-06,nan,18.60115739375926,0.0537600956129484
nan,nan,nan,nan,6.683032033196612e-07,nan,18.73202438863728,0.0533845130271447
Name:	33.59818286283781_10_80_1
Lambda:	33.59818286283781	Maximal Depth:	10	Filter time:	10 to 80 [us]
Chi2:	0.4879212645127033	RelRMS:	4.454353656747332	AbsRMS:	3.177045538306815e-07	Phi model:	0.0052538991389598
depth_vector,start_model,resistivity_model,conductivity_model,E/I[V/A],modelled_thickness,rhoa,sigma
0.0,18.0002,17.482586875620612,0.0571997729577706,8.929541428508915e-05,1.0,17.22745085815952,0.0580468931958302
1.0,18.0002,17.452429378420867,0.0572986131796902,5.708100456796068e-05,1.0,17.328213674460528,0.0577093530116071
2.0,18.0002,17.405356062268265,0.057453579026046,3.852850970704789e-05,1.0,17.580476580250437,0.0568812793802973
3.0,18.0002,17.369973719055697,0.0575706109965469,2.3983287837688204e-05,1.0,17.8499825246954,0.0560224638100627
4.0,18.0002,17.38897600480094,0.0575076991148822,1.4228161340890883e-05,1.0,17.89255493092086,0.0558891675258662
5.0,18.0002,17.514370200465326,0.0570959725387917,9.16001975651292e-06,1.0,18.013872175516656,0.0555127731703979
6.0,18.0002,17.804468821585363,0.0561656744731212,6.280153718446969e-06,1.5,18.160906956736103,0.0550633292919926
7.5,18.0002,18.453121399278,0.054191373825738,3.956547738975676e-06,1.5,18.33985264085092,0.0545260651534658
9.0,18.0002,19.600110134386007,0.051020121476033,2.359074417568294e-06,nan,18.40122863495794,0.0543441973271414
nan,nan,nan,nan,1.5233747752178573e-06,nan,18.50736986755563,0.0540325290495788
nan,nan,nan,nan,1.053172215398558e-06,nan,18.59468789880804,0.0537787999154372
nan,nan,nan,nan,6.687498377776277e-07,nan,18.72368315386325,0.0534082953542006
Name:	42.81332398719393_10_80_1
Lambda:	42.81332398719393	Maximal Depth:	10	Filter time:	10 to 80 [us]
Chi2:	0.4906880964536887	RelRMS:	4.476768489936474	AbsRMS:	3.191144917714838e-07	Phi model:	0.0044277608397307
depth_vector,start_model,resistivity_model,conductivity_model,E/I[V/A],modelled_thickness,rhoa,sigma
0.0,18.0002,17.357784509541865,0.0576110389808263,8.930603484593e-05,1.0,17.22608500185095,0.0580514957340887
1.0,18.0002,17.35052491316973,0.0576351438935983,5.708043930887301e-05,1.0,17.328328073417563,0.0577089720233335
2.0,18.0002,17.346183443171103,0.057649569040715,3.852452720498043e-05,1.0,17.581688156064015,0.056877359621186
3.0,18.0002,17.366453209229057,0.0575822816525696,2.397966369499944e-05,1.0,17.85178097233267,0.0560168199212076
4.0,18.0002,17.44393671160528,0.0573265092927509,1.4226901936472896e-05,1.0,17.893610847398975,0.0558858694607947
5.0,18.0002,17.618720509050927,0.056757810505382,9.15986477216241e-06,1.0,18.014075370685706,0.055512146997414
6.0,18.0002,17.936027636622935,0.0557537053499034,6.280433360980982e-06,1.5,18.160367864453963,0.0550649638522654
7.5,18.0002,18.55155082008041,0.0539038493168769,3.9571255446341525e-06,1.5,18.33806731656016,0.0545313736032014
9.0,18.0002,19.568812400908108,0.0511017214286133,2.3597695901859816e-06,nan,18.397614536788083,0.0543548729103106
nan,nan,nan,nan,1.524017384987246e-06,nan,18.50216701674463,0.0540477231177835
nan,nan,nan,nan,1.0537210516240142e-06,nan,18.58823057664452,0.0537974820075917
nan,nan,nan,nan,6.691833214672756e-07,nan,18.71559639345509,0.0534313723686466
Name:	54.5559478116852_10_80_1
Lambda:	54.5559478116852	Maximal Depth:	10	Filter time:	10 to 80 [us]
Chi2:	0.4929527449131703	RelRMS:	4.499068135830317	AbsRMS:	3.190568391544707e-07	Phi model:	0.0038818406702201
depth_vector,start_model,resistivity_model,conductivity_model,E/I[V/A],modelled_thickness,rhoa,sigma
0.0,18.0002,17.261695303500186,0.0579317374346903,8.930930449984683e-05,1.0,17.22566456279152,0.058052912638277
1.0,18.0002,17.27237720185436,0.0578959102336324,5.707768933136342e-05,1.0,17.328884649672382,0.0577071185028002
2.0,18.0002,17.30160715116046,0.0577980988276529,3.852047316232577e-05,1.0,17.582921710720193,0.0568733693098517
3.0,18.0002,17.365753146022634,0.0575846029591313,2.3976732441688344e-05,1.0,17.853235911367108,0.0560122548631815
4.0,18.0002,17.489469041579127,0.0571772646512378,1.4226156315508737e-05,1.0,17.894236068273056,0.0558839168201779
5.0,18.0002,17.70322754351222,0.056486874923916,9.160065105520862e-06,1.0,18.01381272092421,0.0555129563903168
6.0,18.0002,18.04150493648075,0.0554277486008361,6.280973308936487e-06,1.5,18.15932707098516,0.0550681198753115
7.5,18.0002,18.628873626383744,0.0536801107815621,3.957856086418123e-06,1.5,18.33581068463931,0.0545380849093158
9.0,18.0002,19.540428899297744,0.0511759493690508,2.360524225332482e-06,nan,18.393693309960067,0.0543664604573191
nan,nan,nan,nan,1.524680443079706e-06,nan,18.49680243866168,0.0540633984341973
nan,nan,nan,nan,1.0542750191401074e-06,nan,18.58171856429692,0.0538163354772474
nan,nan,nan,nan,6.69611859775743e-07,nan,18.707610467853343,0.0534541812124201
Name:	69.51927961775606_10_80_1
Lambda:	69.51927961775606	Maximal Depth:	10	Filter time:	10 to 80 [us]
Chi2:	0.4947762649461727	RelRMS:	4.521964923800196	AbsRMS:	3.170459544572018e-07	Phi model:	0.0035110283802175
depth_vector,start_model,resistivity_model,conductivity_model,E/I[V/A],modelled_thickness,rhoa,sigma
0.0,18.0002,17.18952166836308,0.0581749753886681,8.930352543570654e-05,1.0,17.22640769990913,0.0580504082696983
1.0,18.0002,17.214142353360053,0.0580917700965107,5.7071531525169455e-05,1.0,17.330131108768803,0.0577029679535438
2.0,18.0002,17.269497106380047,0.0579055657405657,3.851547555712003e-05,1.0,17.584442668198275,0.0568684500765278
3.0,18.0002,17.367840115411322,0.0575776834283873,2.3973972157181235e-05,1.0,17.854606260415004,0.0560079558974691
4.0,18.0002,17.527574924427427,0.0570529582279145,1.422568160354188e-05,1.0,17.89463415397901,0.0558826736213348
5.0,18.0002,17.771470362078563,0.0562699641406058,9.160507571371654e-06,1.0,18.013232654002863,0.0555147440333416
6.0,18.0002,18.125268408170555,0.0551715967720079,6.281721834580791e-06,1.5,18.157884473735752,0.0550724948958915
7.5,18.0002,18.68835871600546,0.0535092468630516,3.958730161538932e-06,1.5,18.333111592569587,0.0545461142780203
9.0,18.0002,19.51357737929033,0.0512463696718826,2.361350536863121e-06,nan,18.389402034775376,0.0543791471908083
nan,nan,nan,nan,1.5253815697862829e-06,nan,18.491134088255567,0.0540799712568813
nan,nan,nan,nan,1.054851648452156e-06,nan,18.574946212285408,0.0538359567005692
nan,nan,nan,nan,6.700508161611519e-07,nan,18.699439224975883,0.0534775395116849
Name:	88.58667904100822_10_80_1
Lambda:	88.58667904100822	Maximal Depth:	10	Filter time:	10 to 80 [us]
Chi2:	0.4962415446810307	RelRMS:	4.546266632670644	AbsRMS:	3.127124182799354e-07	Phi model:	0.0032459174872012
depth_vector,start_model,resistivity_model,conductivity_model,E/I[V/A],modelled_thickness,rhoa,sigma
0.0,18.0002,17.137479354634966,0.0583516384939972,8.928723442767324e-05,1.0,17.228503012598686,0.0580433482391784
1.0,18.0002,17.172800970544635,0.0582316188090244,5.706094501127868e-05,1.0,17.33227454798782,0.0576958319712339
2.0,18.0002,17.248218000809537,0.0579770037665958,3.850882617225398e-05,1.0,17.586466833805233,0.0568619046366817
3.0,18.0002,17.372799489795206,0.0575612468553154,2.3970974437490857e-05,1.0,17.85609478255487,0.0560032869548264
4.0,18.0002,17.56004069534571,0.0569474762245311,1.4225299889519566e-05,1.0,17.89495426918623,0.0558816739600125
5.0,18.0002,17.826571008210088,0.0560960377371198,9.161118465802012e-06,1.0,18.012431856163957,0.0555172121113559
6.0,18.0002,18.19109716580392,0.0549719453909479,6.282652865283298e-06,1.5,18.156090543064693,0.0550779363887884
7.5,18.0002,18.732748612243245,0.0533824491375721,3.959752989852111e-06,1.5,18.32995442038859,0.0545555093627341
9.0,18.0002,19.48699216863655,0.0513162827462647,2.362267622048556e-06,nan,18.384642275011306,0.0543932258806697
nan,nan,nan,nan,1.526141874269135e-06,nan,18.4849922129106,0.0540979400197725
nan,nan,nan,nan,1.0554703704353796e-06,nan,18.56768635227585,0.0538570062541706
nan,nan,nan,nan,6.705163389311586e-07,nan,18.690783187004207,0.0535023059223812
Name:	112.88378916846884_10_80_1
Lambda:	112.88378916846884	Maximal Depth:	10	Filter time:	10 to 80 [us]
Chi2:	0.497470120383837	RelRMS:	4.5730406193428985	AbsRMS:	3.0582463110493334e-07	Phi model:	0.0030406632087692
depth_vector,start_model,resistivity_model,conductivity_model,E/I[V/A],modelled_thickness,rhoa,sigma
0.0,18.0002,17.10266104410995,0.058470433192874,8.925917966635019e-05,1.0,17.232112846535703,0.0580311891470138
1.0,18.0002,17.146047531511503,0.0583224791697428,5.704511458273479e-05,1.0,17.335480953386156,0.0576851604341943
2.0,18.0002,17.236564908964578,0.0580162001699021,3.849999561326252e-05,1.0,17.58915587994297,0.056853211537019
3.0,18.0002,17.38080930339022,0.0575347201930893,2.3967464156479785e-05,1.0,17.857838212178688,0.0559978194515179
4.0,18.0002,17.588427808912392,0.0568555649694443,1.422491668896572e-05,1.0,17.89527564543746,0.0558806703966562
5.0,18.0002,17.871181087655046,0.0559560106909092,9.1618793462954e-06,1.0,18.011434571856686,0.0555202860721891
6.0,18.0002,18.24215126904732,0.0548180960266877,6.283779176285172e-06,1.5,18.15392093409744,0.0550845188557453
7.5,18.0002,18.76424610987835,0.0532928418303762,3.960954362001336e-06,1.5,18.32624787089661,0.054566543410562
9.0,18.0002,19.45941143939252,0.0513890157014542,2.363308629753387e-06,nan,18.37924307623782,0.0544092047671365
nan,nan,nan,nan,1.526991193127932e-06,nan,18.478137290939262,0.0541180089884032
nan,nan,nan,nan,1.0561564843212464e-06,nan,18.559644029406577,0.0538803437401904
nan,nan,nan,nan,6.710281418515244e-07,nan,18.68127815708011,0.0535295278830268
Name:	143.8449888287663_10_80_1
Lambda:	143.8449888287663	Maximal Depth:	10	Filter time:	10 to 80 [us]
Chi2:	0.4986175638262118	RelRMS:	4.603341333129031	AbsRMS:	2.962188490612002e-07	Phi model:	0.002865236912662
depth_vector,start_model,resistivity_model,conductivity_model,E/I[V/A],modelled_thickness,rhoa,sigma
0.0,18.0002,17.08293337687295,0.0585379558614804,8.921789889852134e-05,1.0,17.23742792353881,0.0580132955122867
1.0,18.0002,17.13222007877593,0.058369551371736,5.7023143384725337e-05,1.0,17.339933611343014,0.05767034767341
2.0,18.0002,17.233736569711706,0.0580257215813255,3.8488428260656e-05,1.0,17.59267987901359,0.0568418232399548
3.0,18.0002,17.39215888179659,0.0574971748358764,2.3963164116334256e-05,1.0,17.85997446665303,0.0559911214804441
4.0,18.0002,17.614121236487744,0.0567726306963582,1.4224436957555216e-05,1.0,17.895677998917716,0.0558794140160812
5.0,18.0002,17.9075432242616,0.0558423892924169,9.162770996332578e-06,1.0,18.01026606385882,0.0555238882343164
6.0,18.0002,18.28104836261893,0.054701458043555,6.285112797041175e-06,1.5,18.15135282298425,0.055092312388625
7.5,18.0002,18.784587332855487,0.053235132733043,3.962362880973465e-06,1.5,18.321904604326647,0.0545794785856408
9.0,18.0002,19.429684942101208,0.0514676384604235,2.3645050004901965e-06,nan,18.373042978474963,0.0544275654920937
nan,nan,nan,nan,1.5279576992021345e-06,nan,18.47034426749232,0.0541408425050307
nan,nan,nan,nan,1.0569338488715164e-06,nan,18.55054262191617,0.0539067789218505
nan,nan,nan,nan,6.716047741490254e-07,nan,18.670583602948625,0.0535601897223004
Name:	183.29807108324357_10_80_1
Lambda:	183.2980710832436	Maximal Depth:	10	Filter time:	10 to 80 [us]
Chi2:	0.4999115472827565	RelRMS:	4.638510808095728	AbsRMS:	2.8394914554636306e-07	Phi model:	0.0026996679858778
depth_vector,start_model,resistivity_model,conductivity_model,E/I[V/A],modelled_thickness,rhoa,sigma
0.0,18.0002,17.076777613078185,0.0585590573735734,8.916203141437833e-05,1.0,17.244627633818936,0.0579890746981901
1.0,18.0002,17.130159523234056,0.0583765725382577,5.699426291110752e-05,1.0,17.34579084662296,0.0576508738542001
2.0,18.0002,17.239238449688035,0.0580072027496142,3.8473692096430536e-05,1.0,17.597171815520838,0.056827313529893
3.0,18.0002,17.407197738932123,0.0574475004534157,2.3957895818650167e-05,1.0,17.8625926212895,0.0559829147538276
4.0,18.0002,17.638318844659064,0.0566947456164623,1.4223830518450722e-05,1.0,17.896186655232647,0.0558778257773485
5.0,18.0002,17.93750849866375,0.0557491025063204,9.163818867990815e-06,1.0,18.008893069526117,0.0555281213642251
6.0,18.0002,18.3098840894823,0.0546153102396987,6.286698180381664e-06,1.5,18.14830108197206,0.0551015764772256
7.5,18.0002,18.795069073776187,0.0532054442617212,3.96402846629971e-06,1.5,18.316771975037227,0.0545947725594246
9.0,18.0002,19.39662836325397,0.0515553518514823,2.36590091476227e-06,nan,18.3658153679272,0.054448984701563
nan,nan,nan,nan,1.5290777957473627e-06,nan,18.461323102134138,0.0541672985445122
nan,nan,nan,nan,1.057832040820356e-06,nan,18.540040446280592,0.0539373149102603
nan,nan,nan,nan,6.722684087487225e-07,nan,18.658294379812983,0.0535954669619712
Name:	233.57214690901213_10_80_1
Lambda:	233.57214690901213	Maximal Depth:	10	Filter time:	10 to 80 [us]
Chi2:	0.5016653922205189	RelRMS:	4.680029705648233	AbsRMS:	2.693740664723665e-07	Phi model:	0.0025308892334558
depth_vector,start_model,resistivity_model,conductivity_model,E/I[V/A],modelled_thickness,rhoa,sigma
0.0,18.0002,17.08316598819055,0.0585371587849284,8.909022607309143e-05,1.0,17.253892324614874,0.057957936747604
1.0,18.0002,17.139111691485265,0.0583460810572114,5.695774925326023e-05,1.0,17.353203248844284,0.0576262483450483
2.0,18.0002,17.252822855196857,0.0579615294490073,3.845540650784126e-05,1.0,17.60274969005239,0.0568093063645117
3.0,18.0002,17.426321409936858,0.057384457481071,2.3951523709972763e-05,1.0,17.86576061278481,0.055972987754263
4.0,18.0002,17.662060215457707,0.0566185364448484,1.4223093859309054e-05,1.0,17.89680458341021,0.0558758964674045
5.0,18.0002,17.962599472941847,0.0556712296294509,9.165065742764656e-06,1.0,18.007259668356618,0.0555331582049242
6.0,18.0002,18.33032493525804,0.0545544066202841,6.288591803972818e-06,1.5,18.14465768271931,0.0551126407279859
7.5,18.0002,18.79664280710825,0.0532009896800206,3.966008353669661e-06,1.5,18.310675473589168,0.0546129497757946
9.0,18.0002,19.35910535634396,0.0516552796006299,2.367544377173268e-06,nan,18.35731513434543,0.0544741969444682
nan,nan,nan,nan,1.530390055639002e-06,nan,18.45076826906598,0.0541982851563189
nan,nan,nan,nan,1.058881988145699e-06,nan,18.527782684802663,0.0539729991986707
nan,nan,nan,nan,6.730419445370994e-07,nan,18.643995494353977,0.0536365716406031
Name:	297.63514416313194_10_80_1
Lambda:	297.63514416313194	Maximal Depth:	10	Filter time:	10 to 80 [us]
Chi2:	0.5042913037006224	RelRMS:	4.729346559511584	AbsRMS:	2.5334694545268e-07	Phi model:	0.0023508974067556
depth_vector,start_model,resistivity_model,conductivity_model,E/I[V/A],modelled_thickness,rhoa,sigma
0.0,18.0002,17.10143002809095,0.0584746420829949,8.900114893655353e-05,1.0,17.265402820688923,0.0579192973593244
1.0,18.0002,17.15861627549114,0.0582797577581107,5.691289432305378e-05,1.0,17.36231980636699,0.0575959901183992
2.0,18.0002,17.274412951009175,0.0578890873360521,3.843320145202514e-05,1.0,17.609529113333807,0.056787435573323
3.0,18.0002,17.449941066633624,0.0573067837983773,2.394391460338001e-05,1.0,17.86954543744602,0.0559611325033751
4.0,18.0002,17.68624176397793,0.0565411246405513,1.4222218457675488e-05,1.0,17.897538961632016,0.0558736037476301
5.0,18.0002,17.984066892029105,0.0556047753827706,9.16654720505727e-06,1.0,18.005319439811725,0.0555391423819391
6.0,18.0002,18.34370350466516,0.0545146185853734,6.290842856417982e-06,1.5,18.140328955682705,0.0551257919546567
7.5,18.0002,18.790017622483223,0.05321974785183,3.968353149875839e-06,1.5,18.303461896563203,0.05463447328441
9.0,18.0002,19.31613239963237,0.051770198055747,2.3694779765601955e-06,nan,18.347326851955888,0.0545038526903114
nan,nan,nan,nan,1.53192875841309e-06,nan,18.43841129623343,0.0542346075230613
nan,nan,nan,nan,1.060111214632014e-06,nan,18.51345761871474,0.0540147616180095
nan,nan,nan,nan,6.73945778513515e-07,nan,18.627322693775053,0.0536845802501818
Name:	379.26901907322497_10_80_1
Lambda:	379.26901907322497	Maximal Depth:	10	Filter time:	10 to 80 [us]
Chi2:	0.5083215662082053	RelRMS:	4.787908952328853	AbsRMS:	2.375719778872985e-07	Phi model:	0.0021555756148687
depth_vector,start_model,resistivity_model,conductivity_model,E/I[V/A],modelled_thickness,rhoa,sigma
0.0,18.0002,17.131090663881615,0.0583733995470792,8.889383737268007e-05,1.0,17.279295083318427,0.0578727312183821
1.0,18.0002,17.18835380837189,0.0581789280782044,5.68592039771244e-05,1.0,17.373247879534812,0.0575597612452172
2.0,18.0002,17.30398492539112,0.0577901566784563,3.840683355111697e-05,1.0,17.617587977899735,0.0567614591313205
3.0,18.0002,17.47841022503623,0.0572134414471855,2.3934997885456844e-05,1.0,17.87398322920275,0.0559472383506652
4.0,18.0002,17.71159344099933,0.0564601939024396,1.4221220897275664e-05,1.0,17.89837591121736,0.0558709910307155
5.0,18.0002,18.002914823432093,0.0555465606435257,9.168308039366227e-06,1.0,18.003014005409987,0.0555462546271138
6.0,18.0002,18.351080858988443,0.0544927030557001,6.2935026696997824e-06,1.5,18.135217516187847,0.0551413292455621
7.5,18.0002,18.77574830349556,0.053260194152359,3.971111525982786e-06,1.5,18.294985062752858,0.0546597877270706
9.0,18.0002,19.26690078226557,0.0519024835027157,2.3717410760674065e-06,nan,18.3356537304991,0.0545385517581313
nan,nan,nan,nan,1.5337249805649972e-06,nan,18.4240123867154,0.0542769934697313
nan,nan,nan,nan,1.0615444044731535e-06,nan,18.496790535493748,0.0540634332254066
nan,nan,nan,nan,6.749980306737184e-07,nan,18.60795894677525,0.0537404453040938
Name:	483.2930238571752_10_80_1
Lambda:	483.2930238571752	Maximal Depth:	10	Filter time:	10 to 80 [us]
Chi2:	0.5143999167907164	RelRMS:	4.856988879492021	AbsRMS:	2.249356414486258e-07	Phi model:	0.0019442507103811
depth_vector,start_model,resistivity_model,conductivity_model,E/I[V/A],modelled_thickness,rhoa,sigma
0.0,18.0002,17.17168861349849,0.0582353909687082,8.876795021094358e-05,1.0,17.295627761898825,0.0578180806020199
1.0,18.0002,17.227994055865267,0.058045062980478,5.6796512062698e-05,1.0,17.386029907383186,0.0575174439091087
2.0,18.0002,17.34144936488959,0.0576653069163095,3.837623363156427e-05,1.0,17.62695184899498,0.0567313060458048
3.0,18.0002,17.511951045414964,0.0571038599529333,2.392477392046559e-05,1.0,17.879075021400116,0.0559313051040427
4.0,18.0002,17.738656281177377,0.0563740558556911,1.4220136860018486e-05,1.0,17.89928552552056,0.055868151752438
5.0,18.0002,18.01993090984727,0.0554941084404232,9.17039232513824e-06,1.0,18.00028603433584,0.0555546727475598
6.0,18.0002,18.353327424497778,0.0544860327978028,6.296614273021408e-06,1.5,18.12924242658359,0.0551595028887507
7.5,18.0002,18.754348357810727,0.0533209675388974,3.974320997849649e-06,1.5,18.285134299044824,0.0546892346342918
9.0,18.0002,19.2108950531574,0.0520537953714783,2.374362899868349e-06,nan,18.322153490108235,0.0545787371850083
nan,nan,nan,nan,1.5358013669320025e-06,nan,18.40740260271091,0.0543259699145564
nan,nan,nan,nan,1.0631993457728313e-06,nan,18.477591220042275,0.0541196083456657
nan,nan,nan,nan,6.762116456206082e-07,nan,18.585688150672063,0.05380484122477
Name:	615.8482110660261_10_80_1
Lambda:	615.8482110660261	Maximal Depth:	10	Filter time:	10 to 80 [us]
Chi2:	0.5232411056079319	RelRMS:	4.937477004462083	AbsRMS:	2.194915908178715e-07	Phi model:	0.0017194411813213
depth_vector,start_model,resistivity_model,conductivity_model,E/I[V/A],modelled_thickness,rhoa,sigma
0.0,18.0002,17.222606029722776,0.058063222155474,8.862406726088887e-05,1.0,17.314342565829396,0.0577555859368026
1.0,18.0002,17.27703422070986,0.0578803044101925,5.6725123876051015e-05,1.0,17.400613650616894,0.0574692375843048
2.0,18.0002,17.38652115716248,0.0575158187748239,3.834157263555787e-05,1.0,17.6375734910679,0.0566971415034173
3.0,18.0002,17.550567973170814,0.0569782129859659,2.3913332686097627e-05,1.0,17.884777346041805,0.0559134721473799
4.0,18.0002,17.767747461368256,0.0562817544640513,1.4219020414090503e-05,1.0,17.9002224547114,0.0558652275149126
5.0,18.0002,18.035705888985024,0.0554455703677631,9.172836489564266e-06,1.0,17.99708836021119,0.0555645435519918
6.0,18.0002,18.351195287991064,0.0544923632660808,6.300203694501564e-06,1.5,18.1223559113776,0.0551804635606002
7.5,18.0002,18.72640121012206,0.0534005433707933,3.977999586422127e-06,1.5,18.273859979599013,0.0547229759402995
9.0,18.0002,19.148012811849235,0.0522247404901033,2.3773560062074364e-06,nan,18.30677178948285,0.0546245952863461
nan,nan,nan,nan,1.5381670764637573e-06,nan,18.38852396957543,0.0543817438340641
nan,nan,nan,nan,1.0650829520293505e-06,nan,18.455799632135427,0.054183509787286
nan,nan,nan,nan,6.775915104212382e-07,nan,18.560447329675327,0.053878011786987
Name:	784.7599703514607_10_80_1
Lambda:	784.7599703514607	Maximal Depth:	10	Filter time:	10 to 80 [us]
Chi2:	0.5355471438552121	RelRMS:	5.029640766664882	AbsRMS:	2.2540206229565098e-07	Phi model:	0.0014865214067702
depth_vector,start_model,resistivity_model,conductivity_model,E/I[V/A],modelled_thickness,rhoa,sigma
0.0,18.0002,17.282901461505457,0.0578606550657781,8.846394458477078e-05,1.0,17.335229291227627,0.0576859978717468
1.0,18.0002,17.33464868171289,0.05768793001585,5.66459362483388e-05,1.0,17.416826552091266,0.0574157408646828
2.0,18.0002,17.438597687944355,0.057344060451106,3.830331483647377e-05,1.0,17.649315946724805,0.0566594197202056
3.0,18.0002,17.59396545957589,0.0568376698418336,2.390086662674833e-05,1.0,17.890995623194126,0.0558940386025016
4.0,18.0002,17.798924850783585,0.056183168836514,1.4217940865131364e-05,1.0,17.901128536314825,0.0558623998465441
5.0,18.0002,18.050647959378907,0.0553996733109191,9.1756613126556e-06,1.0,17.993394443014882,0.0555759505615798
6.0,18.0002,18.34538070774454,0.0545096346557609,6.304270852554171e-06,1.5,18.11456072882257,0.0552042091977904
7.5,18.0002,18.692658591290268,0.0534969381223248,3.9821374277571525e-06,1.5,18.261198867194427,0.0547609172471399
9.0,18.0002,19.078672213892016,0.0524145490204426,2.3807098258698155e-06,nan,18.289574667522903,0.054675957105537
nan,nan,nan,nan,1.540812816951479e-06,nan,18.36746789851393,0.0544440858982477
nan,nan,nan,nan,1.0671873706074345e-06,nan,18.4315292903442,0.054254857762881
nan,nan,nan,nan,6.791316450947893e-07,nan,18.53237579254013,0.0539596224032178
Name:	1000.0_10_80_1
Lambda:	1000.0	Maximal Depth:	10	Filter time:	10.0 to 80.0 [us]
Chi2:	0.5518822636509721	RelRMS:	5.132890914886949	AbsRMS:	2.4484664311185904e-07	Phi model:	0.0012530690052669393
depth_vector,start_model,resistivity_model,conductivity_model,E/I[V/A],modelled_thickness,rhoa,sigma
0.0,18.0002,17.35118938490575,0.05763293672939366,8.829063784286155e-05,1.0,17.357906894590887,0.057610632783819254
1.0,18.0002,17.399580001083393,0.057472651635139156,5.6560489770905954e-05,1.0,17.43436331702322,0.0573579878895596
2.0,18.0002,17.49667183801379,0.05715372667774281,3.826223587587934e-05,1.0,17.661946083083254,0.05661890231664831
3.0,18.0002,17.641491176031817,0.05668455064380418,2.388766932078913e-05,1.0,17.897584551406233,0.05587346142311862
4.0,18.0002,17.831965323229394,0.05607906822796011,1.4216975248636264e-05,1.0,17.901939089850348,0.05585987054145203
5.0,18.0002,18.06499711430917,0.055355668958723854,9.178863344473394e-06,1.0,17.98920955506707,0.055588879374543015
6.0,18.0002,18.336571113796072,0.05453582318057381,6.308781376349533e-06,1.5,18.105925580285913,0.05523053740421974
7.5,18.0002,18.654107300461224,0.053607496938503994,3.9866899283836705e-06,1.5,18.247294274501087,0.054802645529611914
9.0,18.0002,19.00387457911208,0.05262084822950474,2.384385636412087e-06,nan,18.27077281607595,0.0547322223349046
nan,nan,nan,nan,1.543707082234573e-06,nan,18.3445028551742,0.054512243144160366
nan,nan,nan,nan,1.0694870801270349e-06,nan,18.40509769867127,0.054332773255107124
nan,nan,nan,nan,6.808131351381394e-07,nan,18.50184872099146,0.05404865292544738
