Name:	10.0_10_80_1
Lambda:	10	Maximal Depth:	10	Filter time:	10 to 80 [us]
Chi2:	0.26069587482118	RelRMS:	2.041866220342739	AbsRMS:	4.110856282497407e-07	Phi model:	0.1315273750527847
depth_vector,start_model,resistivity_model,conductivity_model,E/I[V/A],modelled_thickness,rhoa,sigma
0.0,15.4862,10.954452040330729,0.0912870854989665,0.0001443166414351,1.0,12.733587108057849,0.0785324662653147
1.0,15.4862,11.092661026940013,0.0901496942502223,8.89573958516413e-05,1.0,13.122444385378785,0.0762053143935755
2.0,15.4862,11.407289671318235,0.0876632424364866,5.7875961547524746e-05,1.0,13.64398457834862,0.073292372492628
3.0,15.4862,11.985222717295432,0.0834360798783436,3.439845824071371e-05,1.0,14.286928512655772,0.0699940507936447
4.0,15.4862,12.919489869940294,0.0774024369434813,1.949619156705896e-05,1.0,14.763622753155603,0.0677340525912759
5.0,15.4862,14.383421015201677,0.069524489267408,1.2049394723745229e-05,1.0,15.273870740283684,0.0654712886473875
6.0,15.4862,16.56404220259384,0.0603717370294676,7.961423127417326e-06,1.5,15.782597965666858,0.0633609246193421
7.5,15.4862,20.049517628072167,0.0498765116722737,4.796758057709439e-06,1.5,16.419609382028877,0.0609027886555262
9.0,15.4862,25.32667954470976,0.0394840546797568,2.7395233777846945e-06,nan,16.95427240151255,0.0589821831523
nan,nan,nan,nan,1.7051363392844792e-06,nan,17.475558038579106,0.0572227792550255
nan,nan,nan,nan,1.142872592090968e-06,nan,17.924395800770206,0.0557898860923965
nan,nan,nan,nan,6.996319348152882e-07,nan,18.49447077305021,0.0540702144046847
Name:	12.742749857031335_10_80_1
Lambda:	12.742749857031336	Maximal Depth:	10	Filter time:	10 to 80 [us]
Chi2:	0.2657748265813432	RelRMS:	2.080855448691953	AbsRMS:	4.0038844636470187e-07	Phi model:	0.1263670169015612
depth_vector,start_model,resistivity_model,conductivity_model,E/I[V/A],modelled_thickness,rhoa,sigma
0.0,15.4862,10.824657476048955,0.0923816760218637,0.0001443851991209,1.0,12.729555972969395,0.0785573355522731
1.0,15.4862,10.992048253305258,0.0909748553641314,8.896200883436848e-05,1.0,13.121990752543528,0.0762079488439025
2.0,15.4862,11.363618243403884,0.088000140323304,5.785860119150113e-05,1.0,13.646713675163353,0.0732777153388931
3.0,15.4862,12.018605089631322,0.0832043313298245,3.437898597091253e-05,1.0,14.292322751091188,0.0699676334921594
4.0,15.4862,13.045027713888617,0.0766575604078887,1.94863828453866e-05,1.0,14.768576643999085,0.0677113322499043
5.0,15.4862,14.58500845722151,0.0685635529751693,1.2044748273239893e-05,1.0,15.277798577859192,0.0654544563409295
6.0,15.4862,16.809197766955016,0.0594912388957602,7.95919439070785e-06,1.5,15.78554412766125,0.0633490991449376
7.5,15.4862,20.22053181562257,0.0494546834434587,4.79652896590923e-06,1.5,16.42013220008555,0.0609008495068504
9.0,15.4862,25.19821002264205,0.0396853585671935,2.740539286793099e-06,nan,16.95008221347944,0.058996763992375
nan,nan,nan,nan,1.7064112216983056e-06,nan,17.46685280721617,0.0572512982754892
nan,nan,nan,nan,1.144068862821774e-06,nan,17.91189878577388,0.0558288103321702
nan,nan,nan,nan,7.006463726543235e-07,nan,18.4766148598548,0.0541224681893844
Name:	16.237767391887218_10_80_1
Lambda:	16.237767391887218	Maximal Depth:	10	Filter time:	10 to 80 [us]
Chi2:	0.2711196077465261	RelRMS:	2.115354641195307	AbsRMS:	3.898018695126531e-07	Phi model:	0.1221446794391691
depth_vector,start_model,resistivity_model,conductivity_model,E/I[V/A],modelled_thickness,rhoa,sigma
0.0,15.4862,10.69178001630124,0.0935297956444435,0.0001444675816636,1.0,12.72471616567365,0.0785872145971799
1.0,15.4862,10.893089706172615,0.0918013187234973,8.897375352085206e-05,1.0,13.120835977102656,0.0762146559674332
2.0,15.4862,11.328299695567551,0.0882745007524184,5.784486902684853e-05,1.0,13.64887337700554,0.0732661203879812
3.0,15.4862,12.052132995508586,0.082972864668243,3.4360801072869446e-05,1.0,14.297364960125275,0.0699429582156541
4.0,15.4862,13.171488996688844,0.075921560595874,1.9476711233430933e-05,1.0,14.773465358591569,0.067688925768418
5.0,15.4862,14.792624092611902,0.0676012581499617,1.2039829631693932e-05,1.0,15.281959262379708,0.0654366356323004
6.0,15.4862,17.05519074780688,0.0586331759513501,7.95656083665057e-06,1.5,15.78902718955529,0.0633351243236516
7.5,15.4862,20.38478373972747,0.0490561986218731,4.79587844245289e-06,1.5,16.42161700831745,0.0608953429795315
9.0,15.4862,25.082374840910507,0.0398686331076176,2.741205612325711e-06,nan,16.947335312597247,0.0590063264551497
nan,nan,nan,nan,1.707408147294697e-06,nan,17.460053086575915,0.0572735944754283
nan,nan,nan,nan,1.145044127438128e-06,nan,17.90172664690305,0.0558605334403872
nan,nan,nan,nan,7.014994233549973e-07,nan,18.46163296546666,0.0541663893909355
Name:	20.6913808111479_10_80_1
Lambda:	20.6913808111479	Maximal Depth:	10	Filter time:	10 to 80 [us]
Chi2:	0.2762172364877597	RelRMS:	2.1540056982336275	AbsRMS:	3.835095572623369e-07	Phi model:	0.1188970040385388
depth_vector,start_model,resistivity_model,conductivity_model,E/I[V/A],modelled_thickness,rhoa,sigma
0.0,15.4862,10.585131376136912,0.0944721387449566,0.0001445072942067,1.0,12.72238477707298,0.0786016157758489
1.0,15.4862,10.814290044501051,0.0924702403842487,8.896984749333433e-05,1.0,13.121220002124073,0.0762124253566451
2.0,15.4862,11.301241805419084,0.0884858511319072,5.782728380530573e-05,1.0,13.651640309649297,0.0732512707131008
3.0,15.4862,12.094619556012802,0.08268139360389,3.434407195950046e-05,1.0,14.30200744643333,0.0699202544639551
4.0,15.4862,13.281414002490273,0.0752931878949409,1.946888827390836e-05,1.0,14.777422594752895,0.0676707993960378
5.0,15.4862,14.960214931762511,0.0668439594324857,1.2036507774528872e-05,1.0,15.28477082822016,0.0654245988532394
6.0,15.4862,17.253784302646466,0.057958299608893,7.955264205934744e-06,1.5,15.790742781562448,0.0633282432519651
7.5,15.4862,20.51629072456417,0.0487417542198648,4.796158015622576e-06,1.5,16.420978846395986,0.0608977095308466
9.0,15.4862,24.9719721336382,0.0400448949185299,2.7423804175605624e-06,nan,16.942494933800948,0.0590231842421838
nan,nan,nan,nan,1.7087056914265453e-06,nan,17.451212844594675,0.0573026074981223
nan,nan,nan,nan,1.1462165943092066e-06,nan,17.8895167606436,0.0558986591633358
nan,nan,nan,nan,7.024645353990754e-07,nan,18.44471953584151,0.0542160588593832
Name:	26.366508987303583_10_80_1
Lambda:	26.366508987303583	Maximal Depth:	10	Filter time:	10 to 80 [us]
Chi2:	0.2816317372234805	RelRMS:	2.195682653418406	AbsRMS:	3.790785388828306e-07	Phi model:	0.1161668344951409
depth_vector,start_model,resistivity_model,conductivity_model,E/I[V/A],modelled_thickness,rhoa,sigma
0.0,15.4862,10.496726270135303,0.0952677981939134,0.0001445230752993,1.0,12.721458619152571,0.0786073381942592
1.0,15.4862,10.746546807200652,0.0930531470192784,8.895578647791367e-05,1.0,13.12260265766507,0.0762043952779358
2.0,15.4862,11.271338621184205,0.0887206066296796,5.780585624819608e-05,1.0,13.655013707574708,0.0732331743794061
3.0,15.4862,12.130645439854504,0.0824358444040051,3.432674383130021e-05,1.0,14.306820140464716,0.0698967338781067
4.0,15.4862,13.38606583222636,0.0747045481871562,1.946125080581286e-05,1.0,14.78128855773713,0.0676531004786155
5.0,15.4862,15.121044534975876,0.0661329974716323,1.2033551998273814e-05,1.0,15.28727363666637,0.0654138876405999
6.0,15.4862,17.439868568870644,0.0573398816654475,7.954367007052272e-06,1.5,15.791930152009062,0.063323481700733
7.5,15.4862,20.63348974286109,0.0484648991742168,4.796763131237304e-06,1.5,16.419597804032332,0.0609028316000785
9.0,15.4862,24.862326929695143,0.0402214966775944,2.7437532098232155e-06,nan,16.936843194714147,0.0590428799808509
nan,nan,nan,nan,1.710132040111569e-06,nan,17.441507950332344,0.0573344921120163
nan,nan,nan,nan,1.1474806887191537e-06,nan,17.876375977578448,0.0559397498270486
nan,nan,nan,nan,7.034875869927434e-07,nan,18.4268329598386,0.0542686853557258
Name:	33.59818286283781_10_80_1
Lambda:	33.59818286283781	Maximal Depth:	10	Filter time:	10 to 80 [us]
Chi2:	0.2872026111738071	RelRMS:	2.2395903840278257	AbsRMS:	3.759015740123197e-07	Phi model:	0.1139185927701095
depth_vector,start_model,resistivity_model,conductivity_model,E/I[V/A],modelled_thickness,rhoa,sigma
0.0,15.4862,10.41264190082473,0.0960371065791473,0.0001445262076952,1.0,12.721274805716329,0.0786084740147778
1.0,15.4862,10.681914285057571,0.0936161790212877,8.89379221434284e-05,1.0,13.124359828736823,0.0761941925586664
2.0,15.4862,11.256041424798012,0.0888411797949601,5.77843158909088e-05,1.0,13.658406965167028,0.0732149805281315
3.0,15.4862,12.172259711829772,0.0821540144290658,3.431072856728724e-05,1.0,14.3112718030588,0.0698749918079444
4.0,15.4862,13.485806420374436,0.0741520357647425,1.945470774551829e-05,1.0,14.784602560808802,0.0676379358786966
5.0,15.4862,15.2679948877923,0.0654964851212755,1.2031415786491004e-05,1.0,15.28908311546972,0.0654061458393267
6.0,15.4862,17.604376296466626,0.0568040573070861,7.954096596646596e-06,1.5,15.792288062174514,0.0633220465624096
7.5,15.4862,20.73074052540458,0.0482375436021952,4.797774198268529e-06,1.5,16.417290915260097,0.0609113894102032
9.0,15.4862,24.75660699679701,0.0403932574495923,2.7453360460563665e-06,nan,16.930332558647645,0.0590655851877653
nan,nan,nan,nan,1.7116753389347463e-06,nan,17.431022509689278,0.0573689810476772
nan,nan,nan,nan,1.1488169053338296e-06,nan,17.862511660058622,0.0559831684944981
nan,nan,nan,nan,7.045478897015965e-07,nan,18.40834079385748,0.0543232011618169
Name:	42.81332398719393_10_80_1
Lambda:	42.81332398719393	Maximal Depth:	10	Filter time:	10 to 80 [us]
Chi2:	0.2929785306660077	RelRMS:	2.286662464981729	AbsRMS:	3.752165283661779e-07	Phi model:	0.1120668679324157
depth_vector,start_model,resistivity_model,conductivity_model,E/I[V/A],modelled_thickness,rhoa,sigma
0.0,15.4862,10.343832411218573,0.0966759669187441,0.0001445004324257,1.0,12.72278753262658,0.0785991275446186
1.0,15.4862,10.63651806405968,0.0940157290174644,8.890924289355504e-05,1.0,13.12718200672442,0.0761778117716162
2.0,15.4862,11.245843922872757,0.0889217391650007,5.77598781915384e-05,1.0,13.662259195257048,0.0731943367277907
3.0,15.4862,12.207836985497266,0.0819145931574926,3.429540862538128e-05,1.0,14.315533433433492,0.0698541905301642
4.0,15.4862,13.570015881878623,0.0736918813289966,1.944918115641777e-05,1.0,14.78740317757348,0.0676251257906186
5.0,15.4862,15.39103504165001,0.0649728882621525,1.2030180093479934e-05,1.0,15.290130054063056,0.0654016673804726
6.0,15.4862,17.740227382523127,0.0563690632841129,7.954593762513006e-06,1.5,15.7916300383458,0.063324685138378
7.5,15.4862,20.805986629649848,0.0480630896193568,4.799319918453467e-06,1.5,16.413765707418285,0.060924471436073
9.0,15.4862,24.65511955888016,0.0405595275095644,2.747203293483446e-06,nan,16.922660100805288,0.0590923645598964
nan,nan,nan,nan,1.7133824459192871e-06,nan,17.41944246663607,0.0574071186213523
nan,nan,nan,nan,1.1502588458765511e-06,nan,17.847580490904942,0.0560300036472504
nan,nan,nan,nan,7.05666363144696e-07,nan,18.3888843064168,0.0543806782041175
Name:	54.5559478116852_10_80_1
Lambda:	54.5559478116852	Maximal Depth:	10	Filter time:	10 to 80 [us]
Chi2:	0.3002017154147754	RelRMS:	2.3433782242985224	AbsRMS:	3.797910451597666e-07	Phi model:	0.1102841866900948
depth_vector,start_model,resistivity_model,conductivity_model,E/I[V/A],modelled_thickness,rhoa,sigma
0.0,15.4862,10.293622381994036,0.0971475310527453,0.0001444209578594,1.0,12.727454654447866,0.078570305465636
1.0,15.4862,10.601841740146398,0.0943232340672717,8.885550663454241e-05,1.0,13.132474003420684,0.0761471143776507
2.0,15.4862,11.240898848872847,0.0889608574407083,5.772413637773361e-05,1.0,13.667898240737664,0.0731641385081038
3.0,15.4862,12.242103578012811,0.0816853078907149,3.427664442041072e-05,1.0,14.320757497914732,0.0698287084426652
4.0,15.4862,13.64505992372037,0.0732865964378518,1.9443008955330265e-05,1.0,14.79053252851786,0.0676108178033403
5.0,15.4862,15.497206342475886,0.064527759255494,1.2029228388493487e-05,1.0,15.290936506517802,0.0653982180603357
6.0,15.4862,17.85320299694487,0.0560123581281815,7.955702817446577e-06,1.5,15.790162395780056,0.0633305709551949
7.5,15.4862,20.859307681598988,0.0479402296214341,4.801508704613854e-06,1.5,16.408777142989685,0.0609429935750714
9.0,15.4862,24.546229549517644,0.0407394544234452,2.74954540288763e-06,nan,16.91304873004877,0.0591259456506701
nan,nan,nan,nan,1.7154424955259245e-06,nan,17.405493839461215,0.0574531242390164
nan,nan,nan,nan,1.1519731626923147e-06,nan,17.829869429524873,0.056085660299008
nan,nan,nan,nan,7.069752335478941e-07,nan,18.36618091875805,0.0544479009775332
Name:	69.51927961775606_10_80_1
Lambda:	69.51927961775606	Maximal Depth:	10	Filter time:	10 to 80 [us]
Chi2:	0.3083348404432823	RelRMS:	2.404591833938562	AbsRMS:	3.89516499301377e-07	Phi model:	0.1086981019585353
depth_vector,start_model,resistivity_model,conductivity_model,E/I[V/A],modelled_thickness,rhoa,sigma
0.0,15.4862,10.259164967344288,0.0974738200607044,0.0001443193524689,1.0,12.733427640914329,0.0785334497670412
1.0,15.4862,10.57933400049662,0.0945239085894308,8.87946449470137e-05,1.0,13.13847416444501,0.0761123390344803
2.0,15.4862,11.241158155232192,0.0889588053286618,5.768758999249039e-05,1.0,13.673670245281892,0.0731332540613995
3.0,15.4862,12.272091602221268,0.0814857020639414,3.42596116817826e-05,1.0,14.325503640681363,0.0698055736874907
4.0,15.4862,13.705273003568683,0.0729646173220783,1.943835064814797e-05,1.0,14.79289542077377,0.0676000182219697
5.0,15.4862,15.578999254567169,0.0641889754059034,1.2029436907333496e-05,1.0,15.290759803452971,0.0653989738151651
6.0,15.4862,17.93608845375808,0.0557535163019601,7.957721697488178e-06,1.5,15.787491632043956,0.063341284562919
7.5,15.4862,20.889403101620136,0.0478711620018688,4.804298257604028e-06,1.5,16.402424833504796,0.0609665954973515
9.0,15.4862,24.44195289805262,0.0409132610708726,2.752201225288235e-06,nan,16.902166463508447,0.059164013214459
nan,nan,nan,nan,1.717680098997443e-06,nan,17.390374588697387,0.0575030741804684
nan,nan,nan,nan,1.1537996998778052e-06,nan,17.81104726125253,0.0561449299040081
nan,nan,nan,nan,7.083443880205714e-07,nan,18.34250670327203,0.0545181755240473
Name:	88.58667904100822_10_80_1
Lambda:	88.58667904100822	Maximal Depth:	10	Filter time:	10 to 80 [us]
Chi2:	0.3199098964509418	RelRMS:	2.4822458397535074	AbsRMS:	4.111855470984896e-07	Phi model:	0.1069444446563845
depth_vector,start_model,resistivity_model,conductivity_model,E/I[V/A],modelled_thickness,rhoa,sigma
0.0,15.4862,10.238675334636511,0.0976688846277887,0.0001441593813639,1.0,12.742845938553003,0.0784754053232753
1.0,15.4862,10.568353331205396,0.0946221202736739,8.870648087494796e-05,1.0,13.147178147738604,0.0760619494740783
2.0,15.4862,11.248192904589244,0.0889031694675152,5.763876787190651e-05,1.0,13.681390551063584,0.0730919855162135
3.0,15.4862,12.302242301924144,0.0812859944925319,3.423901163635156e-05,1.0,14.331249064349956,0.0697775885067529
4.0,15.4862,13.757872289290756,0.0726856579980327,1.9433314061067315e-05,1.0,14.7954512548015,0.0675883406851463
5.0,15.4862,15.645206504769469,0.0639173410523631,1.2030294854811418e-05,1.0,15.290032815189884,0.0654020833105439
6.0,15.4862,17.996561284746786,0.0555661709021913,7.960716660745816e-06,1.5,15.783531693539183,0.0633571762908639
7.5,15.4862,20.89616370546186,0.0478556740890491,4.808047635173134e-06,1.5,16.393896509865577,0.06099831113355
9.0,15.4862,24.324374071625563,0.0411110270322023,2.7555734124793364e-06,nan,16.88837407687986,0.0592123312432424
nan,nan,nan,nan,1.7204542249364765e-06,nan,17.371675626268765,0.0575649707900278
nan,nan,nan,nan,1.1560405374243574e-06,nan,17.78802351930931,0.0562176005060077
nan,nan,nan,nan,7.100050863288393e-07,nan,18.31389352135605,0.0546033533958187
Name:	112.88378916846884_10_80_1
Lambda:	112.88378916846884	Maximal Depth:	10	Filter time:	10 to 80 [us]
Chi2:	0.3391053520031034	RelRMS:	2.592198688756757	AbsRMS:	4.55354965529261e-07	Phi model:	0.1047299974696766
depth_vector,start_model,resistivity_model,conductivity_model,E/I[V/A],modelled_thickness,rhoa,sigma
0.0,15.4862,10.229565867787898,0.0977558591365956,0.0001439143061841,1.0,12.757308570997962,0.0783864397756566
1.0,15.4862,10.568178136067568,0.0946236888823016,8.857663599087222e-05,1.0,13.160023348599111,0.0759877071271648
2.0,15.4862,11.263343825407825,0.0887835811017508,5.756993159304303e-05,1.0,13.692294257319066,0.0730337795264267
3.0,15.4862,12.336915182900992,0.0810575403311521,3.421173031386313e-05,1.0,14.338866792341316,0.0697405181652235
4.0,15.4862,13.810097518691386,0.072410784836714,1.942722275426266e-05,1.0,14.79854378549303,0.0675742163887974
5.0,15.4862,15.704681232034511,0.0636752816071295,1.2032029357066246e-05,1.0,15.288563335529291,0.0654083695147527
6.0,15.4862,18.041994557755302,0.0554262444098871,7.965233166310437e-06,1.5,15.777564666098444,0.0633811377841295
7.5,15.4862,20.878499052617688,0.0478961632960211,4.813398201009807e-06,1.5,16.381745304984403,0.0610435567995147
9.0,15.4862,24.17565838526903,0.0413639200250004,2.7602221390427525e-06,nan,16.86940664523841,0.0592789077310115
nan,nan,nan,nan,1.724219931214395e-06,nan,17.346373184031023,0.0576489384490237
nan,nan,nan,nan,1.15906109195149e-06,nan,17.757105931886816,0.056315483155635
nan,nan,nan,nan,7.12226612806872e-07,nan,18.27579143586548,0.054717192604723
Name:	143.8449888287663_10_80_1
Lambda:	143.8449888287663	Maximal Depth:	10	Filter time:	10 to 80 [us]
Chi2:	0.9638837014683158	RelRMS:	3.80019710003488	AbsRMS:	1.098401337673682e-06	Phi model:	0.1071052823446607
depth_vector,start_model,resistivity_model,conductivity_model,E/I[V/A],modelled_thickness,rhoa,sigma
0.0,15.4862,10.145684526581883,0.0985640739547914,0.0001474260590583,1.0,12.553905879044672,0.0796564837776287
1.0,15.4862,10.460269215236847,0.0955998339453213,9.074250541782506e-05,1.0,12.949776431691228,0.0772214103675765
2.0,15.4862,11.110183403966309,0.0900075150553322,5.897595821095408e-05,1.0,13.47379790197319,0.0742181237447203
3.0,15.4862,12.12317237389519,0.0824866601875016,3.5040066742231604e-05,1.0,14.111989358559594,0.0708617314392639
4.0,15.4862,13.533458137075506,0.0738909441970678,1.9887607683170627e-05,1.0,14.569269121287618,0.0686376229085416
5.0,15.4862,15.379870324600349,0.0650200540638163,1.231085735040837e-05,1.0,15.056836435580763,0.0664150138230168
6.0,15.4862,17.703178859576507,0.0564870302634405,8.145981885466045e-06,1.5,15.543303881029416,0.0643363861154705
7.5,15.4862,20.598158660880376,0.0485480288050786,4.919334774386016e-06,1.5,16.145708649059127,0.0619359621640561
9.0,15.4862,24.028419723817013,0.0416173852252463,2.818671322923781e-06,nan,16.63538561754278,0.0601128235311512
nan,nan,nan,nan,1.7594662268448302e-06,nan,17.113933344604103,0.0584319209303974
nan,nan,nan,nan,1.182051778131373e-06,nan,17.52610476353761,0.0570577440619014
nan,nan,nan,nan,7.258114980694175e-07,nan,18.04703091120101,0.0554107767045128
Name:	183.29807108324357_10_80_1
Lambda:	183.2980710832436	Maximal Depth:	10	Filter time:	10 to 80 [us]
Chi2:	0.9017004183922128	RelRMS:	3.819874319427816	AbsRMS:	9.048096915860442e-07	Phi model:	0.1041778696205914
depth_vector,start_model,resistivity_model,conductivity_model,E/I[V/A],modelled_thickness,rhoa,sigma
0.0,15.4862,10.18514608615724,0.0981821950849691,0.0001468007982141,1.0,12.589527411850195,0.0794310991418729
1.0,15.4862,10.500535788821436,0.0952332357235114,9.040075871858855e-05,1.0,12.982392379732731,0.0770274053310185
2.0,15.4862,11.151473651199671,0.0896742467658003,5.878346219808412e-05,1.0,13.503196633947203,0.0740565383966924
3.0,15.4862,12.164124170000312,0.0822089602197783,3.494894914462822e-05,1.0,14.136506881188373,0.0707388330373688
4.0,15.4862,13.569931918723691,0.0736923372931744,1.984960702630868e-05,1.0,14.587857744384715,0.0685501612040965
5.0,15.4862,15.403500810404134,0.0649203069035164,1.2295173590201045e-05,1.0,15.069638078637627,0.0663585943326387
6.0,15.4862,17.699727268402725,0.0564980456950421,8.140419187050568e-06,1.5,15.55038401335773,0.0643070935830911
7.5,15.4862,20.53878020714908,0.0486883831422434,4.919587251084763e-06,1.5,16.14515623820583,0.0619380813196223
9.0,15.4862,23.87159614049464,0.0418907891250576,2.820852505199264e-06,nan,16.626809135572543,0.0601438310770363
nan,nan,nan,nan,1.7619357061148127e-06,nan,17.097938670128734,0.0584865824642983
nan,nan,nan,nan,1.184347956621308e-06,nan,17.503444711403127,0.0571316113192576
nan,nan,nan,nan,7.276898163160177e-07,nan,18.01596211747261,0.0555063334103128
Name:	233.57214690901213_10_80_1
Lambda:	233.57214690901213	Maximal Depth:	10	Filter time:	10 to 80 [us]
Chi2:	0.809190475239176	RelRMS:	3.813652878136016	AbsRMS:	6.410100541507163e-07	Phi model:	0.1004962054223922
depth_vector,start_model,resistivity_model,conductivity_model,E/I[V/A],modelled_thickness,rhoa,sigma
0.0,15.4862,10.246958857771483,0.097589930230039,0.0001458769803939,1.0,12.642623239693371,0.0790975085661299
1.0,15.4862,10.562280455906002,0.0946765240872618,8.988958778846886e-05,1.0,13.03156342720923,0.0767367634425238
2.0,15.4862,11.21231522112932,0.0891876459302112,5.849050015513503e-05,1.0,13.548248155642506,0.0738102807471477
3.0,15.4862,12.22132035605245,0.0818242195496301,3.480546034513178e-05,1.0,14.175332958021263,0.070545080172818
4.0,15.4862,13.617532527622064,0.0734347428927803,1.978595381472482e-05,1.0,14.619127968897365,0.0684035328322954
5.0,15.4862,15.430893664443891,0.0648050606624434,1.2265915049989237e-05,1.0,15.093592834863465,0.0662532778604032
6.0,15.4862,17.69013247922274,0.0565286891533747,8.127293584470193e-06,1.5,15.567122120051062,0.0642379492039804
7.5,15.4862,20.461416540233262,0.0488724716606839,4.916321308233436e-06,1.5,16.152305665316863,0.0619106659272339
9.0,15.4862,23.68514481553015,0.0422205567155455,2.82159199883344e-06,nan,16.62390393013017,0.0601543418563397
nan,nan,nan,nan,1.7638179888524476e-06,nan,17.08577230457236,0.0585282293462606
nan,nan,nan,nan,1.186430998571702e-06,nan,17.48295126675567,0.0571985807625929
nan,nan,nan,nan,7.295698562235228e-07,nan,17.98499840083836,0.0556018954081967
Name:	297.63514416313194_10_80_1
Lambda:	297.63514416313194	Maximal Depth:	10	Filter time:	10 to 80 [us]
Chi2:	0.7748721690953948	RelRMS:	3.892982385639775	AbsRMS:	4.504684330937062e-07	Phi model:	0.0962427931646123
depth_vector,start_model,resistivity_model,conductivity_model,E/I[V/A],modelled_thickness,rhoa,sigma
0.0,15.4862,10.32353850375676,0.0968660115556403,0.0001448748555909,1.0,12.700857061885914,0.0787348440445729
1.0,15.4862,10.637244843743286,0.0940093054817845,8.934349070533783e-05,1.0,13.084611639308388,0.0764256538570721
2.0,15.4862,11.28313994623294,0.0886278114749313,5.818359026418989e-05,1.0,13.595849714034877,0.0735518574442396
3.0,15.4862,12.283440666672442,0.0814104148126192,3.46600994187338e-05,1.0,14.214938574878136,0.0703485276937662
4.0,15.4862,13.663111883038004,0.0731897688140462,1.972458085478368e-05,1.0,14.64943717282031,0.0682620081715726
5.0,15.4862,15.44753210136438,0.0647352595507263,1.223993713625568e-05,1.0,15.114941609274616,0.0661596998420684
6.0,15.4862,17.659626845713742,0.0566263380725236,8.117492863777933e-06,1.5,15.57964966059405,0.0641862956988899
7.5,15.4862,20.353435815443603,0.0491317539243781,4.915899806914777e-06,1.5,16.153228944352403,0.0619071272650801
9.0,15.4862,23.4612054614322,0.0426235557948587,2.824401635121908e-06,nan,16.61287743625674,0.0601942682016994
nan,nan,nan,nan,1.7672322575852303e-06,nan,17.06375889238528,0.0586037347519163
nan,nan,nan,nan,1.1896837089079592e-06,nan,17.451070008059805,0.0573030765184111
nan,nan,nan,nan,7.322699206253621e-07,nan,17.940761028652428,0.0557389955979538
Name:	379.26901907322497_10_80_1
Lambda:	379.26901907322497	Maximal Depth:	10	Filter time:	10 to 80 [us]
Chi2:	0.809459769505767	RelRMS:	4.071776317976586	AbsRMS:	4.992172261853423e-07	Phi model:	0.091326439443794
depth_vector,start_model,resistivity_model,conductivity_model,E/I[V/A],modelled_thickness,rhoa,sigma
0.0,15.4862,10.417743066133085,0.0959900809274984,0.0001437741034738,1.0,12.765600832370058,0.0783355216202808
1.0,15.4862,10.728113398571251,0.0932130340953683,8.875209896365035e-05,1.0,13.142672710416509,0.0760880242576099
2.0,15.4862,11.366270203690906,0.0879796082689707,5.785744624577492e-05,1.0,13.646895284298926,0.0732767401791763
3.0,15.4862,12.352238849930492,0.0809569837621482,3.451084566570353e-05,1.0,14.255893942904605,0.0701464253315181
4.0,15.4862,13.707626107651109,0.0729520919338349,1.966498412727065e-05,1.0,14.67901997918086,0.0681244389215555
5.0,15.4862,15.453313834656596,0.0647110393731431,1.2217296622321228e-05,1.0,15.133609374552512,0.0660780898495716
6.0,15.4862,17.60673312508445,0.0567964535439736,8.111283487688025e-06,1.5,15.587599702504734,0.0641535591807193
7.5,15.4862,20.21146357813176,0.049476872178716,4.918655671440408e-06,1.5,16.147194738855823,0.0619302619540252
9.0,15.4862,23.193686402547403,0.0431151815474304,2.8295694441860822e-06,nan,16.59264389087353,0.0602676708170679
nan,nan,nan,nan,1.7724119155344796e-06,nan,17.03049817444663,0.0587181883792716
nan,nan,nan,nan,1.194294171380963e-06,nan,17.406128897907372,0.0574510280755316
nan,nan,nan,nan,7.359287267106701e-07,nan,17.88124776740044,0.0559245089049721
Name:	483.2930238571752_10_80_1
Lambda:	483.2930238571752	Maximal Depth:	10	Filter time:	10 to 80 [us]
Chi2:	0.9127798899841189	RelRMS:	4.329288178446402	AbsRMS:	8.309914932206707e-07	Phi model:	0.0855584708318499
depth_vector,start_model,resistivity_model,conductivity_model,E/I[V/A],modelled_thickness,rhoa,sigma
0.0,15.4862,10.537151676240237,0.0949023066883298,0.0001424262702099,1.0,12.846011453590748,0.0778451742482665
1.0,15.4862,10.842924036253002,0.0922260449908649,8.802679653438977e-05,1.0,13.214767194066477,0.0756729184339325
2.0,15.4862,11.470599043302926,0.0871794050358552,5.745649024113523e-05,1.0,13.71031092449263,0.0729378061159474
3.0,15.4862,12.437633051955904,0.080401149947316,3.43264128628397e-05,1.0,14.30691210266394,0.0698962845947589
4.0,15.4862,13.761794150085873,0.0726649439087678,1.9590580842371736e-05,1.0,14.716162901859034,0.0679524959508075
5.0,15.4862,15.458984885635424,0.0646873004532921,1.2188420841143574e-05,1.0,15.15750212934026,0.0659739310255023
6.0,15.4862,17.540786894893834,0.0570099851273549,8.102759614369372e-06,1.5,15.59852959528822,0.0641086067690678
7.5,15.4862,20.040422852337805,0.0498991467080419,4.92135737399904e-06,1.5,16.14128459300268,0.0619529377750705
9.0,15.4862,22.87944324337072,0.0437073572710187,2.8354474342156227e-06,nan,16.56970450736852,0.0603511064156455
nan,nan,nan,nan,1.7784407263759106e-06,nan,16.991988129214853,0.0588512652195577
nan,nan,nan,nan,1.1997115418468455e-06,nan,17.353690427345107,0.0576246305756525
nan,nan,nan,nan,7.402568727132162e-07,nan,17.811480756048603,0.0561435634519274
Name:	615.8482110660261_10_80_1
Lambda:	615.8482110660261	Maximal Depth:	10	Filter time:	10 to 80 [us]
Chi2:	1.1658615243996937	RelRMS:	4.606048308025615	AbsRMS:	1.6954378181010329e-06	Phi model:	0.0771674584069261
depth_vector,start_model,resistivity_model,conductivity_model,E/I[V/A],modelled_thickness,rhoa,sigma
0.0,15.4862,10.685597087152274,0.0935839141083038,0.0001397468400568,1.0,13.009692796525252,0.0768657658286204
1.0,15.4862,11.003639483069367,0.0908790224851186,8.650958837191538e-05,1.0,13.368826416537477,0.0748008814568032
2.0,15.4862,11.651969973466002,0.0858223976097785,5.656206240538161e-05,1.0,13.854468675175143,0.0721788776924971
3.0,15.4862,12.637284116920627,0.0791309264512819,3.386816220434846e-05,1.0,14.435675225911783,0.0692728247449774
4.0,15.4862,13.961013501430497,0.0716280375989562,1.9374854164642e-05,1.0,14.825197927389109,0.0674527250764409
5.0,15.4862,15.61938361568152,0.0640230129821526,1.208041857954733e-05,1.0,15.247709537864004,0.0655836207737786
6.0,15.4862,17.603847193362643,0.0568057646158755,8.047014216378545e-06,1.5,15.670485506496425,0.0638142321490572
7.5,15.4862,19.909330258534585,0.0502277066588579,4.8996041432844506e-06,1.5,16.18902529046911,0.0617702413862263
9.0,15.4862,22.453885550008938,0.0445357217917948,2.829830473230514e-06,nan,16.591623516777172,0.060271377239775
nan,nan,nan,nan,1.778679589644951e-06,nan,16.990466831167087,0.0588565346636393
nan,nan,nan,nan,1.2020293487305634e-06,nan,17.331375142650014,0.057698826075211
nan,nan,nan,nan,7.432793826953531e-07,nan,17.763161615912818,0.0562962845028763
Name:	784.7599703514607_10_80_1
Lambda:	784.7599703514607	Maximal Depth:	10	Filter time:	10 to 80 [us]
Chi2:	1.581402369867087	RelRMS:	5.226199073417248	AbsRMS:	2.088442119581608e-06	Phi model:	0.0703517529108219
depth_vector,start_model,resistivity_model,conductivity_model,E/I[V/A],modelled_thickness,rhoa,sigma
0.0,15.4862,10.848625985880105,0.0921775717313453,0.0001385373569584,1.0,13.085302710807747,0.0764216176041578
1.0,15.4862,11.153892651599875,0.0896547986640846,8.590849333970072e-05,1.0,13.431114344242898,0.0744539860483459
2.0,15.4862,11.775346024523902,0.0849231944366944,5.626724136901808e-05,1.0,13.902821618747913,0.0719278451110602
3.0,15.4862,12.71812722837549,0.0786279286284299,3.37649791399945e-05,1.0,14.465069776744542,0.069132055042534
4.0,15.4862,13.981952399769266,0.0715207698759225,1.9355614850153145e-05,1.0,14.83502037998548,0.0674080637832584
5.0,15.4862,15.561234118122364,0.064262255320445,1.2090735189066522e-05,1.0,15.23903473897392,0.065620954156794
6.0,15.4862,17.445497794825023,0.0573213795192841,8.067567215709481e-06,1.5,15.64385935611189,0.0639228452031122
7.5,15.4862,19.62884282349181,0.050945438250858,4.922126768853499e-06,1.5,16.139602482069833,0.0619593946697846
9.0,15.4862,22.029494244378142,0.0453936885207973,2.8482359228370204e-06,nan,16.5200690201453,0.0605324347483388
nan,nan,nan,nan,1.793172331681368e-06,nan,16.898796392802225,0.0591758120966493
nan,nan,nan,nan,1.2135164157371737e-06,nan,17.22183008611334,0.0580658382413342
nan,nan,nan,nan,7.516136541317035e-07,nan,17.631606472104565,0.0567163293703342
Name:	1000.0_10_80_1
Lambda:	1000.0	Maximal Depth:	10	Filter time:	10.0 to 80.0 [us]
Chi2:	2.1512737238525435	RelRMS:	5.944221238087763	AbsRMS:	2.5411075998825218e-06	Phi model:	0.06299624188652184
depth_vector,start_model,resistivity_model,conductivity_model,E/I[V/A],modelled_thickness,rhoa,sigma
0.0,15.4862,11.044538368775584,0.09054248956453774,0.00013715400505322952,1.0,13.173142094558884,0.07591203319768684
1.0,15.4862,11.333647176280191,0.08823285077136214,8.52194419963059e-05,1.0,13.503416314189474,0.07405533360836944
2.0,15.4862,11.92157582741682,0.08388152828758051,5.59279764631463e-05,1.0,13.958988899979028,0.07163842647668431
3.0,15.4862,12.812454649564799,0.07804905674604413,3.36449193070002e-05,1.0,14.49946115317528,0.06896808022283
4.0,15.4862,14.0051215011216,0.07140245087626801,1.9331992419382684e-05,1.0,14.847102870124516,0.06735320747404598
5.0,15.4862,15.493137493275798,0.06454470570818929,1.2101297805434067e-05,1.0,15.230165855339429,0.0656591667811298
6.0,15.4862,17.265024014174713,0.05792056814858714,8.090127658411015e-06,1.5,15.61476244156269,0.06404196053205675
7.5,15.4862,19.31603798331012,0.051770451107211665,4.947231838716509e-06,1.5,16.084955179378866,0.06216989658025369
9.0,15.4862,21.56528457600431,0.04637082327736588,2.8688784998412687e-06,nan,16.440728593581962,0.060824554964697505
nan,nan,nan,nan,1.8094804388347766e-06,nan,16.797108636570194,0.05953405563043321
nan,nan,nan,nan,1.2264698214049088e-06,nan,17.100356306906946,0.058478313670931724
nan,nan,nan,nan,7.610311412725183e-07,nan,17.485848281552634,0.05718910423436467
