Name:	10.0_10_80_1
Lambda:	10	Maximal Depth:	10	Filter time:	10 to 80 [us]
Chi2:	1.3640110331203446	RelRMS:	5.103297472664954	AbsRMS:	5.884918212817307e-07	Phi model:	0.2638908040730371
depth_vector,start_model,resistivity_model,conductivity_model,E/I[V/A],modelled_thickness,rhoa,sigma
0.0,18.513,25.98851114279819,0.0384785413256393,8.625376945625468e-05,1.0,17.94635757555005,0.0557216134689298
1.0,18.513,24.70570183681372,0.0404764862218935,5.538830542548887e-05,1.0,17.99661099044691,0.0555660174313278
2.0,18.513,22.37774737818749,0.0446872503786838,3.749786505648268e-05,1.0,18.22226416522649,0.0548779224652169
3.0,18.513,19.488715305665032,0.0513117455058372,2.335804998926573e-05,1.0,18.492989982446986,0.0540745439731039
4.0,18.513,16.62096602444315,0.0601649746789313,1.3799535301872611e-05,1.0,18.588734329032327,0.0537960241025219
5.0,18.513,14.338380579221791,0.0697428830595508,8.84455523892554e-06,1.0,18.77047514335841,0.053275156455154
6.0,18.513,13.172204816673272,0.0759174347740332,6.040207238747651e-06,1.5,18.973075641792896,0.052706267496096
7.5,18.513,14.8710483908398,0.0672447546210646,3.782746111373986e-06,1.5,19.23637499631521,0.0519848464272272
9.0,18.513,22.27777962447645,0.0448877768276918,2.2372528654925164e-06,nan,19.4052443255034,0.0515324611855439
nan,nan,nan,nan,1.4347057726636763e-06,nan,19.6077861771587,0.0510001481536406
nan,nan,nan,nan,9.86436319314743e-07,nan,19.772596378111444,0.0505750474483469
nan,nan,nan,nan,6.220384175824937e-07,nan,20.002157969817425,0.0499946056574978
Name:	12.742749857031335_10_80_1
Lambda:	12.742749857031336	Maximal Depth:	10	Filter time:	10 to 80 [us]
Chi2:	1.4457237115588926	RelRMS:	5.233910439387259	AbsRMS:	6.287369848508327e-07	Phi model:	0.179018685684047
depth_vector,start_model,resistivity_model,conductivity_model,E/I[V/A],modelled_thickness,rhoa,sigma
0.0,18.513,23.985274626715167,0.0416922472459908,8.642759747161853e-05,1.0,17.92228635709902,0.0557964525326256
1.0,18.513,22.98166408704012,0.0435129499853721,5.541228783372253e-05,1.0,17.991418000139564,0.0555820558441943
2.0,18.513,21.16930443924644,0.0472382077016223,3.746746350354744e-05,1.0,18.232120009657123,0.0548482567836501
3.0,18.513,18.91192556293276,0.0528766886625227,2.331771223516726e-05,1.0,18.514311421515192,0.0540122706825551
4.0,18.513,16.66382978706608,0.0600102145052013,1.3777066958347243e-05,1.0,18.60893914374657,0.0537376146095917
5.0,18.513,14.89862602696364,0.0671202833194277,8.832512822563079e-06,1.0,18.787532617840903,0.0532267871647172
6.0,18.513,14.076749284784713,0.0710391284073575,6.033449685349946e-06,1.5,18.987239749913943,0.0526669496552036
7.5,18.513,15.71894413772438,0.0636175045370935,3.7806621460273263e-06,1.5,19.243443292005622,0.0519657519096612
9.0,18.513,22.02505761923652,0.045402832414232,2.2383544017887394e-06,nan,19.398877346098345,0.0515493748508661
nan,nan,nan,nan,1.4367256542094003e-06,nan,19.58940424446572,0.0510480047029768
nan,nan,nan,nan,9.885258637232057e-07,nan,19.744723030583007,0.0506464435308147
nan,nan,nan,nan,6.239424372065402e-07,nan,19.96144492206534,0.0500965738654821
Name:	16.237767391887218_10_80_1
Lambda:	16.237767391887218	Maximal Depth:	10	Filter time:	10 to 80 [us]
Chi2:	1.5168865167720522	RelRMS:	5.345740766579219	AbsRMS:	6.669419652299151e-07	Phi model:	0.121976892025431
depth_vector,start_model,resistivity_model,conductivity_model,E/I[V/A],modelled_thickness,rhoa,sigma
0.0,18.513,22.493238322339284,0.0444578048598206,8.65828397163078e-05,1.0,17.900856952419623,0.0558632473662012
1.0,18.513,21.708604700872733,0.0460646832801648,5.54390766934231e-05,1.0,17.985621746842742,0.0555999683566982
2.0,18.513,20.291131101948583,0.0492826149008503,3.744683983893368e-05,1.0,18.238813562860784,0.0548281277481926
3.0,18.513,18.52237688768811,0.0539887513391817,2.3287122093467483e-05,1.0,18.5305215679106,0.0539650217796192
4.0,18.513,16.76844897593087,0.0596358077861215,1.3760164407065792e-05,1.0,18.62417511424464,0.0536936532150169
5.0,18.513,15.423204195214788,0.0648373701951155,8.823618866175262e-06,1.0,18.80015536289144,0.0531910497917396
6.0,18.513,14.884879500005818,0.0671822704375678,6.028555786588652e-06,1.5,18.99751408037623,0.0526384660524065
7.5,18.513,16.455236478408576,0.0607709285316033,3.779344907829055e-06,1.5,19.247914388973708,0.0519536807880263
9.0,18.513,21.81998067904669,0.0458295547878408,2.239488320650915e-06,nan,19.39232864494787,0.0515667828402094
nan,nan,nan,nan,1.438528037858291e-06,nan,19.57303797834128,0.0510906891973826
nan,nan,nan,nan,9.903375571503156e-07,nan,19.720635418524285,0.0507083052233025
nan,nan,nan,nan,6.255647844122465e-07,nan,19.926917820544247,0.0501833755227825
Name:	20.6913808111479_10_80_1
Lambda:	20.6913808111479	Maximal Depth:	10	Filter time:	10 to 80 [us]
Chi2:	1.5792112471498692	RelRMS:	5.441182204198863	AbsRMS:	6.991033436815227e-07	Phi model:	0.0830545698016611
depth_vector,start_model,resistivity_model,conductivity_model,E/I[V/A],modelled_thickness,rhoa,sigma
0.0,18.513,21.33724748268588,0.0468664011518566,8.671084229897903e-05,1.0,17.883235780092072,0.0559182919856828
1.0,18.513,20.72884976453162,0.048241943540498,5.546018200937791e-05,1.0,17.981058517326804,0.0556140785058001
2.0,18.513,19.629571983921984,0.0509435458307023,3.742873110851188e-05,1.0,18.24469594467824,0.0548104502827676
3.0,18.513,18.258222243638137,0.0547698448762413,2.326113518775364e-05,1.0,18.54432030112337,0.0539248666848912
4.0,18.513,16.91122855920571,0.0591323094297395,1.374596175279155e-05,1.0,18.637001532932224,0.0536566999918396
5.0,18.513,15.915838478706242,0.0628304943743867,8.816214177085957e-06,1.0,18.810680653597448,0.0531612873779107
6.0,18.513,15.610762904825956,0.0640583683255388,6.024512708066327e-06,1.5,19.00601267673361,0.0526149286022606
7.5,18.513,17.09322760669917,0.0585027019477632,3.7782945519474095e-06,1.5,19.251481469871564,0.0519440543609588
9.0,18.513,21.64985332262033,0.0461896893756399,2.240481159222428e-06,nan,19.386599258336727,0.0515820225442569
nan,nan,nan,nan,1.4400704197797975e-06,nan,19.55905973067339,0.0511272021134919
nan,nan,nan,nan,9.918796595702408e-07,nan,19.70018997775229,0.0507609318046838
nan,nan,nan,nan,6.269410660935333e-07,nan,19.897744322629823,0.0502569529382631
Name:	26.366508987303583_10_80_1
Lambda:	26.366508987303583	Maximal Depth:	10	Filter time:	10 to 80 [us]
Chi2:	1.6333275011352602	RelRMS:	5.52280740433592	AbsRMS:	7.253242904255412e-07	Phi model:	0.0566095003375863
depth_vector,start_model,resistivity_model,conductivity_model,E/I[V/A],modelled_thickness,rhoa,sigma
0.0,18.513,20.42792159484223,0.0489526061355398,8.681418184469338e-05,1.0,17.86904138424513,0.0559627110652777
1.0,18.513,19.96358544277064,0.0500912024479113,5.5475618538220914e-05,1.0,17.97772278161942,0.0556243976029271
2.0,18.513,19.123656746426352,0.05229125440075,3.741226699954757e-05,1.0,18.25004821117192,0.0547943757972015
3.0,18.513,18.08103215295944,0.0553065771655255,2.3238796565926613e-05,1.0,18.556202391414374,0.0538903369831039
4.0,18.513,17.07341851247744,0.0585705785440208,1.3733915216062037e-05,1.0,18.647898086537992,0.053625346693733
5.0,18.513,16.368974554421566,0.0610911817765567,8.810004729495225e-06,1.0,18.819518349878173,0.0531363226948086
6.0,18.513,16.254028983068547,0.0615232076331152,6.021161396257023e-06,1.5,19.01306438025488,0.0525954143950883
7.5,18.513,17.64159418083044,0.0566842196770749,3.777465443717128e-06,1.5,19.25429834591917,0.0519364550208054
9.0,18.513,21.50783682664328,0.0464946804302155,2.241359632462448e-06,nan,19.3815333685378,0.0515955049058867
nan,nan,nan,nan,1.441400553490736e-06,nan,19.54702506175593,0.0511586799955823
nan,nan,nan,nan,9.93201737016168e-07,nan,19.68270379641968,0.0508060279900113
nan,nan,nan,nan,6.281162561303291e-07,nan,19.87291778409878,0.0503197371852534
Name:	33.59818286283781_10_80_1
Lambda:	33.59818286283781	Maximal Depth:	10	Filter time:	10 to 80 [us]
Chi2:	1.679667178993668	RelRMS:	5.592771246802162	AbsRMS:	7.460575081635768e-07	Phi model:	0.0388612694807289
depth_vector,start_model,resistivity_model,conductivity_model,E/I[V/A],modelled_thickness,rhoa,sigma
0.0,18.513,19.710724131064087,0.0507338032509927,8.689566319821962e-05,1.0,17.85786920169076,0.0559977222761448
1.0,18.513,19.36340886353357,0.0516437992425633,5.548608123107424e-05,1.0,17.975462739709403,0.055631391218147
2.0,18.513,18.736510826774737,0.0533717301607183,3.739732326096304e-05,1.0,18.25490962487635,0.0547797836608995
3.0,18.513,17.964177278430547,0.0556663399887893,2.321974861906494e-05,1.0,18.56634919231157,0.0538608850691069
4.0,18.513,17.237612335692766,0.0580126748719929,1.372382548758323e-05,1.0,18.65703689802746,0.0535990792892587
5.0,18.513,16.775825748460093,0.0596095843503735,8.804898812131507e-06,1.0,18.826793210752427,0.0531157902891755
6.0,18.513,16.81480944665633,0.0594713846251081,6.018467206868695e-06,1.5,19.01873813665208,0.0525797238920306
7.5,18.513,18.105949179260467,0.0552304654177122,3.776872310787878e-06,1.5,19.25631413368293,0.0519310182134394
9.0,18.513,21.389134659162984,0.0467527095385135,2.2421688221652245e-06,nan,19.376869943088785,0.0516079223805015
nan,nan,nan,nan,1.4425681457647409e-06,nan,19.53647626590432,0.0511863033225306
nan,nan,nan,nan,9.943493597467008e-07,nan,19.667556427060955,0.0508451572877696
nan,nan,nan,nan,6.291284332435713e-07,nan,19.851596954606013,0.050373781126358
Name:	42.81332398719393_10_80_1
Lambda:	42.81332398719393	Maximal Depth:	10	Filter time:	10 to 80 [us]
Chi2:	1.7188234807890332	RelRMS:	5.652995520122036	AbsRMS:	7.619614596242705e-07	Phi model:	0.0271035569894388
depth_vector,start_model,resistivity_model,conductivity_model,E/I[V/A],modelled_thickness,rhoa,sigma
0.0,18.513,19.145346570355105,0.0522320134725799,8.695834794776891e-05,1.0,17.849286160743002,0.0560246494450494
1.0,18.513,18.892738608259634,0.0529303887983087,5.549246686813725e-05,1.0,17.97408372991933,0.0556356593763618
2.0,18.513,18.43927117217108,0.0542320784082409,3.7383929567215e-05,1.0,18.25926953878158,0.0547667034475864
3.0,18.513,17.889430933697682,0.0558989273446555,2.320373311236851e-05,1.0,18.574891360738928,0.0538361156778372
4.0,18.513,17.394679264037944,0.0574888438482115,1.371554251274951e-05,1.0,18.664547609169208,0.0535775107406694
5.0,18.513,17.131971376320852,0.058370398714427,8.800826522532757e-06,1.0,18.832600410987784,0.0530994115616957
6.0,18.513,17.29446020121815,0.0578219839396643,6.016402544162719e-06,1.5,19.023089023913204,0.0525676980611791
7.5,18.513,18.494416749461827,0.0540703723478654,3.776526877752792e-06,1.5,19.2574883458362,0.0519278517551961
9.0,18.513,21.289798102371712,0.046970854077221,2.2429464217937125e-06,nan,19.37239121591973,0.0516198536801293
nan,nan,nan,nan,1.4436149540987408e-06,nan,19.52703080238944,0.0512110627631946
nan,nan,nan,nan,9.95360803588586e-07,nan,19.654230606385163,0.0508796309571703
nan,nan,nan,nan,6.300096514722361e-07,nan,19.83308118556669,0.0504208090837513
Name:	54.5559478116852_10_80_1
Lambda:	54.5559478116852	Maximal Depth:	10	Filter time:	10 to 80 [us]
Chi2:	1.7514235148035855	RelRMS:	5.704793697518888	AbsRMS:	7.731337656115699e-07	Phi model:	0.0194304589692871
depth_vector,start_model,resistivity_model,conductivity_model,E/I[V/A],modelled_thickness,rhoa,sigma
0.0,18.513,18.70256405355459,0.0534686044724408,8.700321174184001e-05,1.0,17.84314956325255,0.0560439173843765
1.0,18.513,18.52597798243446,0.0539782569615572,5.549453305035837e-05,1.0,17.973637584318322,0.0556370403769842
2.0,18.513,18.212551435302583,0.0549071887896845,3.737145948949077e-05,1.0,18.263331138239288,0.0547545238286911
3.0,18.513,17.843440314509095,0.0560430041726239,2.3190148653763805e-05,1.0,18.5821445904832,0.0538151016493622
4.0,18.513,17.537620216166967,0.0570202791298989,1.3708728417149637e-05,1.0,18.670732062069504,0.0535597638419089
5.0,18.513,17.436705468960305,0.0573502833881168,8.797600981087868e-06,1.0,18.837203303825177,0.0530864366578734
6.0,18.513,17.696999269184726,0.0565067548904333,6.014860478830941e-06,1.5,19.02634025951268,0.0525587152526627
7.5,18.513,18.8139121285108,0.053152156402633,3.7763893119296833e-06,1.5,19.25795601586573,0.0519265907127499
9.0,18.513,21.206675607909744,0.0471549628281679,2.243696359159817e-06,nan,19.36807426533056,0.0516313592306918
nan,nan,nan,nan,1.444559112162534e-06,nan,19.518521349057146,0.051233389154671
nan,nan,nan,nan,9.96257021399743e-07,nan,19.64244173854332,0.050910167549982
nan,nan,nan,nan,6.307801183482639e-07,nan,19.8169278075242,0.0504619086123084
Name:	69.51927961775606_10_80_1
Lambda:	69.51927961775606	Maximal Depth:	10	Filter time:	10 to 80 [us]
Chi2:	1.7783554396376788	RelRMS:	5.750047584455104	AbsRMS:	7.800434911532824e-07	Phi model:	0.0144618022838136
depth_vector,start_model,resistivity_model,conductivity_model,E/I[V/A],modelled_thickness,rhoa,sigma
0.0,18.513,18.35693616249273,0.0544753215432115,8.703229879144597e-05,1.0,17.83917377114333,0.0560564078151198
1.0,18.513,18.24129463228373,0.0548206703613122,5.5492634267770775e-05,1.0,17.974047582701093,0.0556357712640328
2.0,18.513,18.040249096430585,0.0554316071055725,3.7359647800755874e-05,1.0,18.26718037897281,0.0547429860139275
3.0,18.513,17.816640813714848,0.0561273031462935,2.317860584776129e-05,1.0,18.588313275893768,0.0537972426630472
4.0,18.513,17.663630049904825,0.0566135045386884,1.3703180789060376e-05,1.0,18.67577085764423,0.0535453132094243
5.0,18.513,17.693279683683176,0.0565186340733767,8.795127741824988e-06,1.0,18.840734556502326,0.0530764868535807
6.0,18.513,18.03034434806513,0.0554620577785754,6.0137992878255534e-06,1.5,19.0285784438868,0.0525525331778667
7.5,18.513,19.073453728248683,0.0524288896100108,3.7764630050980057e-06,1.5,19.25770548436612,0.0519272662473639
9.0,18.513,21.13639372335784,0.0473117606100845,2.2444505545559563e-06,nan,19.36373522843796,0.0516429288152722
nan,nan,nan,nan,1.4454379699982698e-06,nan,19.51060875573915,0.0512541670287886
nan,nan,nan,nan,9.970728030098818e-07,nan,19.631726286562824,0.0509379555013693
nan,nan,nan,nan,6.31469306848807e-07,nan,19.80250632612477,0.0504986582774491
Name:	88.58667904100822_10_80_1
Lambda:	88.58667904100822	Maximal Depth:	10	Filter time:	10 to 80 [us]
Chi2:	1.800501250783752	RelRMS:	5.790572960427956	AbsRMS:	7.826541608322815e-07	Phi model:	0.0112600023709425
depth_vector,start_model,resistivity_model,conductivity_model,E/I[V/A],modelled_thickness,rhoa,sigma
0.0,18.513,18.089674109257867,0.0552801556269177,8.704586762175258e-05,1.0,17.83731985957962,0.0560622340055726
1.0,18.513,18.022249712792288,0.0554869683827649,5.548623550975523e-05,1.0,17.97542941934996,0.0556314943399089
2.0,18.513,17.910606934523084,0.0558328371369971,3.734777966833039e-05,1.0,18.27105005721077,0.0547313918394824
3.0,18.513,17.803144502643,0.0561698524578926,2.3168529462422584e-05,1.0,18.593702466531795,0.0537816500936258
4.0,18.513,17.772332266601367,0.056267235217026,1.3698619941550076e-05,1.0,18.679915928099543,0.0535334315127047
5.0,18.513,17.906097990231583,0.0558468964341385,8.79327747723031e-06,1.0,18.84337741799518,0.0530690426571307
6.0,18.513,18.30269595875721,0.0546367596475061,6.013161541114557e-06,1.5,19.02992384804556,0.0525488177454111
7.5,18.513,19.28135060198532,0.0518635867705779,3.776745657898341e-06,1.5,19.256744637334627,0.0519298572439506
9.0,18.513,21.07580108185224,0.0474477812784573,2.2452380296870643e-06,nan,19.359207319079868,0.0516550075381665
nan,nan,nan,nan,1.446287141749325e-06,nan,19.502971047191483,0.0512742390674883
nan,nan,nan,nan,9.97841876427135e-07,nan,19.62163772824213,0.0509641454933531
nan,nan,nan,nan,6.321060157358248e-07,nan,19.78920628983907,0.0505325976875312
Name:	112.88378916846884_10_80_1
Lambda:	112.88378916846884	Maximal Depth:	10	Filter time:	10 to 80 [us]
Chi2:	1.818509177892065	RelRMS:	5.828808689533284	AbsRMS:	7.825095115224995e-07	Phi model:	0.0092163165185594
depth_vector,start_model,resistivity_model,conductivity_model,E/I[V/A],modelled_thickness,rhoa,sigma
0.0,18.513,17.886620083615362,0.0559077117602574,8.704916003479467e-05,1.0,17.836870089245025,0.0560636476577223
1.0,18.513,17.856718503351775,0.0560013308051138,5.547806106062997e-05,1.0,17.97719510981385,0.0556260303062569
2.0,18.513,17.814888306587886,0.0561328245673144,3.7337357207322544e-05,1.0,18.274450055900807,0.0547212089524467
3.0,18.513,17.79844563399576,0.056184681548256,2.31606970337222e-05,1.0,18.59789421261832,0.0537695283437798
4.0,18.513,17.86349572393014,0.0559800844949059,1.3695513456221764e-05,1.0,18.68274053638884,0.0535253378942064
5.0,18.513,18.078370684476766,0.0553147193103338,8.79236602387408e-06,1.0,18.844679650926267,0.0530653754016374
6.0,18.513,18.519573370761336,0.0539969242260622,6.013172987312031e-06,1.5,19.029899698805675,0.0525488844306814
7.5,18.513,19.442625923678328,0.051433381680308,3.7773938248039e-06,1.5,19.25454171787154,0.0519357985587279
9.0,18.513,21.02251344004905,0.04756805140602,2.246168115737272e-06,nan,19.353862818105423,0.0516692718863598
nan,nan,nan,nan,1.4471861755321923e-06,nan,19.49489300533079,0.0512954854241341
nan,nan,nan,nan,9.986239696129328e-07,nan,19.611391660713643,0.0509907719605254
nan,nan,nan,nan,6.327321261374335e-07,nan,19.776149398187027,0.0505659610405084
Name:	143.8449888287663_10_80_1
Lambda:	143.8449888287663	Maximal Depth:	10	Filter time:	10 to 80 [us]
Chi2:	1.833809113028008	RelRMS:	5.865452006885208	AbsRMS:	7.753962166627546e-07	Phi model:	0.0078521336023066
depth_vector,start_model,resistivity_model,conductivity_model,E/I[V/A],modelled_thickness,rhoa,sigma
0.0,18.513,17.73423002356365,0.056388126164558,8.702875040769832e-05,1.0,17.839658666872925,0.0560548841585704
1.0,18.513,17.733825133999872,0.0563894135892186,5.5459337248764666e-05,1.0,17.98124110938087,0.0556135137678731
2.0,18.513,17.746975158127075,0.0563476305730928,3.7322460852114e-05,1.0,18.279312268230072,0.0547066533645265
3.0,18.513,17.80221856888575,0.0561727739792934,2.315158768785989e-05,1.0,18.6027723098248,0.0537554286718794
4.0,18.513,17.942568714701952,0.0557333799803486,1.3692024466144665e-05,1.0,18.685914215025296,0.0535162469704534
5.0,18.513,18.22056379522199,0.054883043754235,8.791368483100287e-06,1.0,18.84610513857912,0.0530613616260125
6.0,18.513,18.695020488899004,0.0534901794086716,6.013225495229894e-06,1.5,19.02978891834181,0.0525491903400017
7.5,18.513,19.56967995353202,0.0510994560143287,3.7781065183846775e-06,1.5,19.252120219221247,0.0519423309543643
9.0,18.513,20.97241952973404,0.0476816706142193,2.2471205915283367e-06,nan,19.348393481517263,0.0516838775764644
nan,nan,nan,nan,1.4480898383124494e-06,nan,19.48678179495542,0.0513168367420664
nan,nan,nan,nan,9.99405651696657e-07,nan,19.60116433374452,0.0510173774870323
nan,nan,nan,nan,6.333530561362173e-07,nan,19.763221788396848,0.0505990374801697
Name:	183.29807108324357_10_80_1
Lambda:	183.2980710832436	Maximal Depth:	10	Filter time:	10 to 80 [us]
Chi2:	1.84701681179578	RelRMS:	5.903343121030786	AbsRMS:	7.646028057185887e-07	Phi model:	0.0069282244262124
depth_vector,start_model,resistivity_model,conductivity_model,E/I[V/A],modelled_thickness,rhoa,sigma
0.0,18.513,17.62221245476993,0.0567465636092318,8.699537320720101e-05,1.0,17.844221360065703,0.0560405511578073
1.0,18.513,17.64469812280844,0.0566742481531803,5.5436189123003705e-05,1.0,17.986246300337466,0.0555980377062465
2.0,18.513,17.700550974513657,0.0564954165234665,3.7306795861801935e-05,1.0,18.284428855480787,0.0546913446355885
3.0,18.513,17.811425152536742,0.0561437387202886,2.314325596906768e-05,1.0,18.60723678591488,0.0537425310112122
4.0,18.513,18.009916302579775,0.0555249665350614,1.3689299767398476e-05,1.0,18.688393611297787,0.0535091469496589
5.0,18.513,18.33584954836003,0.0545379693132048,8.790990583205846e-06,1.0,18.84664522865208,0.0530598410416154
6.0,18.513,18.833740354587565,0.0530961976310997,6.013783014462875e-06,1.5,19.02861277156572,0.052552438372927
7.5,18.513,19.665826892197288,0.0508496289264482,3.7791666422814056e-06,1.5,19.24851967462694,0.0519520470614777
9.0,18.513,20.924080885799427,0.0477918244274553,2.2482645263717e-06,nan,19.34182984734084,0.0517014164581477
nan,nan,nan,nan,1.4491077213247115e-06,nan,19.477655449272863,0.0513408814836249
nan,nan,nan,nan,1.0002626416315078e-06,nan,19.589967007884816,0.0510465382405956
nan,nan,nan,nan,6.340171885049396e-07,nan,19.74941807447189,0.0506344033140197
Name:	233.57214690901213_10_80_1
Lambda:	233.57214690901213	Maximal Depth:	10	Filter time:	10 to 80 [us]
Chi2:	1.85909050170552	RelRMS:	5.944139674648678	AbsRMS:	7.486658489240079e-07	Phi model:	0.0062650888464435
depth_vector,start_model,resistivity_model,conductivity_model,E/I[V/A],modelled_thickness,rhoa,sigma
0.0,18.513,17.544782489832404,0.056997001848243,8.694421659013678e-05,1.0,17.851220180998236,0.0560185796747077
1.0,18.513,17.58470063340123,0.0568676158239823,5.5405579281372107e-05,1.0,17.992870247795725,0.0555775696833309
2.0,18.513,17.673059338770184,0.0565832989541462,3.728839442179424e-05,1.0,18.2904438128368,0.0546733589536066
3.0,18.513,17.826142880589213,0.0560973849866812,2.313461073201767e-05,1.0,18.61187209063748,0.0537291463819504
4.0,18.513,18.06832274210646,0.0553454802791184,1.3686837975891968e-05,1.0,18.69063447704421,0.0535027316075437
5.0,18.513,18.429289093020657,0.0542614527859736,8.790998359778475e-06,1.0,18.846634114076227,0.0530598723330187
6.0,18.513,18.94209967439849,0.0527924579212074,6.014738381240081e-06,1.5,19.02659774507584,0.0525580039793927
7.5,18.513,19.73585539830108,0.0506691997797107,3.780551441631295e-06,1.5,19.243818955609783,0.0519647374726776
9.0,18.513,20.874951805423475,0.0479043022144938,2.249617291059559e-06,nan,19.334075175017983,0.0517221532939999
nan,nan,nan,nan,1.4502679229833157e-06,nan,19.467266094356024,0.0513682812549586
nan,nan,nan,nan,1.001223711964307e-06,nan,19.57742878476246,0.0510792306279934
nan,nan,nan,nan,6.347500394870221e-07,nan,19.734214014078127,0.0506734141672231
Name:	297.63514416313194_10_80_1
Lambda:	297.63514416313194	Maximal Depth:	10	Filter time:	10 to 80 [us]
Chi2:	1.8711649313131176	RelRMS:	5.9897334900924495	AbsRMS:	7.260311029833467e-07	Phi model:	0.0057443008329279
depth_vector,start_model,resistivity_model,conductivity_model,E/I[V/A],modelled_thickness,rhoa,sigma
0.0,18.513,17.49771127992706,0.0571503314920492,8.686992604022055e-05,1.0,17.861396222913655,0.0559866646212764
1.0,18.513,17.55055803426794,0.0569782452527989,5.536426193776048e-05,1.0,18.001820969684022,0.0555499358472707
2.0,18.513,17.66296281565523,0.0566156431645583,3.726522955278866e-05,1.0,18.298022850200173,0.0546507132593869
3.0,18.513,17.84703595443378,0.0560317131961381,2.312457303432537e-05,1.0,18.6172576122736,0.0537136038414562
4.0,18.513,18.12069413314831,0.0551855239458345,1.3684160426280528e-05,1.0,18.69307250113575,0.0534957535707007
5.0,18.513,18.50560084843912,0.0540376942197122,8.791179719905154e-06,1.0,18.846374911874964,0.053060602087986
6.0,18.513,19.02568994443148,0.0525605117565097,6.016003806970038e-06,1.5,19.02392957406009,0.0525653754187326
7.5,18.513,19.78362351411172,0.0505468575706921,3.7822526762244456e-06,1.5,19.23804801995319,0.0519803256007484
9.0,18.513,20.82250332160073,0.0480249653250205,2.2512052274363394e-06,nan,19.3249822999832,0.0517464898273603
nan,nan,nan,nan,1.45160447474233e-06,nan,19.45531471980283,0.0513998367233883
nan,nan,nan,nan,1.0023218695460025e-06,nan,19.56312663944608,0.0511165734614042
nan,nan,nan,nan,6.355798567447375e-07,nan,19.717033527480428,0.0507175685737035
Name:	379.26901907322497_10_80_1
Lambda:	379.26901907322497	Maximal Depth:	10	Filter time:	10 to 80 [us]
Chi2:	1.884157852651425	RelRMS:	6.04237481940678	AbsRMS:	6.990239022775417e-07	Phi model:	0.0053041350129845
depth_vector,start_model,resistivity_model,conductivity_model,E/I[V/A],modelled_thickness,rhoa,sigma
0.0,18.513,17.475061653053995,0.0572244046890236,8.677988251849024e-05,1.0,17.873749508560337,0.0559479699276901
1.0,18.513,17.53718986786376,0.0570216783609364,5.531644641963158e-05,1.0,18.012193321158165,0.0555179473243462
2.0,18.513,17.666841342984288,0.0566032139297561,3.723984671793357e-05,1.0,18.306336578399016,0.054625893920249
3.0,18.513,17.87276203303783,0.0559510610699956,2.311455444917491e-05,1.0,18.622636765909203,0.0536980886525484
4.0,18.513,18.167781310683644,0.0550424943420001,1.3682055844869689e-05,1.0,18.69498937117508,0.0534902684428295
5.0,18.513,18.567350527237043,0.0538579803582136,8.79202039379816e-06,1.0,18.84517352644009,0.0530639847172
6.0,18.513,19.088137120322305,0.0523885591190218,6.0178987089078e-06,1.5,19.019935890679605,0.0525764127569974
7.5,18.513,19.81189977641105,0.050474715261312,3.7844651958110938e-06,1.5,19.23054916972161,0.052000595051882
9.0,18.513,20.76583262094855,0.0481560271747158,2.253144852355852e-06,nan,19.31389007121783,0.0517762085376177
nan,nan,nan,nan,1.4531929414514885e-06,nan,19.44113456438832,0.0514373272140078
nan,nan,nan,nan,1.0036093471328069e-06,nan,19.54639205679947,0.0511603367564776
nan,nan,nan,nan,6.365400422727575e-07,nan,19.697200501188767,0.0507686358749126
Name:	483.2930238571752_10_80_1
Lambda:	483.2930238571752	Maximal Depth:	10	Filter time:	10 to 80 [us]
Chi2:	1.8997034113039728	RelRMS:	6.1039324021574775	AbsRMS:	6.649970402605823e-07	Phi model:	0.0048892776330354
depth_vector,start_model,resistivity_model,conductivity_model,E/I[V/A],modelled_thickness,rhoa,sigma
0.0,18.513,17.475991661120744,0.0572213594164572,8.66645378261058e-05,1.0,17.88960516796388,0.055898382921875
1.0,18.513,17.544368065287248,0.0569983482037503,5.52565700997247e-05,1.0,18.025203046065688,0.0554778771392684
2.0,18.513,17.68530558654628,0.0565441176634645,3.720887729026148e-05,1.0,18.31649290294968,0.0545956043713456
3.0,18.513,17.905113337284433,0.055849967613311,2.310278601651202e-05,1.0,18.62896040856193,0.0536798607151688
4.0,18.513,18.2126935183293,0.0549067604412053,1.3679696329891169e-05,1.0,18.69713902120671,0.0534841185523505
5.0,18.513,18.61845785774102,0.0537101411749968,8.793114723035391e-06,1.0,18.84360993547104,0.0530683878208288
6.0,18.513,19.13356590395033,0.0522641730778233,6.020221619770367e-06,1.5,19.015042996893733,0.0525899415617076
7.5,18.513,19.82326258965077,0.0504457828512081,3.787121629507445e-06,1.5,19.22155541706844,0.0520249260947954
9.0,18.513,20.70240383070464,0.0483035693911475,2.2554325885098407e-06,nan,19.30082751939243,0.0518112500096306
nan,nan,nan,nan,1.4550508736369523e-06,nan,19.42458164904081,0.0514811602158433
nan,nan,nan,nan,1.0051094777668696e-06,nan,19.526938494173145,0.05121130484937
nan,nan,nan,nan,6.376538773063169e-07,nan,19.674256157955544,0.0508278428404845
Name:	615.8482110660261_10_80_1
Lambda:	615.8482110660261	Maximal Depth:	10	Filter time:	10 to 80 [us]
Chi2:	1.9194311960546004	RelRMS:	6.176365269940996	AbsRMS:	6.243305985346435e-07	Phi model:	0.0044745639508304
depth_vector,start_model,resistivity_model,conductivity_model,E/I[V/A],modelled_thickness,rhoa,sigma
0.0,18.513,17.498204033187747,0.0571487221261886,8.652390734426664e-05,1.0,17.908984341910106,0.0558378957124792
1.0,18.513,17.57017722405211,0.0569146222743321,5.5184619236783234e-05,1.0,18.04086740167537,0.0554297073269955
2.0,18.513,17.7174358466996,0.056441575894645,3.717232124296535e-05,1.0,18.3284994867038,0.0545598400308458
3.0,18.513,17.944336492741694,0.0557278894321052,2.3089305891847268e-05,1.0,18.63621041082376,0.0536589777618741
4.0,18.513,18.2567468296758,0.054774271086157,1.3677156725655287e-05,1.0,18.699453433237544,0.053477498878258
5.0,18.513,18.661282756512502,0.0535868843019923,8.794543287540331e-06,1.0,18.841569273039344,0.0530741354665671
6.0,18.513,19.164794590077907,0.0521790095531587,6.023047218654829e-06,1.5,19.00909549953484,0.0526063957132768
7.5,18.513,19.81947999778568,0.0504554105411304,3.790285787623348e-06,1.5,19.210856398702123,0.0520539001097087
9.0,18.513,20.63109286762943,0.048470529720169,2.258118477807889e-06,nan,19.28551974030245,0.0518523749147513
nan,nan,nan,nan,1.4572171738432117e-06,nan,19.405325810455828,0.0515322447954565
nan,nan,nan,nan,1.0068528104871574e-06,nan,19.504391814214355,0.0512705040754576
nan,nan,nan,nan,6.389436251671465e-07,nan,19.647771427803608,0.0508963575678052
Name:	784.7599703514607_10_80_1
Lambda:	784.7599703514607	Maximal Depth:	10	Filter time:	10 to 80 [us]
Chi2:	1.9452326663973745	RelRMS:	6.2611517334513245	AbsRMS:	5.774062367687107e-07	Phi model:	0.0040468638196434
depth_vector,start_model,resistivity_model,conductivity_model,E/I[V/A],modelled_thickness,rhoa,sigma
0.0,18.513,17.540057470150593,0.0570123559573157,8.635716388684187e-05,1.0,17.93203007174011,0.0557661344532287
1.0,18.513,17.613384665965594,0.0567750048593615,5.510002961022296e-05,1.0,18.05932692026997,0.0553730493065934
2.0,18.513,17.762660468285176,0.0562978728206552,3.712979518120417e-05,1.0,18.34249166713601,0.0545182202149605
3.0,18.513,17.990754270300418,0.0555841064235324,2.3073899713445823e-05,1.0,18.644504944042087,0.0536351060541059
4.0,18.513,18.301236261817504,0.054641117446603,1.3674349403631118e-05,1.0,18.70201265756208,0.0534701809003243
5.0,18.513,18.697857055687876,0.0534820646570191,8.796274589316508e-06,1.0,18.839096899674026,0.0530811007197114
6.0,18.513,19.184224202461632,0.0521261631143616,6.026368918529667e-06,1.5,19.00210972163684,0.0526257354919567
7.5,18.513,19.802298823645103,0.0504991874380736,3.793966675600718e-06,1.5,19.198428869140983,0.0520875956473382
9.0,18.513,20.551211811696195,0.0486589311210775,2.2612174941235213e-06,nan,19.267895075575364,0.051899805146211
nan,nan,nan,nan,1.4597068108041103e-06,nan,19.383254729799216,0.0515909228836904
nan,nan,nan,nan,1.008852639245466e-06,nan,19.478607842645943,0.0513383712059044
nan,nan,nan,nan,6.40420051297984e-07,nan,19.617562462541787,0.0509747325596348
Name:	1000.0_10_80_1
Lambda:	1000.0	Maximal Depth:	10	Filter time:	10.0 to 80.0 [us]
Chi2:	1.9787926273600505	RelRMS:	6.358408508570097	AbsRMS:	5.258013035373415e-07	Phi model:	0.00360707644291335
depth_vector,start_model,resistivity_model,conductivity_model,E/I[V/A],modelled_thickness,rhoa,sigma
0.0,18.513,17.599454797656318,0.05681994195258639,8.616633298816223e-05,1.0,17.9584961204937,0.055683949997284564
1.0,18.513,17.672209248807846,0.056586020792361275,5.5003697967123844e-05,1.0,18.08040643904605,0.055308491176416355
2.0,18.513,17.819794465501722,0.05611737003678424,3.708166038221663e-05,1.0,18.358361529055024,0.05447109200989103
3.0,18.513,18.04398053495476,0.05542014402325486,2.3056631673194458e-05,1.0,18.653812862977805,0.0536083430956198
4.0,18.513,18.346660725221135,0.0545058316048381,1.3671244570366468e-05,1.0,18.704844120493867,0.053462086802656385
5.0,18.513,18.7295109891583,0.053391676941210935,8.79825421175183e-06,1.0,18.83627090740533,0.05308906443933433
6.0,18.513,19.193806211486443,0.052100140481857876,6.030128165044901e-06,1.5,18.99421148830634,0.052647618492383495
7.5,18.513,19.773610570725246,0.0505724534436061,3.798113488316903e-06,1.5,19.18445231944238,0.05212554329667027
9.0,18.513,20.463462176365628,0.04886758610940013,2.2646934309926678e-06,nan,19.248174634232534,0.051952978347438616
nan,nan,nan,nan,1.462493325468518e-06,nan,19.358626063702506,0.05165655851346825
nan,nan,nan,nan,1.0110888483787196e-06,nan,19.449876893951757,0.051414207167088326
nan,nan,nan,nan,6.420691676554689e-07,nan,19.583957040684233,0.05106220351293528
