Name:	10.0_10_80_1
Lambda:	10	Maximal Depth:	10	Filter time:	10 to 80 [us]
Chi2:	1.319087697308749	RelRMS:	5.057788815001174	AbsRMS:	6.806474724556808e-07	Phi model:	0.6354183451758191
depth_vector,start_model,resistivity_model,conductivity_model,E/I[V/A],modelled_thickness,rhoa,sigma
0.0,15.7432,17.87550123316133,0.0559424872598745,0.0001291199229291,1.0,13.472399481961446,0.0742258275030314
1.0,15.7432,16.774181901953447,0.0596154260067696,8.087984978465697e-05,1.0,13.7358216248694,0.0728023431950695
2.0,15.7432,14.90953264489899,0.0670711835050128,5.335648244231505e-05,1.0,14.150137411103785,0.0706706918065182
3.0,15.7432,12.800627803499138,0.0781211683794636,3.210326725714041e-05,1.0,14.696393965673636,0.0680439026291551
4.0,15.7432,11.008418857595505,0.090839566783928,1.8243876073807823e-05,1.0,15.159799972967392,0.0659639310401969
5.0,15.7432,10.072940687717711,0.099275874940804,1.128181778653143e-05,1.0,15.677806364585702,0.0637844336602396
6.0,15.7432,10.595069556580754,0.0943835238324495,7.457836607525955e-06,1.5,16.194808114733778,0.0617481845363895
7.5,15.7432,15.274203924413946,0.0654698604882197,4.482287176363276e-06,1.5,16.876161131609813,0.0592551820405977
9.0,15.7432,29.365072254508448,0.0340540623000329,2.53905400818162e-06,nan,17.52104303172273,0.0570742277265942
nan,nan,nan,nan,1.5683502133941592e-06,nan,18.151834067079985,0.0550908517731324
nan,nan,nan,nan,1.044991400111828e-06,nan,18.69160857766596,0.0534999433486356
nan,nan,nan,nan,6.342872211696632e-07,nan,19.3958925042699,0.0515573078052404
Name:	12.742749857031335_10_80_1
Lambda:	12.742749857031336	Maximal Depth:	10	Filter time:	10 to 80 [us]
Chi2:	1.4439560257642408	RelRMS:	5.270042958657453	AbsRMS:	7.73163340298777e-07	Phi model:	0.5093142327690393
depth_vector,start_model,resistivity_model,conductivity_model,E/I[V/A],modelled_thickness,rhoa,sigma
0.0,15.7432,16.651714191392834,0.0600538772468779,0.000129575964188,1.0,13.440770264060262,0.0744004979144636
1.0,15.7432,15.754111231603892,0.0634754944470575,8.098090471339273e-05,1.0,13.724392088212998,0.0728629722593568
2.0,15.7432,14.245949194081724,0.0701953928359814,5.3321121830246575e-05,1.0,14.156392621243215,0.0706394649226802
3.0,15.7432,12.550088168253993,0.0796807151147786,3.2031033997834366e-05,1.0,14.718480251216176,0.0679417971782359
4.0,15.7432,11.160316671354968,0.0896031922254219,1.8200421988946067e-05,1.0,15.183920050311825,0.065859145509625
5.0,15.7432,10.575889323774788,0.0945546960057517,1.125712228171331e-05,1.0,15.700726960107216,0.0636913184046078
6.0,15.7432,11.373785301390445,0.087921476755654,7.443125772503291e-06,1.5,16.216139720949762,0.0616669575625382
7.5,15.7432,15.99358548414522,0.0625250667520001,4.476822525070837e-06,1.5,16.889891641507134,0.0592070109877133
9.0,15.7432,28.70034125600241,0.0348427912783392,2.540159307634004e-06,nan,17.5159600423905,0.0570907902038993
nan,nan,nan,nan,1.5714654819733988e-06,nan,18.127836705452808,0.0551637802264184
nan,nan,nan,nan,1.0483772475251193e-06,nan,18.65134250676331,0.0536154434801345
nan,nan,nan,nan,6.37450291106629e-07,nan,19.331676867755466,0.0517285699963236
Name:	16.237767391887218_10_80_1
Lambda:	16.237767391887218	Maximal Depth:	10	Filter time:	10 to 80 [us]
Chi2:	1.5757941593134426	RelRMS:	5.478732997991565	AbsRMS:	8.70003505802388e-07	Phi model:	0.4046842348649662
depth_vector,start_model,resistivity_model,conductivity_model,E/I[V/A],modelled_thickness,rhoa,sigma
0.0,15.7432,15.569376999457996,0.0642286457598664,0.0001300039505668,1.0,13.411255122504972,0.0745642365957183
1.0,15.7432,14.866648242922098,0.0672646573497891,8.107166256183261e-05,1.0,13.714147416802454,0.072917401979711
2.0,15.7432,13.684511592546816,0.0730753153473627,5.328328495573094e-05,1.0,14.163093537909194,0.0706060436106971
3.0,15.7432,12.37727492820491,0.0807932283802821,3.195989130039201e-05,1.0,14.740314374132684,0.0678411582425181
4.0,15.7432,11.373400188026944,0.0879244538544176,1.815827896470465e-05,1.0,15.207404252660224,0.0657574417951749
5.0,15.7432,11.127625191428445,0.0898664344635093,1.123340506498173e-05,1.0,15.722818607335396,0.0636018276985944
6.0,15.7432,12.182025954064574,0.0820881521489737,7.4290779091868605e-06,1.5,16.23657566956617,0.0615893412719037
7.5,15.7432,16.700929167312967,0.0598769080439667,4.471670269623323e-06,1.5,16.90286283252284,0.0591615757583915
9.0,15.7432,28.08698642469984,0.0356036772645923,2.541298300253936e-06,nan,17.510725961895066,0.0571078550470203
nan,nan,nan,nan,1.574510139230589e-06,nan,18.104459761530464,0.0552350091177459
nan,nan,nan,nan,1.0516629871018552e-06,nan,18.612473647965047,0.0537274098496484
nan,nan,nan,nan,6.405080452780217e-07,nan,19.270102155128427,0.0518938608601961
Name:	20.6913808111479_10_80_1
Lambda:	20.6913808111479	Maximal Depth:	10	Filter time:	10 to 80 [us]
Chi2:	1.7109064753622742	RelRMS:	5.683431416505531	AbsRMS:	9.6704486977821e-07	Phi model:	0.3204260497887211
depth_vector,start_model,resistivity_model,conductivity_model,E/I[V/A],modelled_thickness,rhoa,sigma
0.0,15.7432,14.629757243479997,0.0683538341311621,0.0001304036833344,1.0,13.383834318756508,0.0747170038259193
1.0,15.7432,14.100943431557477,0.070917240740221,8.115537809433208e-05,1.0,13.704714608975726,0.0729675902440947
2.0,15.7432,13.217917931985284,0.0756548803787135,5.324699907770812e-05,1.0,14.16952722671138,0.0705739848620264
3.0,15.7432,12.27420528792206,0.0814716697775952,3.189322569443398e-05,1.0,14.760848096547836,0.0677467848364263
4.0,15.7432,11.636562891769724,0.0859360284734315,1.8119468880718388e-05,1.0,15.229111663942753,0.0656637118478586
5.0,15.7432,11.712504649815909,0.0853788348349315,1.1211934057494243e-05,1.0,15.742885148299196,0.0635207581443885
6.0,15.7432,13.00041239766941,0.0769206367775895,7.416551514518395e-06,1.5,16.254852676526713,0.0615200900248132
7.5,15.7432,17.38425183369041,0.0575233268343487,4.467331117910925e-06,1.5,16.913806311767438,0.0591232973564484
9.0,15.7432,27.525698628935565,0.0363296864316017,2.5427120562519126e-06,nan,17.504234680686597,0.0571290329592847
nan,nan,nan,nan,1.5776090294016128e-06,nan,18.08074365494205,0.055307459642384
nan,nan,nan,nan,1.0549199524969951e-06,nan,18.574144408857688,0.0538382806759657
nan,nan,nan,nan,6.434928809835598e-07,nan,19.210466533386075,0.0520549565135281
Name:	26.366508987303583_10_80_1
Lambda:	26.366508987303583	Maximal Depth:	10	Filter time:	10 to 80 [us]
Chi2:	1.84323387958748	RelRMS:	5.875397893213738	AbsRMS:	1.0545351135051485e-06	Phi model:	0.2556837105178496
depth_vector,start_model,resistivity_model,conductivity_model,E/I[V/A],modelled_thickness,rhoa,sigma
0.0,15.7432,13.83705650395495,0.0722697056064038,0.0001307518253865,1.0,13.360066412322515,0.0748499273235394
1.0,15.7432,13.460996022478213,0.0742887077843365,8.122258935134293e-05,1.0,13.697153180677734,0.0730078715488615
2.0,15.7432,12.845137936563928,0.0778504680088705,5.320882751989741e-05,1.0,14.176303148476007,0.0705402522453466
3.0,15.7432,12.231057757292245,0.0817590775747741,3.183031011055277e-05,1.0,14.78029249199429,0.0676576597209864
4.0,15.7432,11.930283664091984,0.0838203037040788,1.808357026142858e-05,1.0,15.24925972657822,0.0655769537623574
5.0,15.7432,12.302981736458053,0.081281109036897,1.1192373225627416e-05,1.0,15.761222295944796,0.0634468559115044
6.0,15.7432,13.79661860362046,0.0724815281722424,7.40529073576619e-06,1.5,16.271327018747193,0.061457802356737
7.5,15.7432,18.02078608327285,0.0554914749766778,4.463572470854794e-06,1.5,16.92330006889912,0.0590901299349856
9.0,15.7432,27.027538810177887,0.0369992993821333,2.544165215259716e-06,nan,17.497568746100693,0.0571507970341793
nan,nan,nan,nan,1.580558592006633e-06,nan,18.05824237534482,0.0553763749104018
nan,nan,nan,nan,1.057982429329772e-06,nan,18.538283469964288,0.053942426849832
nan,nan,nan,nan,6.462782820030259e-07,nan,19.15522989126041,0.0522050638742921
Name:	33.59818286283781_10_80_1
Lambda:	33.59818286283781	Maximal Depth:	10	Filter time:	10 to 80 [us]
Chi2:	1.9684254375391064	RelRMS:	6.0525010126876735	AbsRMS:	1.128178454830766e-06	Phi model:	0.2076314708922297
depth_vector,start_model,resistivity_model,conductivity_model,E/I[V/A],modelled_thickness,rhoa,sigma
0.0,15.7432,13.179038530688128,0.0758780693805124,0.0001310402999331,1.0,13.340451812602703,0.0749599799202678
1.0,15.7432,12.935985806877197,0.0773037335483444,8.127105819450785e-05,1.0,13.691706787746083,0.0730369131841903
2.0,15.7432,12.555372389482557,0.0796471796278766,5.316884238148748e-05,1.0,14.18340969677136,0.0705049082963199
3.0,15.7432,12.234895419748762,0.0817334325870792,3.177195251096919e-05,1.0,14.798385568649522,0.0675749388580945
4.0,15.7432,12.23729488018523,0.0817174064849259,1.805108500114313e-05,1.0,15.267549585897797,0.0654983954284105
5.0,15.7432,12.876285641023122,0.0776621479112001,1.1175036017586868e-05,1.0,15.777519632396494,0.0633813186926205
6.0,15.7432,14.544855483487328,0.0687528316204511,7.395520556946496e-06,1.5,16.285654501687645,0.0614037341819066
7.5,15.7432,18.595905591056194,0.0537752783860634,4.460520011024871e-06,1.5,16.931019916736066,0.0590631872691564
9.0,15.7432,26.59158152768229,0.0376058866208834,2.5456971632284105e-06,nan,17.490548258225427,0.0571737366511493
nan,nan,nan,nan,1.5833661499672094e-06,nan,18.03688932022678,0.0554419324888016
nan,nan,nan,nan,1.0608476247192623e-06,nan,18.504888951899,0.0540397730891207
nan,nan,nan,nan,6.488551672708873e-07,nan,19.104480445966463,0.052343742235143
Name:	42.81332398719393_10_80_1
Lambda:	42.81332398719393	Maximal Depth:	10	Filter time:	10 to 80 [us]
Chi2:	2.082326152768283	RelRMS:	6.219623698113338	AbsRMS:	1.190276617466959e-06	Phi model:	0.173295730235119
depth_vector,start_model,resistivity_model,conductivity_model,E/I[V/A],modelled_thickness,rhoa,sigma
0.0,15.7432,12.645145607702846,0.0790817307307909,0.0001312790309243,1.0,13.324273827452714,0.0750509943693626
1.0,15.7432,12.514846363969196,0.0799050959889563,8.131029081648895e-05,1.0,13.687302222159609,0.0730604164187307
2.0,15.7432,12.336779237042638,0.0810584335494455,5.313518598343001e-05,1.0,14.189398347461644,0.0704751516246558
3.0,15.7432,12.27196711422084,0.0814865286626455,3.1724074434571066e-05,1.0,14.813271007138464,0.0675070347067912
4.0,15.7432,12.539517541561716,0.0797478847719253,1.802558008813106e-05,1.0,15.281947855896853,0.0654366844743636
5.0,15.7432,13.407989294917115,0.0745823984494896,1.1162221638094224e-05,1.0,15.789592525305263,0.0633328566520855
6.0,15.7432,15.215779565865056,0.065721246530371,7.388833056051391e-06,1.5,16.29547959008229,0.0613667118216402
7.5,15.7432,19.08705650245403,0.0523915251087264,4.459162420735992e-06,1.5,16.93445617073678,0.0590512024666034
9.0,15.7432,26.21221272836108,0.0381501558209933,2.547860394914089e-06,nan,17.480646756991593,0.0572061213696248
nan,nan,nan,nan,1.5863692234852586e-06,nan,18.01411899744621,0.0555120125575814
nan,nan,nan,nan,1.0637403185515404e-06,nan,18.471326081123845,0.0541379647356188
nan,nan,nan,nan,6.513582401600724e-07,nan,19.055505259441915,0.0524782726243642
Name:	54.5559478116852_10_80_1
Lambda:	54.5559478116852	Maximal Depth:	10	Filter time:	10 to 80 [us]
Chi2:	2.185048698342151	RelRMS:	6.365378697285265	AbsRMS:	1.2289542347122886e-06	Phi model:	0.1489612171843914
depth_vector,start_model,resistivity_model,conductivity_model,E/I[V/A],modelled_thickness,rhoa,sigma
0.0,15.7432,12.214966632893375,0.0818667811426619,0.0001314351820778,1.0,13.313718495728686,0.0751104960136283
1.0,15.7432,12.179660957143687,0.0821040916917702,8.131646321443032e-05,1.0,13.68660958222296,0.0730641137962219
2.0,15.7432,12.174033062267595,0.0821420473301832,5.309018782769457e-05,1.0,14.197414977534416,0.0704353575339152
3.0,15.7432,12.328618726227496,0.0811120874289536,3.167483624035596e-05,1.0,14.828618413539044,0.0674371658985415
4.0,15.7432,12.825201656691185,0.0779714835499899,1.7999930035843696e-05,1.0,15.296462346535836,0.065374592984009
5.0,15.7432,13.891472647502107,0.0719866082866178,1.114935878321569e-05,1.0,15.80173434195388,0.0632841926309938
6.0,15.7432,15.8144030548587,0.063233496486152,7.382122618774958e-06,1.5,16.30535328443857,0.0613295512556833
7.5,15.7432,19.516413066714986,0.0512389236988167,4.4576007337066215e-06,1.5,16.938411179744204,0.0590374143943234
9.0,15.7432,25.88742823877715,0.0386287888768373,2.549591261791703e-06,nan,17.47273435225961,0.0572320267589187
nan,nan,nan,nan,1.5889208874745652e-06,nan,17.99482779557135,0.0555715237378435
nan,nan,nan,nan,1.0662350824908042e-06,nan,18.4425021767262,0.0542225773063465
nan,nan,nan,nan,6.535353536846805e-07,nan,19.01316216274644,0.0525951439029619
Name:	69.51927961775606_10_80_1
Lambda:	69.51927961775606	Maximal Depth:	10	Filter time:	10 to 80 [us]
Chi2:	2.275756879955514	RelRMS:	6.499824497139837	AbsRMS:	1.2496055408810937e-06	Phi model:	0.1320734440146861
depth_vector,start_model,resistivity_model,conductivity_model,E/I[V/A],modelled_thickness,rhoa,sigma
0.0,15.7432,11.875745827011936,0.084205237680774,0.0001315263675932,1.0,13.307564299550084,0.0751452315006893
1.0,15.7432,11.91837400559616,0.0839040627127877,8.130186883985679e-05,1.0,13.68824744150918,0.0730553713521813
2.0,15.7432,12.056111175825626,0.0829454859378831,5.304276600078896e-05,1.0,14.205875660940888,0.0703934079015983
3.0,15.7432,12.394682911191392,0.0806797565669938,3.163018228726649e-05,1.0,14.842571346693036,0.0673737708003541
4.0,15.7432,13.084149022193236,0.0764283560439282,1.79778175965759e-05,1.0,15.309002719023503,0.0653210413737378
5.0,15.7432,14.315335548660588,0.06985515614362,1.1138909852888283e-05,1.0,15.811614747378153,0.0632446474301948
6.0,15.7432,16.32797438789318,0.0612445840643575,7.37713997269692e-06,1.5,16.312694400558875,0.0613019514400845
7.5,15.7432,19.871526170280223,0.0503232611039003,4.456981850273211e-06,1.5,16.939979155537447,0.0590319498517867
9.0,15.7432,25.605020287602937,0.0390548411509818,2.5515948233192554e-06,nan,17.463586535878942,0.0572620061718421
nan,nan,nan,nan,1.5914881099968982e-06,nan,17.975471003739788,0.0556313656422104
nan,nan,nan,nan,1.068661691768007e-06,nan,18.4145733501024,0.054304815049893
nan,nan,nan,nan,6.556005476336265e-07,nan,18.9732125200284,0.0527058872578581
Name:	88.58667904100822_10_80_1
Lambda:	88.58667904100822	Maximal Depth:	10	Filter time:	10 to 80 [us]
Chi2:	2.3564420563386843	RelRMS:	6.627470872518226	AbsRMS:	1.2509593695496882e-06	Phi model:	0.1202685857480842
depth_vector,start_model,resistivity_model,conductivity_model,E/I[V/A],modelled_thickness,rhoa,sigma
0.0,15.7432,11.610099390432442,0.0861319069175301,0.0001315499631867,1.0,13.305972968735675,0.0751542185114644
1.0,15.7432,11.716896551291104,0.0853468318698954,8.126342028667761e-05,1.0,13.692564692044714,0.0730323370742219
2.0,15.7432,11.97309717700004,0.0835205782778552,5.299015574362779e-05,1.0,14.215276792733876,0.0703468539220529
3.0,15.7432,12.464702885853924,0.0802265412306691,3.158819396893963e-05,1.0,14.855721336117464,0.0673141328767916
4.0,15.7432,13.3147161397264,0.0751048681403243,1.795830996158505e-05,1.0,15.320087221442398,0.0652737798124526
5.0,15.7432,14.68097649277584,0.0681153600710468,1.1130433566678496e-05,1.0,15.819641195237775,0.0632125588474808
6.0,15.7432,16.76072382095342,0.0596632944186962,7.373683442802647e-06,1.5,16.31779189011582,0.0612828014190896
7.5,15.7432,20.157372649173794,0.049609639976616,4.457278563959449e-06,1.5,16.939227369538397,0.0590345697701825
9.0,15.7432,25.353475066986416,0.0394423248630769,2.553936676452661e-06,nan,17.452909317987917,0.0572970375185153
nan,nan,nan,nan,1.5941578929278929e-06,nan,17.95539603246804,0.0556935641069536
nan,nan,nan,nan,1.0711041048987764e-06,nan,18.38656915901499,0.0543875255547442
nan,nan,nan,nan,6.576257536550923e-07,nan,18.934239580387057,0.0528143734399476
Name:	112.88378916846884_10_80_1
Lambda:	112.88378916846884	Maximal Depth:	10	Filter time:	10 to 80 [us]
Chi2:	2.429197367057666	RelRMS:	6.752888785978373	AbsRMS:	1.2317238245030874e-06	Phi model:	0.1119105059894667
depth_vector,start_model,resistivity_model,conductivity_model,E/I[V/A],modelled_thickness,rhoa,sigma
0.0,15.7432,11.4084788806889,0.0876541045005304,0.0001315022696954,1.0,13.30918999788205,0.0751360526192153
1.0,15.7432,11.566558036683269,0.0864561433771832,8.119832718613434e-05,1.0,13.69988152954348,0.0729933319382012
2.0,15.7432,11.918382781446702,0.0839040009317955,5.293033612533503e-05,1.0,14.225985111154774,0.0702939017710546
3.0,15.7432,12.5340321470859,0.0797827856403332,3.1547691698839375e-05,1.0,14.868433555472448,0.067256580612148
4.0,15.7432,13.513914871324925,0.0739978022298995,1.794093545261392e-05,1.0,15.329976562664624,0.0652316718106046
5.0,15.7432,14.987285147869668,0.0667232250626887,1.1123780777717206e-05,1.0,15.825948058500826,0.0631873677522184
6.0,15.7432,17.11440171965834,0.0584303218061871,7.371747576101581e-06,1.5,16.32064853409874,0.0612720749368935
7.5,15.7432,20.377337695814337,0.0490741241533926,4.458573873438109e-06,1.5,16.935946409460694,0.0590460063950948
9.0,15.7432,25.123894107989056,0.0398027469667615,2.556729869226996e-06,nan,17.440195624236637,0.0573388063726934
nan,nan,nan,nan,1.597037787058391e-06,nan,17.93380389331033,0.0557606186589907
nan,nan,nan,nan,1.0736553871874738e-06,nan,18.35743012206086,0.0544738557276739
nan,nan,nan,nan,6.596844260805984e-07,nan,18.89482710038113,0.0529245382711032
Name:	143.8449888287663_10_80_1
Lambda:	143.8449888287663	Maximal Depth:	10	Filter time:	10 to 80 [us]
Chi2:	2.4975218777378765	RelRMS:	6.882954359538565	AbsRMS:	1.192893209163699e-06	Phi model:	0.105750175742571
depth_vector,start_model,resistivity_model,conductivity_model,E/I[V/A],modelled_thickness,rhoa,sigma
0.0,15.7432,11.260378013086047,0.0888069653467998,0.0001313863523026,1.0,13.31701698961306,0.0750918918838937
1.0,15.7432,11.459026056409636,0.0872674514463336,8.110766615890261e-05,1.0,13.710088653941025,0.0729389885974621
2.0,15.7432,11.886627973392104,0.0841281482215539,5.286364448970096e-05,1.0,14.2379473944784,0.0702348430074835
3.0,15.7432,12.600624772471576,0.0793611442334738,3.150883534413808e-05,1.0,14.88065477203887,0.0672013439811147
4.0,15.7432,13.682708619875608,0.0730849444931826,1.7926002042036425e-05,1.0,15.338489227124132,0.0651954690708149
5.0,15.7432,15.23759760214031,0.0656271432092115,1.111929804497726e-05,1.0,15.83020124842168,0.0631703908438752
6.0,15.7432,17.393880920537523,0.05749148246837,7.371660130336761e-06,1.5,16.32077760215547,0.0612715903847578
7.5,15.7432,20.534721420727827,0.0486980066352688,4.4611588078545545e-06,1.5,16.929403634145036,0.0590688261447729
9.0,15.7432,24.90655263202544,0.0401500767598875,2.5602138988281787e-06,nan,17.424369876919126,0.057390884552137
nan,nan,nan,nan,1.60031802870561e-06,nan,17.909289047102085,0.0558369456972838
nan,nan,nan,nan,1.0764659510491106e-06,nan,18.32546304353338,0.0545688803401274
nan,nan,nan,nan,6.618867512578346e-07,nan,18.85289075794241,0.0530422635360954
Name:	183.29807108324357_10_80_1
Lambda:	183.2980710832436	Maximal Depth:	10	Filter time:	10 to 80 [us]
Chi2:	2.5670102229524256	RelRMS:	7.022661259428746	AbsRMS:	1.1284475359952258e-06	Phi model:	0.1008353629440153
depth_vector,start_model,resistivity_model,conductivity_model,E/I[V/A],modelled_thickness,rhoa,sigma
0.0,15.7432,11.158418106239644,0.0896184378895797,0.0001311816058635,1.0,13.330870065050949,0.0750138584443684
1.0,15.7432,11.38835198306372,0.087809017624952,8.097815307128569e-05,1.0,13.724702990185612,0.0728613217142177
2.0,15.7432,11.874883881338384,0.0842113497691981,5.278127061560175e-05,1.0,14.25275732000448,0.0701618625468665
3.0,15.7432,12.66513760107348,0.0789568997588499,3.146654867118804e-05,1.0,14.893983477264143,0.0671412051400831
4.0,15.7432,13.825145332016817,0.0723319701879849,1.791101381677204e-05,1.0,15.347045030924455,0.0651591233351429
5.0,15.7432,15.439015848400516,0.0647709679049005,1.1115696450651042e-05,1.0,15.833620490442703,0.0631567493109745
6.0,15.7432,17.608839102727586,0.0567896608155787,7.372727217957736e-06,1.5,16.319202778315777,0.0612775031712183
7.5,15.7432,20.636917049089742,0.0484568502950932,4.4647562562013056e-06,1.5,16.92030857449665,0.0591005770135458
9.0,15.7432,24.691448553476352,0.0404998515107048,2.5643340600198096e-06,nan,17.405700845162947,0.0574524409499948
nan,nan,nan,nan,1.60402235031918e-06,nan,17.88170533850622,0.0559230778647612
nan,nan,nan,nan,1.0795839946364165e-06,nan,18.290161091932006,0.0546742040692638
nan,nan,nan,nan,6.642875041090936e-07,nan,18.807440118639143,0.0531704471045449
Name:	233.57214690901213_10_80_1
Lambda:	233.57214690901213	Maximal Depth:	10	Filter time:	10 to 80 [us]
Chi2:	2.644321790947969	RelRMS:	7.181452718716703	AbsRMS:	1.0397503244837437e-06	Phi model:	0.0965516770613761
depth_vector,start_model,resistivity_model,conductivity_model,E/I[V/A],modelled_thickness,rhoa,sigma
0.0,15.7432,11.09678829032797,0.0901161645907587,0.0001308889585847,1.0,13.350733164132292,0.0749022535096853
1.0,15.7432,11.350307871311744,0.0881033370493439,8.081037884028922e-05,1.0,13.743692757616731,0.0727606486579672
2.0,15.7432,11.881004914696232,0.0841679645097232,5.268375071558219e-05,1.0,14.27034021162638,0.0700754141225923
3.0,15.7432,12.727752500533873,0.0785684668175355,3.142144369837413e-05,1.0,14.908233450502015,0.0670770284970501
4.0,15.7432,13.94372707432085,0.0717168368736668,1.7896662101635087e-05,1.0,15.355248683265168,0.0651243116036176
5.0,15.7432,15.59573811371154,0.0641200815702858,1.1113621421917698e-05,1.0,15.835591296891614,0.0631488891858614
6.0,15.7432,17.76373710345344,0.0562944606856172,7.375510395916481e-06,1.5,16.315097109687237,0.0612929235588944
7.5,15.7432,20.68526132787302,0.0483436000227136,4.469819533553758e-06,1.5,16.907528282556825,0.0591452507597861
9.0,15.7432,24.46946427720836,0.040867261688742,2.5694286379041386e-06,nan,17.38268560442722,0.0575285098492093
nan,nan,nan,nan,1.6084054281163992e-06,nan,17.84920418548391,0.0560249067470057
nan,nan,nan,nan,1.0832050622573064e-06,nan,18.249376653500875,0.0547963921720123
nan,nan,nan,nan,6.670256167012336e-07,nan,18.755935664779965,0.0533164550077769
Name:	297.63514416313194_10_80_1
Lambda:	297.63514416313194	Maximal Depth:	10	Filter time:	10 to 80 [us]
Chi2:	2.7385673251117004	RelRMS:	7.367790618187215	AbsRMS:	9.261725818913232e-07	Phi model:	0.0924576621901769
depth_vector,start_model,resistivity_model,conductivity_model,E/I[V/A],modelled_thickness,rhoa,sigma
0.0,15.7432,11.07206809368128,0.0903173636161694,0.0001304987153816,1.0,13.377335927357702,0.0747532995680344
1.0,15.7432,11.342368071667297,0.0881650104882377,8.059858915737012e-05,1.0,13.767758514191463,0.0726334645519257
2.0,15.7432,11.904190271483714,0.0840040336380949,5.256762035277236e-05,1.0,14.291349471645129,0.0699723984767189
3.0,15.7432,12.789705876805275,0.0781878809123786,3.137184017504653e-05,1.0,14.92394406149788,0.0670064157222278
4.0,15.7432,14.041548112811482,0.0712172184979804,1.7882375301234306e-05,1.0,15.363426126826232,0.0650896480866263
5.0,15.7432,15.712275449600128,0.0636445054191975,1.1112957031501676e-05,1.0,15.836222446652451,0.0631463723983863
6.0,15.7432,17.863749853827294,0.055979288121623,7.380080021294981e-06,1.5,16.308361719513844,0.0613182376745694
7.5,15.7432,20.68236517697553,0.0483503695753927,4.476513981652616e-06,1.5,16.890667722338375,0.0592042905845262
9.0,15.7432,24.23279489379214,0.0412663914493897,2.57567500054551e-06,nan,17.354570646442525,0.0576217078700813
nan,nan,nan,nan,1.6136237483490098e-06,nan,17.810701555036424,0.0561460196786703
nan,nan,nan,nan,1.0874601205628895e-06,nan,18.201740951072555,0.0549397995877462
nan,nan,nan,nan,6.702013770371271e-07,nan,18.696638564885287,0.0534855501714693
Name:	379.26901907322497_10_80_1
Lambda:	379.26901907322497	Maximal Depth:	10	Filter time:	10 to 80 [us]
Chi2:	2.861162721117228	RelRMS:	7.5899949948736385	AbsRMS:	7.910157383740515e-07	Phi model:	0.0882700446097262
depth_vector,start_model,resistivity_model,conductivity_model,E/I[V/A],modelled_thickness,rhoa,sigma
0.0,15.7432,11.082215136366122,0.0902346676810591,0.000130004252393,1.0,13.411234364874398,0.0745643520046982
1.0,15.7432,11.36312901352762,0.0880039290946636,8.033888336481534e-05,1.0,13.797413253682974,0.072477353661424
2.0,15.7432,11.944151483398077,0.0837229837037785,5.243056404219596e-05,1.0,14.316244203576831,0.0698507224227256
3.0,15.7432,12.852066874781908,0.0778084964654348,3.131665847223069e-05,1.0,14.9414701328143,0.0669278184215494
4.0,15.7432,14.121046948845349,0.0708162789644834,1.786783709268357e-05,1.0,15.371758656154652,0.0650543651099812
5.0,15.7432,15.792215185061329,0.0633223387777765,1.1113692355615922e-05,1.0,15.835523915850091,0.0631491578879231
6.0,15.7432,17.913015213394672,0.0558253308048461,7.386543517530752e-06,1.5,16.2988467221305,0.0613540342484603
7.5,15.7432,20.63042995996633,0.0484720872003402,4.485000363218259e-06,1.5,16.869354324824666,0.0592790915849349
9.0,15.7432,23.97591701565757,0.0417085194008198,2.5832298700248065e-06,nan,17.320717546858038,0.0577343286901759
nan,nan,nan,nan,1.6198110530074536e-06,nan,17.76531744991805,0.0562894529084034
nan,nan,nan,nan,1.0924593744991344e-06,nan,18.14616929326478,0.0551080497397963
nan,nan,nan,nan,6.738981540670326e-07,nan,18.628200279880065,0.0536820511362055
Name:	483.2930238571752_10_80_1
Lambda:	483.2930238571752	Maximal Depth:	10	Filter time:	10 to 80 [us]
Chi2:	3.0247612553842296	RelRMS:	7.850361689228514	AbsRMS:	6.439037484260003e-07	Phi model:	0.0838466143469986
depth_vector,start_model,resistivity_model,conductivity_model,E/I[V/A],modelled_thickness,rhoa,sigma
0.0,15.7432,11.126956201470048,0.0898718375352177,0.0001293898268141,1.0,13.453657574076557,0.0743292293931183
1.0,15.7432,11.412634298149367,0.0876221890472874,8.00212005212293e-05,1.0,13.833906135962543,0.0722861634430499
2.0,15.7432,12.00149454194791,0.08332295586227,5.226586821229363e-05,1.0,14.346303197902897,0.0697043681710405
3.0,15.7432,12.91619082333233,0.0774222070328629,3.125187343611152e-05,1.0,14.962112085775477,0.0668354838051709
4.0,15.7432,14.184495443278845,0.0704995115264278,1.7850841189209367e-05,1.0,15.381514143630252,0.0650131053849543
5.0,15.7432,15.838887838635456,0.0631357460314051,1.1114519601647831e-05,1.0,15.83473815468362,0.0631522915144775
6.0,15.7432,17.915892861461273,0.0558163641484534,7.394072422609371e-06,1.5,16.287780803621388,0.0613957181801993
7.5,15.7432,20.533540281312124,0.0487008078636159,4.494814413862701e-06,1.5,16.84479016599609,0.0593655361773909
9.0,15.7432,23.69881731531728,0.0421961985146688,2.591856460668797e-06,nan,17.28226332142208,0.0578627915453908
nan,nan,nan,nan,1.6268361810528526e-06,nan,17.714136871364293,0.056452087237541
nan,nan,nan,nan,1.0981240935291143e-06,nan,18.08371033480972,0.0552983863093116
nan,nan,nan,nan,6.780751575673116e-07,nan,18.551620604252808,0.0539036465510058
Name:	615.8482110660261_10_80_1
Lambda:	615.8482110660261	Maximal Depth:	10	Filter time:	10 to 80 [us]
Chi2:	3.2514990299782744	RelRMS:	8.151609252609529	AbsRMS:	5.190744655438059e-07	Phi model:	0.0789658503162371
depth_vector,start_model,resistivity_model,conductivity_model,E/I[V/A],modelled_thickness,rhoa,sigma
0.0,15.7432,11.205485296621356,0.0892420072427846,0.0001285932069485,1.0,13.509162920179174,0.0740238315215119
1.0,15.7432,11.49142514665422,0.0870214083316858,7.960723617827003e-05,1.0,13.881822986376749,0.0720366482832531
2.0,15.7432,12.079377356639592,0.0827857240050818,5.204887464585015e-05,1.0,14.38614903437686,0.0695113054654459
3.0,15.7432,12.988787749521611,0.0769894788708693,3.116331725226305e-05,1.0,14.990443703947385,0.0667091661694225
4.0,15.7432,14.2424513640468,0.0702126322526449,1.7823921212787824e-05,1.0,15.396997673984336,0.0649477268993589
5.0,15.7432,15.865991992495978,0.0630278901232877,1.1111178962605676e-05,1.0,15.837911864953016,0.0631396366217224
6.0,15.7432,17.88708827206602,0.0559062483949209,7.400070901780893e-06,1.5,16.27897772416952,0.0614289187530057
7.5,15.7432,20.40110253644097,0.0490169586772957,4.504578259296529e-06,1.5,16.82044021339316,0.0594514761393555
9.0,15.7432,23.39560296120732,0.042743074485326,2.600896572357679e-06,nan,17.242194001303517,0.0579972595091088
nan,nan,nan,nan,1.6343612129948856e-06,nan,17.659721341675652,0.0566260350688588
nan,nan,nan,nan,1.1042683655920274e-06,nan,18.01656812281201,0.0555044663991157
nan,nan,nan,nan,6.826501377207327e-07,nan,18.4686416614424,0.0541458336964614
Name:	784.7599703514607_10_80_1
Lambda:	784.7599703514607	Maximal Depth:	10	Filter time:	10 to 80 [us]
Chi2:	3.6023362848829463	RelRMS:	8.551553664288004	AbsRMS:	5.433497498563041e-07	Phi model:	0.0730200613512979
depth_vector,start_model,resistivity_model,conductivity_model,E/I[V/A],modelled_thickness,rhoa,sigma
0.0,15.7432,11.316298103248212,0.088368120994706,0.0001275605135335,1.0,13.581975773042949,0.0736269904106858
1.0,15.7432,11.600740366175051,0.0862013947761263,7.907085330408374e-05,1.0,13.944531124713391,0.071712701635965
2.0,15.7432,12.184043283485105,0.0820745606965671,5.176768889472374e-05,1.0,14.438196002890589,0.0692607303433057
3.0,15.7432,13.081965011425064,0.0764411156219004,3.104825516085271e-05,1.0,15.0274563734197,0.0665448612959397
4.0,15.7432,14.311581796554693,0.0698734782929959,1.778840819727562e-05,1.0,15.4174833758592,0.0648614287832349
5.0,15.7432,15.890788087469344,0.0629295409702523,1.1106183134788164e-05,1.0,15.84266102428474,0.0631207092335769
6.0,15.7432,17.83762950857801,0.0560612608036906,7.407241731526708e-06,1.5,16.268469753302337,0.0614685963193932
7.5,15.7432,20.224511671506196,0.0494449515638429,4.516732119719251e-06,1.5,16.790252447798284,0.0595583659691269
9.0,15.7432,23.022176012231814,0.0434363806213927,2.6122341019675845e-06,nan,17.192268520847588,0.0581656806248335
nan,nan,nan,nan,1.6438292875294677e-06,nan,17.591845486033105,0.056844519285594
nan,nan,nan,nan,1.1120150884654586e-06,nan,17.932797129330382,0.0557637491122022
nan,nan,nan,nan,6.884278433174102e-07,nan,18.365163190137395,0.0544509182764587
Name:	1000.0_10_80_1
Lambda:	1000.0	Maximal Depth:	10	Filter time:	10.0 to 80.0 [us]
Chi2:	4.111727463123757	RelRMS:	9.059469240880937	AbsRMS:	7.940187103666161e-07	Phi model:	0.06628871219336341
depth_vector,start_model,resistivity_model,conductivity_model,E/I[V/A],modelled_thickness,rhoa,sigma
0.0,15.7432,11.462951637167087,0.08723756599981053,0.00012634700499374594,1.0,13.66880316867089,0.07315929475756996
1.0,15.7432,11.74278451433714,0.08515867755037726,7.844530390497912e-05,1.0,14.018565219646653,0.07133397636147001
2.0,15.7432,12.31494874286767,0.08120212441640573,5.144323959223391e-05,1.0,14.498839569266456,0.06897103697317435
3.0,15.7432,13.191357835015246,0.07580720745407966,3.091838681707055e-05,1.0,15.069507450140113,0.06635916955538598
4.0,15.7432,14.383497512530239,0.06952411950770987,1.7750320403761856e-05,1.0,15.439530231200141,0.06476880999780706
5.0,15.7432,15.902092492525108,0.06288480591281034,1.1102889490994027e-05,1.0,15.84579399267101,0.06310822925392817
6.0,15.7432,17.756585581203243,0.056317133461659404,7.417586692466132e-06,1.5,16.25334031973315,0.06152581440664857
7.5,15.7432,19.99994803546127,0.050000129911684364,4.5323098036957705e-06,1.5,16.75175797663413,0.059695227294641606
9.0,15.7432,22.5905505445904,0.04426629612351183,2.626351483024002e-06,nan,17.130604328129245,0.05837505676072115
nan,nan,nan,nan,1.6554827749942842e-06,nan,17.509191802410665,0.057112858850647805
nan,nan,nan,nan,1.1214948519217362e-06,nan,17.831599415273047,0.0560802189815617
nan,nan,nan,nan,6.954645161337325e-07,nan,18.241074852549158,0.054821330874603134
