Name:	10.0_10_80_1
Lambda:	10	Maximal Depth:	10	Filter time:	10 to 80 [us]
Chi2:	0.3380716499092814	RelRMS:	1.6332594161789231	AbsRMS:	7.879687935118546e-07	Phi model:	0.1344709652635141
depth_vector,start_model,resistivity_model,conductivity_model,E/I[V/A],modelled_thickness,rhoa,sigma
0.0,13.9925,10.0990490027338,0.0990192244566098,0.0001680999053098,1.0,11.50226564086299,0.0869393936136717
1.0,13.9925,10.22354079949194,0.0978134698743213,0.0001038514965649,1.0,11.835708901111632,0.0844900806833867
2.0,13.9925,10.481569362633566,0.0954055605036556,6.770152814863181e-05,1.0,12.289693495266174,0.081368994302843
3.0,13.9925,10.977755310812006,0.0910933038391827,4.0313029804449577e-05,1.0,12.852903011658697,0.0778034346865384
4.0,13.9925,11.786815755484476,0.0848405558163318,2.286153027021169e-05,1.0,13.276673145047376,0.0753200737168883
5.0,13.9925,13.040777113950396,0.0766825466965652,1.4132779534111628e-05,1.0,13.733277927751397,0.0728158277478138
6.0,13.9925,14.927916851330144,0.0669885832001332,9.339796514348142e-06,1.5,14.188855141643849,0.0704778496938087
7.5,13.9925,18.078182306532327,0.0553152956997597,5.626100452798501e-06,1.5,14.76351293575919,0.0677345564264631
9.0,13.9925,23.15948472784156,0.0431788535777669,3.2099078965610664e-06,nan,15.25459855428545,0.0655540030398945
nan,nan,nan,nan,1.995962510231067e-06,nan,15.733869350927655,0.0635571567105354
nan,nan,nan,nan,1.3367695560022111e-06,nan,16.14626364665237,0.0619338332312771
nan,nan,nan,nan,8.17404338524806e-07,nan,16.6723582027071,0.0599795174648796
Name:	12.742749857031335_10_80_1
Lambda:	12.742749857031336	Maximal Depth:	10	Filter time:	10 to 80 [us]
Chi2:	0.3459751895178768	RelRMS:	1.653873128471032	AbsRMS:	8.026694023920854e-07	Phi model:	0.1300067776235853
depth_vector,start_model,resistivity_model,conductivity_model,E/I[V/A],modelled_thickness,rhoa,sigma
0.0,13.9925,9.975150453601966,0.1002491145022184,0.0001682782260953,1.0,11.49413840415477,0.0870008664275811
1.0,13.9925,10.139894378684923,0.0986203566481028,0.0001039115820806,1.0,11.83114589852922,0.0845226665765582
2.0,13.9925,10.474054956202226,0.0954740073621485,6.77121718099648e-05,1.0,12.288405585386045,0.0813775223361155
3.0,13.9925,10.998276000635238,0.0909233410711135,4.03042091343498e-05,1.0,12.854778201783471,0.0777920851144098
4.0,13.9925,11.867760217908245,0.0842618979182792,2.285460028465189e-05,1.0,13.27935684994454,0.0753048518312975
5.0,13.9925,13.181196859080831,0.0758656448796663,1.4128207056304988e-05,1.0,13.736240876108887,0.0728001211553647
6.0,13.9925,15.115027181398254,0.0661593252859431,9.3366077204581e-06,1.5,14.19208563397666,0.0704618070797109
7.5,13.9925,18.22988303033793,0.0548549871842739,5.624582855379274e-06,1.5,14.76616842889106,0.0677223752942861
9.0,13.9925,23.07973437458984,0.0433280549840717,3.209833593628094e-06,nan,15.25483396774389,0.0655529914068212
nan,nan,nan,nan,1.9963737190202645e-06,nan,15.731708724242903,0.0635658857870269
nan,nan,nan,nan,1.337281911892922e-06,nan,16.142139279874808,0.0619496575182416
nan,nan,nan,nan,8.179265425292144e-07,nan,16.66526115225489,0.06000506027862
Name:	16.237767391887218_10_80_1
Lambda:	16.237767391887218	Maximal Depth:	10	Filter time:	10 to 80 [us]
Chi2:	0.356809482796742	RelRMS:	1.6808550541907588	AbsRMS:	8.210737769232046e-07	Phi model:	0.126305883599526
depth_vector,start_model,resistivity_model,conductivity_model,E/I[V/A],modelled_thickness,rhoa,sigma
0.0,13.9925,9.908860938965306,0.1009197733381876,0.0001684457307893,1.0,11.4865171904335,0.0870585908174887
1.0,13.9925,10.07360477098987,0.0992693303672004,0.0001039716045196,1.0,11.826592074560512,0.0845552119913767
2.0,13.9925,10.412744998530496,0.096036155705448,6.772656457544139e-05,1.0,12.286664560962423,0.08138905355789
3.0,13.9925,11.00703924861387,0.0908509525053189,4.029967168724388e-05,1.0,12.855743086098297,0.0777862464505347
4.0,13.9925,11.934014051485809,0.0837941027793157,2.2850431964424225e-05,1.0,13.280971726171217,0.0752956952712594
5.0,13.9925,13.31188075647819,0.0751208652100758,1.4125459566636324e-05,1.0,13.738022007848173,0.0727906826345689
6.0,13.9925,15.298262085590215,0.0653669020968024,9.334715092417598e-06,1.5,14.194003880820285,0.0704522845277825
7.5,13.9925,18.3800231237953,0.054406895642333,5.6238566787863424e-06,1.5,14.76743951570837,0.067716546185023
9.0,13.9925,23.003887181341387,0.0434709139423665,3.21015433094878e-06,nan,15.25381784296204,0.0655573581837015
nan,nan,nan,nan,1.996999812307002e-06,nan,15.728420447533257,0.0635791752474949
nan,nan,nan,nan,1.3379252176789107e-06,nan,16.13696451932801,0.0619695233761128
nan,nan,nan,nan,8.185158998421585e-07,nan,16.657260515510266,0.0600338812657014
Name:	20.6913808111479_10_80_1
Lambda:	20.6913808111479	Maximal Depth:	10	Filter time:	10 to 80 [us]
Chi2:	0.3716444848875778	RelRMS:	1.7163091733606757	AbsRMS:	8.473052408834605e-07	Phi model:	0.1228018483843967
depth_vector,start_model,resistivity_model,conductivity_model,E/I[V/A],modelled_thickness,rhoa,sigma
0.0,13.9925,9.820167394025423,0.1018312580504888,0.0001686416585827,1.0,11.4776187802847,0.0871260859192951
1.0,13.9925,9.982133956892412,0.1001789801978689,0.0001040446706212,1.0,11.821054554674271,0.084594821500471
2.0,13.9925,10.375193803253412,0.0963837417366048,6.774695796802928e-05,1.0,12.284198724815232,0.081405390974334
3.0,13.9925,11.029846254271156,0.0906630951100305,4.029747496990125e-05,1.0,12.85621028124705,0.0777834196955123
4.0,13.9925,12.024315800493522,0.0831648150790381,2.284755409559896e-05,1.0,13.28208694670361,0.0752893731243178
5.0,13.9925,13.463357419910349,0.0742756779613638,1.4123536507029314e-05,1.0,13.739269024872602,0.0727840759351658
6.0,13.9925,15.487087479877488,0.0645699200252667,9.333363625554413e-06,1.5,14.195374038015377,0.0704454843755429
7.5,13.9925,18.52026607107355,0.0539949046175897,5.623495647005146e-06,1.5,14.76807156124026,0.0677136480449189
9.0,13.9925,22.92202129173302,0.0436261701039714,3.210752235064143e-06,nan,15.251924080403752,0.0655654981449086
nan,nan,nan,nan,1.997834801805992e-06,nan,15.724037709151055,0.063596896579434
nan,nan,nan,nan,1.3387253187966323e-06,nan,16.130534278266307,0.0619942267719776
nan,nan,nan,nan,8.192159136447885e-07,nan,16.647770161526896,0.0600681046348781
Name:	26.366508987303583_10_80_1
Lambda:	26.366508987303583	Maximal Depth:	10	Filter time:	10 to 80 [us]
Chi2:	0.3899396739436115	RelRMS:	1.7587220140396895	AbsRMS:	8.786328351040878e-07	Phi model:	0.1197936939823341
depth_vector,start_model,resistivity_model,conductivity_model,E/I[V/A],modelled_thickness,rhoa,sigma
0.0,13.9925,9.704091228459625,0.1030493197618809,0.0001688418526836,1.0,11.468544387711413,0.0871950237269433
1.0,13.9925,9.911521695404634,0.1008926813390963,0.0001041216592752,1.0,11.815226761322805,0.084636547414689
2.0,13.9925,10.349537820747182,0.0966226721733749,6.777075336889447e-05,1.0,12.281323103432428,0.0814244517124149
3.0,13.9925,11.06323572841599,0.0903894687366638,4.0297916170982575e-05,1.0,12.856116443736044,0.0777839874410312
4.0,13.9925,12.12005190374946,0.0825078974860363,2.284647118423392e-05,1.0,13.282506652929143,0.0752869940990749
5.0,13.9925,13.613020549999764,0.0734590825252237,1.4122864950459565e-05,1.0,13.73970456555022,0.0727817687221103
6.0,13.9925,15.66591295116132,0.0638328582009559,9.332911968547952e-06,1.5,14.195832015007891,0.0704432117076896
7.5,13.9925,18.646803702510287,0.0536284939742985,5.623719832691351e-06,1.5,14.767679079353677,0.0677154476764107
9.0,13.9925,22.839851932911547,0.0437831209649406,3.211697616439164e-06,nan,15.248930940086998,0.0655783676855116
nan,nan,nan,nan,1.998890577481519e-06,nan,15.718500464822334,0.0636193002149269
nan,nan,nan,nan,1.339675167734806e-06,nan,16.122908856655734,0.0620235472947667
nan,nan,nan,nan,8.200079741386511e-07,nan,16.637048180638846,0.0601068163740571
Name:	33.59818286283781_10_80_1
Lambda:	33.59818286283781	Maximal Depth:	10	Filter time:	10 to 80 [us]
Chi2:	0.4089982491472164	RelRMS:	1.802520852677588	AbsRMS:	9.064308601366652e-07	Phi model:	0.1174674350755558
depth_vector,start_model,resistivity_model,conductivity_model,E/I[V/A],modelled_thickness,rhoa,sigma
0.0,13.9925,9.62296731952686,0.1039180500977912,0.0001690034896797,1.0,11.461230784568384,0.0872506643306073
1.0,13.9925,9.848887259358074,0.1015343128280643,0.0001041840897674,1.0,11.810506244579647,0.0846703756207692
2.0,13.9925,10.32285998685684,0.0968723785145985,6.77904913021093e-05,1.0,12.27893909455102,0.0814402606202164
3.0,13.9925,11.08569269764244,0.0902063612328589,4.0299068025872656e-05,1.0,12.855871467828608,0.0777854696589388
4.0,13.9925,12.197604488994047,0.0819833108133899,2.284654295476074e-05,1.0,13.28247883564986,0.0752871517714015
5.0,13.9925,13.740870321871316,0.0727755940181097,1.4123223796856384e-05,1.0,13.739471830001696,0.0727830015864501
6.0,13.9925,15.823356339291523,0.0631977172578023,9.333342898225571e-06,1.5,14.195395054570753,0.0704453800796485
7.5,13.9925,18.758595828824912,0.0533088941797752,5.624549119640007e-06,1.5,14.766227473281347,0.067722104498894
9.0,13.9925,22.76313266690863,0.0439306845254092,3.212945948726952e-06,nan,15.24498088593552,0.0655953593830061
nan,nan,nan,nan,2.0001091955068045e-06,nan,15.71211521556887,0.0636451544734802
nan,nan,nan,nan,1.3407241348744502e-06,nan,16.11449817407106,0.0620559194085884
nan,nan,nan,nan,8.208484165720383e-07,nan,16.62569012060977,0.0601478791403892
Name:	42.81332398719393_10_80_1
Lambda:	42.81332398719393	Maximal Depth:	10	Filter time:	10 to 80 [us]
Chi2:	0.4286614298451471	RelRMS:	1.847609203314437	AbsRMS:	9.292773979033344e-07	Phi model:	0.1155589152185816
depth_vector,start_model,resistivity_model,conductivity_model,E/I[V/A],modelled_thickness,rhoa,sigma
0.0,13.9925,9.553812199521662,0.1046702592761942,0.0001691308156404,1.0,11.455477859422055,0.0872944814936294
1.0,13.9925,9.795837345664946,0.1020841776678274,0.000104232126698,1.0,11.806877267127806,0.0846964000196865
2.0,13.9925,10.30122054239826,0.0970758752212082,6.780492491636202e-05,1.0,12.277196489974392,0.0814518201135417
3.0,13.9925,11.107123876696564,0.0900323081925882,4.029953494325616e-05,1.0,12.855772167402964,0.0777860704886786
4.0,13.9925,12.267360349029929,0.0815171293210668,2.284698161336899e-05,1.0,13.28230882070949,0.0752881154548087
5.0,13.9925,13.85436450134702,0.0721794204203861,1.4124159273817069e-05,1.0,13.738865157845884,0.0727862154924002
6.0,13.9925,15.961378241701192,0.0626512312945112,9.334368394850088e-06,1.5,14.194355341568937,0.0704505400869771
7.5,13.9925,18.853045287568577,0.0530418287733804,5.625843945566535e-06,1.5,14.763961688467486,0.0677324976250193
9.0,13.9925,22.68836990574772,0.0440754450035067,3.214464323131227e-06,nan,15.240179793301929,0.0656160237977967
nan,nan,nan,nan,2.001495529725966e-06,nan,15.704859055360986,0.0636745606232385
nan,nan,nan,nan,1.3418879142154623e-06,nan,16.105179744581076,0.0620918248575568
nan,nan,nan,nan,8.217574796447078e-07,nan,16.61342649516478,0.0601922788348955
Name:	54.5559478116852_10_80_1
Lambda:	54.5559478116852	Maximal Depth:	10	Filter time:	10 to 80 [us]
Chi2:	0.448094912568354	RelRMS:	1.892722474602612	AbsRMS:	9.434651359435718e-07	Phi model:	0.1139410884963364
depth_vector,start_model,resistivity_model,conductivity_model,E/I[V/A],modelled_thickness,rhoa,sigma
0.0,13.9925,9.49717072862493,0.1052945165012093,0.0001692132199132,1.0,11.451758461463925,0.0873228337259364
1.0,13.9925,9.752848510428072,0.1025341467091144,0.000104259964099,1.0,11.804775550153504,0.0847114793289734
2.0,13.9925,10.284917987087308,0.0972297495473953,6.781075472323979e-05,1.0,12.276492818799904,0.081456488816466
3.0,13.9925,11.127487410845625,0.089867547189973,4.0297698797381936e-05,1.0,12.856162675950996,0.0777837077210154
4.0,13.9925,12.328787195403226,0.08111097905663,2.2847042118414693e-05,1.0,13.282285370640906,0.0752882483770748
5.0,13.9925,13.952452174907975,0.0716719890857891,1.4125307146661636e-05,1.0,13.738120834971204,0.0727901590044571
6.0,13.9925,16.078591414975893,0.0621945028759535,9.335807737872097e-06,1.5,14.192896366127243,0.0704577821329407
7.5,13.9925,18.928955754066628,0.0528291160374847,5.62753861040826e-06,1.5,14.76099754796232,0.0677460989171456
9.0,13.9925,22.61432867656749,0.0442197517468727,3.216237602567993e-06,nan,15.234577474738137,0.0656401532407572
nan,nan,nan,nan,2.00305239056522e-06,nan,15.69672032716614,0.0637075757965382
nan,nan,nan,nan,1.3431755995046178e-06,nan,16.09488487915736,0.0621315410149335
nan,nan,nan,nan,8.227459330959858e-07,nan,16.60011749496111,0.0602405374723128
Name:	69.51927961775606_10_80_1
Lambda:	69.51927961775606	Maximal Depth:	10	Filter time:	10 to 80 [us]
Chi2:	0.4317297234932495	RelRMS:	1.870213083141679	AbsRMS:	8.930075544037882e-07	Phi model:	0.1123384455738673
depth_vector,start_model,resistivity_model,conductivity_model,E/I[V/A],modelled_thickness,rhoa,sigma
0.0,13.9925,9.460549509622147,0.1057021052511715,0.000169050012795,1.0,11.459127909357894,0.0872666757810921
1.0,13.9925,9.727469261362474,0.1028016612678491,0.0001041463773697,1.0,11.813357203922186,0.084649941819078
2.0,13.9925,10.2815562269762,0.0972615407554989,6.773088438833941e-05,1.0,12.286142134039755,0.0813925143539906
3.0,13.9925,11.154385970027713,0.0896508335543561,4.02492181729507e-05,1.0,12.866484197146349,0.077721309463994
4.0,13.9925,12.389354936397734,0.0807144524580676,2.282255727432434e-05,1.0,13.29178347551928,0.0752344485479915
5.0,13.9925,14.04228143660766,0.0712134993529641,1.41122966367853e-05,1.0,13.746563236112491,0.0727454551966109
6.0,13.9925,16.181554540641727,0.0617987596610938,9.32851536593493e-06,1.5,14.200292069514813,0.0704210867709404
7.5,13.9925,18.991786171394214,0.0526543417757208,5.624393629391165e-06,1.5,14.766499620402923,0.067720856378061
9.0,13.9925,22.543796308741168,0.0443581012844876,3.21543496445548e-06,nan,15.237112610000947,0.0656292320989769
nan,nan,nan,nan,2.0031065888869207e-06,nan,15.696437187054633,0.0637087249853573
nan,nan,nan,nan,1.3435166253657007e-06,nan,16.092161179229016,0.0621420571707143
nan,nan,nan,nan,8.231964539519127e-07,nan,16.59406030862578,0.060262526554769
Name:	88.58667904100822_10_80_1
Lambda:	88.58667904100822	Maximal Depth:	10	Filter time:	10 to 80 [us]
Chi2:	0.4491356884545808	RelRMS:	1.9154418791139	AbsRMS:	8.809343890301153e-07	Phi model:	0.1109160318260767
depth_vector,start_model,resistivity_model,conductivity_model,E/I[V/A],modelled_thickness,rhoa,sigma
0.0,13.9925,9.428369571517443,0.1060628767693771,0.0001690139106052,1.0,11.460759668077973,0.0872542509363783
1.0,13.9925,9.70445505250855,0.1030454564001,0.0001041175800632,1.0,11.815535364344711,0.0846343368424643
2.0,13.9925,10.276447771183191,0.0973098897854724,6.770998288923963e-05,1.0,12.288670422756562,0.0813757685410919
3.0,13.9925,11.173731862971383,0.0894956145595276,4.023800281544666e-05,1.0,12.86887489760153,0.0777068708769853
4.0,13.9925,12.43550221327408,0.0804149267837824,2.2819752247458483e-05,1.0,13.29287267945554,0.0752282839168033
5.0,13.9925,14.11076525584226,0.0708678786634886,1.4112917621819516e-05,1.0,13.746159989816036,0.0727475891987914
6.0,13.9925,16.257771109071534,0.0615090465532522,9.330371564885638e-06,1.5,14.198408654611676,0.0704304281082371
7.5,13.9925,19.0295806703072,0.0525497654060422,5.626810584091632e-06,1.5,14.762270757452232,0.0677402559829885
9.0,13.9925,22.46433640157129,0.0445150028972168,3.2177767942573843e-06,nan,15.229718881084786,0.0656610938000959
nan,nan,nan,nan,2.005097734893763e-06,nan,15.686043986861195,0.063750936873415
nan,nan,nan,nan,1.3451470702289298e-06,nan,16.079155074873697,0.0621923226278638
nan,nan,nan,nan,8.244261722082255e-07,nan,16.577555014062167,0.0603225264010123
Name:	112.88378916846884_10_80_1
Lambda:	112.88378916846884	Maximal Depth:	10	Filter time:	10 to 80 [us]
Chi2:	0.4353294205551697	RelRMS:	1.902795414433927	AbsRMS:	8.072079197616532e-07	Phi model:	0.109273537115173
depth_vector,start_model,resistivity_model,conductivity_model,E/I[V/A],modelled_thickness,rhoa,sigma
0.0,13.9925,9.414548456537856,0.1062185833570762,0.0001687231748251,1.0,11.47392164854225,0.0871541597224562
1.0,13.9925,9.697966041370286,0.1031144051994127,0.0001039423676745,1.0,11.828809688294688,0.0845393599484113
2.0,13.9925,10.284228240547662,0.0972362705892987,6.760062499641059e-05,1.0,12.30191981736248,0.0812881253370418
3.0,13.9925,11.200767298841471,0.0892795978453577,4.0179015032144e-05,1.0,12.881467221904016,0.0776309082477477
4.0,13.9925,12.48299333758002,0.0801089909252376,2.279218679534793e-05,1.0,13.303588346416008,0.0751676896458841
5.0,13.9925,14.173764506724345,0.0705528866043723,1.4099505067576942e-05,1.0,13.754876224727967,0.0727014902687557
6.0,13.9925,16.322267206241186,0.0612659986118611,9.32373762176382e-06,1.5,14.205142740095212,0.0703970398817194
7.5,13.9925,19.054468999219903,0.0524811266081957,5.624662638666794e-06,1.5,14.766028794294623,0.0677230157093006
9.0,13.9925,22.381798540851005,0.0446791618723049,3.217783019177943e-06,nan,15.229699239441214,0.0656611784827794
nan,nan,nan,nan,2.0057818426112786e-06,nan,15.682477113797912,0.0637654365916574
nan,nan,nan,nan,1.3459880693607968e-06,nan,16.07245666778272,0.062218242093911
nan,nan,nan,nan,8.252340845422239e-07,nan,16.56673352093398,0.0603619294495432
Name:	143.8449888287663_10_80_1
Lambda:	143.8449888287663	Maximal Depth:	10	Filter time:	10 to 80 [us]
Chi2:	0.4276280862854178	RelRMS:	1.904453351362052	AbsRMS:	7.289387581197892e-07	Phi model:	0.1074615040524441
depth_vector,start_model,resistivity_model,conductivity_model,E/I[V/A],modelled_thickness,rhoa,sigma
0.0,13.9925,9.41183610729799,0.1062491939510713,0.0001683591973809,1.0,11.490452753491384,0.0870287726213529
1.0,13.9925,9.700858855616996,0.1030836562910076,0.0001037313543081,1.0,11.844845929100568,0.0844249056497381
2.0,13.9925,10.297921286527624,0.0971069764641007,6.747391194008712e-05,1.0,12.317316645788916,0.0811865139751751
3.0,13.9925,11.228668779270985,0.0890577520503659,4.011377989124897e-05,1.0,12.895429119496676,0.0775468571641477
4.0,13.9925,12.525100568126906,0.0798396782972535,2.276290783808615e-05,1.0,13.314993794328522,0.0751033019952248
5.0,13.9925,14.224599301800817,0.0703007500445654,1.4086015699191838e-05,1.0,13.763656327150692,0.0726551125827926
6.0,13.9925,16.3684157867302,0.0610932672428015,9.317657861551993e-06,1.5,14.2113212936608,0.0703664338688948
7.5,13.9925,19.05962129410028,0.052466939640062,5.623261157443035e-06,1.5,14.76848211002676,0.0677117656743525
9.0,13.9925,22.28812877082457,0.0448669338858546,3.2184042219166056e-06,nan,15.227739461738702,0.0656696289368888
nan,nan,nan,nan,2.006949925345926e-06,nan,15.676391524939255,0.0637901903897411
nan,nan,nan,nan,1.3472140416616664e-06,nan,16.062704504776438,0.0622560167064418
nan,nan,nan,nan,8.263196786749288e-07,nan,16.55222042191205,0.0604148551982903
Name:	183.29807108324357_10_80_1
Lambda:	183.2980710832436	Maximal Depth:	10	Filter time:	10 to 80 [us]
Chi2:	0.429766900332684	RelRMS:	1.9280707150551937	AbsRMS:	6.573823830577682e-07	Phi model:	0.1053813024286616
depth_vector,start_model,resistivity_model,conductivity_model,E/I[V/A],modelled_thickness,rhoa,sigma
0.0,13.9925,9.420629407999586,0.1061500199923843,0.0001679110579179,1.0,11.5108883245174,0.0868742682413197
1.0,13.9925,9.71360837735494,0.1029483546332042,0.0001034788055399,1.0,11.864110329875214,0.0842878203418155
2.0,13.9925,10.318125378707949,0.0969168296853184,6.732681786384819e-05,1.0,12.335250512061355,0.0810684792353592
3.0,13.9925,11.258151410404524,0.0888245293162271,4.004107900916449e-05,1.0,12.911033520851689,0.0774531332743402
4.0,13.9925,12.562571251783636,0.0796015385670365,2.2731594437962327e-05,1.0,13.327218836853907,0.0750344098226022
5.0,13.9925,14.263870535390415,0.0701071982894738,1.407246685441274e-05,1.0,13.772489260001633,0.07260851550665
6.0,13.9925,16.39634311432729,0.0609892091808075,9.312277029811773e-06,1.5,14.2167951690709,0.0703393407661617
7.5,13.9925,19.043889277141982,0.052510282193264,5.622796023709602e-06,1.5,14.76929655945574,0.0677080317247587
9.0,13.9925,22.1791422963985,0.0450874062953454,3.219809613631841e-06,nan,15.223308041125104,0.0656887450019761
nan,nan,nan,nan,2.00874070549845e-06,nan,15.667073201431084,0.063828130956116
nan,nan,nan,nan,1.348937166952724e-06,nan,16.049022647664845,0.0623090902140076
nan,nan,nan,nan,8.27765979651303e-07,nan,16.532934399951284,0.060485330420409
Name:	233.57214690901213_10_80_1
Lambda:	233.57214690901213	Maximal Depth:	10	Filter time:	10 to 80 [us]
Chi2:	0.4469322785074645	RelRMS:	1.9830561457029448	AbsRMS:	6.160341709548912e-07	Phi model:	0.1029345436296042
depth_vector,start_model,resistivity_model,conductivity_model,E/I[V/A],modelled_thickness,rhoa,sigma
0.0,13.9925,9.441736103013609,0.1059127250634362,0.0001673634150238,1.0,11.5359851008719,0.0866852714576078
1.0,13.9925,9.73706438068375,0.1027003582295076,0.0001031765411949,1.0,11.88727030280114,0.0841236023516986
2.0,13.9925,10.345757560678432,0.0966579773530305,6.715491132568508e-05,1.0,12.356292473109306,0.0809304248969725
3.0,13.9925,11.290166343766291,0.0885726542507618,3.995899679653993e-05,1.0,12.928708367447888,0.077347247039605
4.0,13.9925,12.596281477150162,0.0793885085700898,2.269760502748508e-05,1.0,13.340520426153866,0.0749595943828036
5.0,13.9925,14.2921674952306,0.0699683935507827,1.4058719805108652e-05,1.0,13.781465906964984,0.0725612214804095
6.0,13.9925,16.406000973920914,0.0609533061463062,9.307662809896292e-06,1.5,14.22149337683428,0.0703161034852305
7.5,13.9925,19.005719950468656,0.0526157389778513,5.623429890239295e-06,1.5,14.768186686558211,0.0677131201835486
9.0,13.9925,22.0502944704306,0.0453508682771106,3.2221633189215155e-06,nan,15.215893655028694,0.065720753750767
nan,nan,nan,nan,2.0112954901245546e-06,nan,15.653803320944716,0.0638822386801043
nan,nan,nan,nan,1.3512747294580189e-06,nan,16.030508564910406,0.0623810527252345
nan,nan,nan,nan,8.296616193252243e-07,nan,16.507741451871606,0.0605776388560182
Name:	297.63514416313194_10_80_1
Lambda:	297.63514416313194	Maximal Depth:	10	Filter time:	10 to 80 [us]
Chi2:	0.4732293897643244	RelRMS:	2.052471256692761	AbsRMS:	6.559971913955169e-07	Phi model:	0.0999143041569393
depth_vector,start_model,resistivity_model,conductivity_model,E/I[V/A],modelled_thickness,rhoa,sigma
0.0,13.9925,9.479577710029886,0.1054899311539951,0.000166564760757,1.0,11.572831296563349,0.0864092782806709
1.0,13.9925,9.77624318262665,0.1022887812137385,0.0001027331002106,1.0,11.921452845602357,0.0838823936101785
2.0,13.9925,10.386961459236648,0.0962745461148068,6.690017106420208e-05,1.0,12.387639188824204,0.0807256317977176
3.0,13.9925,11.332284186874954,0.0882434629691161,3.983441414181451e-05,1.0,12.955650806257818,0.0771863964963444
4.0,13.9925,12.63512200057739,0.0791444672995086,2.2643173804690363e-05,1.0,13.361891111835634,0.0748397058193525
5.0,13.9925,14.319026855690408,0.0698371481580536,1.4034394977165605e-05,1.0,13.797385606299745,0.072477498892501
6.0,13.9925,16.40619804594599,0.0609525739723166,9.297327753109649e-06,1.5,14.232030650060574,0.0702640420462939
7.5,13.9925,18.95015636263617,0.0527700131262077,5.621548788002056e-06,1.5,14.771481024229338,0.0676980187944405
9.0,13.9925,21.89884944149304,0.045664499528694,3.223585406351324e-06,nan,15.21141832303121,0.0657400893699653
nan,nan,nan,nan,2.0135457568577613e-06,nan,15.642138393679293,0.0639298780532514
nan,nan,nan,nan,1.3535685063126847e-06,nan,16.012393090911576,0.0624516269568467
nan,nan,nan,nan,8.316475483262061e-07,nan,16.481451257313964,0.0606742685694156
Name:	379.26901907322497_10_80_1
Lambda:	379.26901907322497	Maximal Depth:	10	Filter time:	10 to 80 [us]
Chi2:	0.534553999665969	RelRMS:	2.1770532310756714	AbsRMS:	8.475321678300731e-07	Phi model:	0.0962705411578413
depth_vector,start_model,resistivity_model,conductivity_model,E/I[V/A],modelled_thickness,rhoa,sigma
0.0,13.9925,9.533652154882637,0.1048915970243211,0.0001655438655706,1.0,11.62036164977163,0.0860558414737163
1.0,13.9925,9.83069231856187,0.101722235585773,0.000102167293074,1.0,11.965426686678054,0.0835741195183093
2.0,13.9925,10.441354791821963,0.095773012213246,6.657557436085465e-05,1.0,12.427871425942664,0.0804643020294321
3.0,13.9925,11.384144843084666,0.0878414684443735,3.967562569909137e-05,1.0,12.9901949006143,0.0769811390553278
4.0,13.9925,12.678607965746451,0.078873012139951,2.2573348455336663e-05,1.0,13.389431506054333,0.0746857698586999
5.0,13.9925,14.343569608321747,0.0697176523910636,1.4002812590474742e-05,1.0,13.818123855673742,0.0723687246144778
6.0,13.9925,16.39524829532462,0.0609932818330764,9.283590305040687e-06,1.5,14.246067144487512,0.0701948116527688
7.5,13.9925,18.87384420641965,0.0529833768395664,5.618644589763382e-06,1.5,14.776570699465877,0.0676747007366294
9.0,13.9925,21.71849469240358,0.0460437067192215,3.224983116350039e-06,nan,15.20702291241356,0.0657590907674437
nan,nan,nan,nan,2.016086805738492e-06,nan,15.628992202966897,0.0639836521135487
nan,nan,nan,nan,1.3562353676485453e-06,nan,15.991395339722429,0.0625336300401511
nan,nan,nan,nan,8.33992377487169e-07,nan,16.450544244529883,0.0607882623903169
Name:	483.2930238571752_10_80_1
Lambda:	483.2930238571752	Maximal Depth:	10	Filter time:	10 to 80 [us]
Chi2:	0.6615201955015161	RelRMS:	2.3999498039576204	AbsRMS:	1.1493554635515257e-06	Phi model:	0.0920197810443639
depth_vector,start_model,resistivity_model,conductivity_model,E/I[V/A],modelled_thickness,rhoa,sigma
0.0,13.9925,9.602696239833245,0.1041374188065919,0.000164421323512,1.0,11.673191564532486,0.0856663744847958
1.0,13.9925,9.898424984322672,0.1010261735158695,0.0001015553029466,1.0,12.013449046576586,0.0832400417334741
2.0,13.9925,10.505525011562447,0.0951880081099605,6.623178475485541e-05,1.0,12.470840575987364,0.0801870566708632
3.0,13.9925,11.44036791876142,0.0874097762502959,3.95133940334861e-05,1.0,13.02572684356498,0.0767711477455113
4.0,13.9925,12.719154372929374,0.0786215789729178,2.250574452165605e-05,1.0,13.416231350343956,0.074536579899866
5.0,13.9925,14.356201066785388,0.0696563105621031,1.3974942420548455e-05,1.0,13.836489372879718,0.0722726678025753
6.0,13.9925,16.362240636657617,0.0611163239929145,9.273751430556144e-06,1.5,14.25614149212851,0.0701452072815177
7.5,13.9925,18.766237829273727,0.0532871856947312,5.619141960340129e-06,1.5,14.77569873479368,0.0676786944528862
9.0,13.9925,21.5007825500868,0.0465099350533156,3.2288831798162744e-06,nan,15.194775065497344,0.0658120963087299
nan,nan,nan,nan,2.0204910706478807e-06,nan,15.606271900082378,0.0640768023524389
nan,nan,nan,nan,1.3603301850372862e-06,nan,15.959288066401207,0.0626594366765821
nan,nan,nan,nan,8.373418409384572e-07,nan,16.40664556883635,0.0609509113733433
Name:	615.8482110660261_10_80_1
Lambda:	615.8482110660261	Maximal Depth:	10	Filter time:	10 to 80 [us]
Chi2:	0.8736678191661853	RelRMS:	2.7245456058495767	AbsRMS:	1.5315567856372336e-06	Phi model:	0.0870630892652613
depth_vector,start_model,resistivity_model,conductivity_model,E/I[V/A],modelled_thickness,rhoa,sigma
0.0,13.9925,9.690003849098447,0.1031991334134546,0.0001631630886328,1.0,11.73312670472559,0.0852287736394463
1.0,13.9925,9.982524240962428,0.1001750635271774,0.0001008788180779,1.0,12.067096651041382,0.0828699751827794
2.0,13.9925,10.582122626906694,0.0944989994216608,6.585870510595377e-05,1.0,12.517893177566886,0.0798856473541477
3.0,13.9925,11.502944664751324,0.0869342615429871,3.93431224367931e-05,1.0,13.063282150781117,0.0765504402689645
4.0,13.9925,12.757866158355652,0.0783830138667083,2.2438569328623123e-05,1.0,13.44299446037044,0.0743881880594365
5.0,13.9925,14.356908431211284,0.0696528785978772,1.3950144732057766e-05,1.0,13.852881622447558,0.0721871468517838
6.0,13.9925,16.30578544952556,0.0613279257902351,9.267679784541305e-06,1.5,14.262367343554647,0.0701145872849722
7.5,13.9925,18.62416096918375,0.0536936939953772,5.623182003253912e-06,1.5,14.768620701128478,0.0677111302563
9.0,13.9925,21.24007267016224,0.0470808182028861,3.235492172025983e-06,nan,15.174076232321084,0.0659018700505787
nan,nan,nan,nan,2.026956880010408e-06,nan,15.57306583187059,0.0642134317542972
nan,nan,nan,nan,1.3660266541236251e-06,nan,15.914889277493756,0.0628342417319964
nan,nan,nan,nan,8.418327088864943e-07,nan,16.348244619653144,0.0611686467425281
Name:	784.7599703514607_10_80_1
Lambda:	784.7599703514607	Maximal Depth:	10	Filter time:	10 to 80 [us]
Chi2:	1.2487210921481977	RelRMS:	3.2068333259040536	AbsRMS:	2.068476953333101e-06	Phi model:	0.0805629472441313
depth_vector,start_model,resistivity_model,conductivity_model,E/I[V/A],modelled_thickness,rhoa,sigma
0.0,13.9925,9.792668817770076,0.1021172081491584,0.000161493192917,1.0,11.81387101905072,0.0846462601790241
1.0,13.9925,10.086124979214958,0.0991461043820848,9.997639089587762e-05,1.0,12.139602828905366,0.0823750178728187
2.0,13.9925,10.685263280602635,0.0935868376603633,6.535815648106349e-05,1.0,12.581724470807735,0.0794803607661423
3.0,13.9925,11.598732215201291,0.0862163192878442,3.911299380272653e-05,1.0,13.1144722150896,0.0762516389221819
4.0,13.9925,12.83155515107206,0.0779328762746619,2.2347445359682297e-05,1.0,13.479513116802432,0.074186655803872
5.0,13.9925,14.384727836492582,0.069518173118514,1.3916344891484136e-05,1.0,13.8753030202941,0.0720704981028085
6.0,13.9925,16.255046421627334,0.0615193567623098,9.259241126238971e-06,1.5,14.27103162239832,0.0700720190704717
7.5,13.9925,18.446723610028144,0.0542101687616966,5.628545406423013e-06,1.5,14.759237264086035,0.0677541787632428
9.0,13.9925,20.88685777901713,0.0478769956965282,3.244476251638277e-06,nan,15.146051554725082,0.0660238080127247
nan,nan,nan,nan,2.035792522098728e-06,nan,15.527973561235898,0.064399903571217
nan,nan,nan,nan,1.3738257191692375e-06,nan,15.854600703062037,0.0630731747035967
nan,nan,nan,nan,8.479955960101485e-07,nan,16.26894010400318,0.0614668192031721
Name:	1000.0_10_80_1
Lambda:	1000.0	Maximal Depth:	10	Filter time:	10.0 to 80.0 [us]
Chi2:	1.7250206948050595	RelRMS:	3.7331110790150155	AbsRMS:	2.5747092296421564e-06	Phi model:	0.07430736901729319
depth_vector,start_model,resistivity_model,conductivity_model,E/I[V/A],modelled_thickness,rhoa,sigma
0.0,13.9925,9.930232027712036,0.10070258149148242,0.00015994425737182857,1.0,11.890020532297088,0.08410414408315621
1.0,13.9925,10.213776877653885,0.097906975252988,9.916409893898639e-05,1.0,12.205806143774138,0.08192822237391291
2.0,13.9925,10.792118565816985,0.09266021253393245,6.492522251790378e-05,1.0,12.637594078214878,0.07912898561315833
3.0,13.9925,11.672702980726015,0.08566996021840027,3.892795995160391e-05,1.0,13.15599683248777,0.07601096387698827
4.0,13.9925,12.85898963681226,0.07776660750524562,2.228271937545943e-05,1.0,13.505603675873939,0.07404333963881779
5.0,13.9925,14.349925674675704,0.0696867720900303,1.3899140181840606e-05,1.0,13.886750794979804,0.07201108558537032
6.0,13.9925,16.139720132707353,0.06195894301621049,9.261963027430687e-06,1.5,14.268235509543626,0.07008575092071671
7.5,13.9925,18.229350839442457,0.05485658863048054,5.6406394634386855e-06,1.5,14.73813293062236,0.06785119965380663
9.0,13.9925,20.543899463658676,0.04867625066842638,3.257156448185999e-06,nan,15.106716684515334,0.0661957208097388
nan,nan,nan,nan,2.0468463933777387e-06,nan,15.472017860831594,0.06463281060006815
nan,nan,nan,nan,1.383074697067433e-06,nan,15.783839148020492,0.06335594215209761
nan,nan,nan,nan,8.550109822393872e-07,nan,16.17982659173662,0.061805359552538165
