Name:	10.0_10_80_1
Lambda:	10	Maximal Depth:	10	Filter time:	10 to 80 [us]
Chi2:	0.466171132831886	RelRMS:	3.623929592077196	AbsRMS:	7.435649230908046e-07	Phi model:	0.2379844143232606
depth_vector,start_model,resistivity_model,conductivity_model,E/I[V/A],modelled_thickness,rhoa,sigma
0.0,15.8607,18.44818899759088,0.054205862707206,0.0001178663879829,1.0,14.573651810625742,0.068616981728004
1.0,15.8607,17.597393484956378,0.0568265976921456,7.485415888613472e-05,1.0,14.722859182743884,0.0679215896578066
2.0,15.8607,16.124297636582337,0.0620182052290593,5.011886645537474e-05,1.0,15.017784665509204,0.0665877173147024
3.0,15.8607,14.407092784105998,0.0694102561137946,3.078764795417223e-05,1.0,15.38321755970169,0.0650059063469028
4.0,15.8607,12.88021884039602,0.0776384324203961,1.793032817772432e-05,1.0,15.61111666779098,0.0640569167011102
5.0,15.8607,11.955424040609888,0.0836440427878781,1.134556668978431e-05,1.0,15.899195028706773,0.0628962660181506
6.0,15.8607,12.025077547840354,0.0831595468737409,7.659490114079501e-06,1.5,16.19468075336265,0.0617486701485215
7.5,15.8607,14.572150729040548,0.0686240499837213,4.729747247801998e-06,1.5,16.574333563096083,0.0603342509183337
9.0,15.8607,21.74961469717803,0.0459778259947634,2.758042468778284e-06,nan,16.87829335939553,0.0592476963580761
nan,nan,nan,nan,1.7474150199273786e-06,nan,17.192528377981446,0.0581648014774083
nan,nan,nan,nan,1.1894007707826104e-06,nan,17.45383743931016,0.0572939907041739
nan,nan,nan,nan,7.410578209361686e-07,nan,17.79864447028812,0.0561840538850772
Name:	12.742749857031335_10_80_1
Lambda:	12.742749857031336	Maximal Depth:	10	Filter time:	10 to 80 [us]
Chi2:	0.5229168917309699	RelRMS:	3.791307925959946	AbsRMS:	7.742022045120152e-07	Phi model:	0.1786240350676491
depth_vector,start_model,resistivity_model,conductivity_model,E/I[V/A],modelled_thickness,rhoa,sigma
0.0,15.8607,17.44699989126682,0.0573164444450162,0.0001179939022218,1.0,14.563150234075993,0.0686664618524721
1.0,15.8607,16.773942911040965,0.0596162753923395,7.482748374342079e-05,1.0,14.726357995565838,0.0679054522714376
2.0,15.8607,15.606833216198716,0.0640744977630744,5.004391622010832e-05,1.0,15.032775574862184,0.0665213150439231
3.0,15.8607,14.251198875129866,0.0701695351220679,3.071624117758468e-05,1.0,15.4070494864291,0.0649053539343028
4.0,15.8607,13.069890571600284,0.0765117347021184,1.789201982855509e-05,1.0,15.633391883558176,0.0639656452961888
5.0,15.8607,12.424361034568156,0.0804870364936845,1.1325387049559569e-05,1.0,15.91807560973579,0.0628216641582215
6.0,15.8607,12.674727678469916,0.0788971586110415,7.64845265313324e-06,1.5,16.21025734121896,0.0616893352739829
7.5,15.8607,15.12524981379844,0.0661146104897865,4.7262759891098034e-06,1.5,16.582448022086673,0.0603047269418887
9.0,15.8607,21.44610066984797,0.0466285230772018,2.759408639457159e-06,nan,16.87272198870644,0.0592672599399989
nan,nan,nan,nan,1.7502014764648502e-06,nan,17.174275639851242,0.0582266187506387
nan,nan,nan,nan,1.1923373900890023e-06,nan,17.42516751249025,0.057388257489244
nan,nan,nan,nan,7.437494166261796e-07,nan,17.7556768652986,0.0563200157102646
Name:	16.237767391887218_10_80_1
Lambda:	16.237767391887218	Maximal Depth:	10	Filter time:	10 to 80 [us]
Chi2:	0.5780651510872594	RelRMS:	3.962556519422328	AbsRMS:	8.092502322210835e-07	Phi model:	0.1337512129074421
depth_vector,start_model,resistivity_model,conductivity_model,E/I[V/A],modelled_thickness,rhoa,sigma
0.0,15.8607,16.6187549661904,0.0601729793859061,0.0001181282768289,1.0,14.552104113482187,0.0687185847628401
1.0,15.8607,16.0965464684017,0.0621251273969263,7.481905691163e-05,1.0,14.727463722880689,0.067900353979239
2.0,15.8607,15.188347459722294,0.0658399475421458,4.9988953888561485e-05,1.0,15.043792476244269,0.066472600016193
3.0,15.8607,14.145362848779056,0.0706945456748261,3.066118898565576e-05,1.0,15.425486219298678,0.0648277782485008
4.0,15.8607,13.272130572437597,0.0753458530672319,1.786373217244257e-05,1.0,15.649891436099388,0.0638982068395256
5.0,15.8607,12.880091061545974,0.077639202643958,1.1311547007167098e-05,1.0,15.931057149166136,0.0627704734617904
6.0,15.8607,13.290221989877192,0.0752432879421933,7.641649038368657e-06,1.5,16.219877602198267,0.0616527463724184
7.5,15.8607,15.629700783873458,0.0639807513802048,4.72522511578651e-06,1.5,16.58490651608894,0.0602957875602075
9.0,15.8607,21.17022004183803,0.0472361646701702,2.761912157335073e-06,nan,16.862524332673846,0.0593031019716508
nan,nan,nan,nan,1.753548195469862e-06,nan,17.152416807807356,0.0583008220477026
nan,nan,nan,nan,1.1955687142817615e-06,nan,17.39375609639079,0.0574918950489078
nan,nan,nan,nan,7.465508195604503e-07,nan,17.711230714308414,0.0564613502093972
Name:	20.6913808111479_10_80_1
Lambda:	20.6913808111479	Maximal Depth:	10	Filter time:	10 to 80 [us]
Chi2:	0.6316041587163795	RelRMS:	4.123293804057917	AbsRMS:	8.536502291990107e-07	Phi model:	0.0994619692277997
depth_vector,start_model,resistivity_model,conductivity_model,E/I[V/A],modelled_thickness,rhoa,sigma
0.0,15.8607,15.889902959983052,0.0629330463828752,0.0001182897482713,1.0,14.538858197196165,0.0687811921979437
1.0,15.8607,15.503108269919908,0.0645031939782206,7.483360011791464e-05,1.0,14.72555556504168,0.0679091526009375
2.0,15.8607,14.832913002664723,0.0674176407439557,4.995225327831329e-05,1.0,15.051160162281004,0.0664400610463273
3.0,15.8607,14.07972273206756,0.0710241259028794,3.061835163019584e-05,1.0,15.43987046959649,0.0647673827296126
4.0,15.8607,13.493497849161686,0.0741097683624062,1.7841920685404686e-05,1.0,15.662643347707997,0.0638461834187353
5.0,15.8607,13.337413311142791,0.0749770571452971,1.1301251787379275e-05,1.0,15.940730935501009,0.0627323805944768
6.0,15.8607,13.888624899149184,0.0720013685488229,7.636866894585877e-06,1.5,16.22664806579093,0.0616270221641278
7.5,15.8607,16.096898572336976,0.0621237684704388,4.725036968883623e-06,1.5,16.58534677763017,0.0602941869957624
9.0,15.8607,20.925732269282467,0.047788052868665,2.7645889757089552e-06,nan,16.85163779519535,0.0593414131109033
nan,nan,nan,nan,1.7568172312240974e-06,nan,17.131132382500923,0.0583732573931585
nan,nan,nan,nan,1.19864297023762e-06,nan,17.364002592700107,0.0575904083555253
nan,nan,nan,nan,7.491706430203378e-07,nan,17.669916243302183,0.056593363897752
Name:	26.366508987303583_10_80_1
Lambda:	26.366508987303583	Maximal Depth:	10	Filter time:	10 to 80 [us]
Chi2:	0.6799434577662629	RelRMS:	4.264637673958116	AbsRMS:	8.884228917465238e-07	Phi model:	0.0752230267419951
depth_vector,start_model,resistivity_model,conductivity_model,E/I[V/A],modelled_thickness,rhoa,sigma
0.0,15.8607,15.299301482875707,0.0653624612286571,0.0001184156326572,1.0,14.528552465188907,0.0688299816789075
1.0,15.8607,15.025765934850378,0.0665523477695486,7.483918480592231e-05,1.0,14.724822983960316,0.0679125311787649
2.0,15.8607,14.556873147885916,0.068696071597301,4.991697327675904e-05,1.0,15.058251169456234,0.0664087740831667
3.0,15.8607,14.050481536139529,0.0711719379458903,3.057997010331334e-05,1.0,15.452787026967751,0.0647132454653538
4.0,15.8607,13.710922574867842,0.0729345523278647,1.7822714969928527e-05,1.0,15.673893346088944,0.0638003575703497
5.0,15.8607,13.7583004539054,0.0726833959870488,1.1292339237721818e-05,1.0,15.949117380564427,0.0626993943388114
6.0,15.8607,14.426414234147542,0.0693172942194453,7.632831062881931e-06,1.5,16.232367416006404,0.0616053083553247
7.5,15.8607,16.504901100545162,0.0605880637459239,4.725003035309605e-06,1.5,16.58542618490457,0.0602938983208138
9.0,15.8607,20.716985357485804,0.0482695712114631,2.7670071533971093e-06,nan,16.84181823442851,0.0593760119056369
nan,nan,nan,nan,1.7597227766526576e-06,nan,17.112269945096138,0.0584376008097376
nan,nan,nan,nan,1.2013619993127135e-06,nan,17.337792865516708,0.0576774683926988
nan,nan,nan,nan,7.51478747511929e-07,nan,17.633716577701886,0.0567095425172317
Name:	33.59818286283781_10_80_1
Lambda:	33.59818286283781	Maximal Depth:	10	Filter time:	10 to 80 [us]
Chi2:	0.7237358867426321	RelRMS:	4.379625709642091	AbsRMS:	9.204871893236784e-07	Phi model:	0.0580879873630465
depth_vector,start_model,resistivity_model,conductivity_model,E/I[V/A],modelled_thickness,rhoa,sigma
0.0,15.8607,14.799221594366966,0.0675711214690258,0.0001185300251203,1.0,14.519203360946902,0.0688743022010253
1.0,15.8607,14.623480286952075,0.0683831742086908,7.484504435878516e-05,1.0,14.724054444949628,0.0679160759516888
2.0,15.8607,14.332552868962075,0.069771240974492,4.988565586923902e-05,1.0,15.064552727845838,0.0663809950461765
3.0,15.8607,14.047882069854374,0.0711851078352885,3.054532362941219e-05,1.0,15.464469850141864,0.0646643570513881
4.0,15.8607,13.92814314405712,0.071797079456832,1.780486757459902e-05,1.0,15.684365817774824,0.0637577579876846
5.0,15.8607,14.151915950683472,0.0706618102795971,1.1283618188688296e-05,1.0,15.957334314835254,0.0626671084449435
6.0,15.8607,14.914999349574558,0.0670466003090053,7.628499656200402e-06,1.5,16.238511248218163,0.0615820000192276
7.5,15.8607,16.86473406362933,0.0592953316801247,4.724341237506202e-06,1.5,16.58697503469046,0.0602882682290515
9.0,15.8607,20.544777528731043,0.0486741702898237,2.7686718153301e-06,nan,16.835066803718714,0.0593998236929543
nan,nan,nan,nan,1.7619324077495949e-06,nan,17.09796000852906,0.0584865094725432
nan,nan,nan,nan,1.2034871137118524e-06,nan,17.317376834593926,0.0577454662765296
nan,nan,nan,nan,7.533195031910154e-07,nan,17.60497923815448,0.0568021118612139
Name:	42.81332398719393_10_80_1
Lambda:	42.81332398719393	Maximal Depth:	10	Filter time:	10 to 80 [us]
Chi2:	0.7606509305165529	RelRMS:	4.486594880162786	AbsRMS:	9.38844220296608e-07	Phi model:	0.0467801621765991
depth_vector,start_model,resistivity_model,conductivity_model,E/I[V/A],modelled_thickness,rhoa,sigma
0.0,15.8607,14.421294277256791,0.0693419037691406,0.0001185964514869,1.0,14.513781343856568,0.0689000320666455
1.0,15.8607,14.322439679838284,0.0698205070053603,7.483742934693251e-05,1.0,14.725053249502135,0.0679114691849288
2.0,15.8607,14.170528527386104,0.07056899804883,4.985482612832769e-05,1.0,15.07076260346021,0.0663536428986282
3.0,15.8607,14.059187599410455,0.0711278651720909,3.0515995972343866e-05,1.0,15.474376437145258,0.0646229593846226
4.0,15.8607,14.114366880466465,0.0708497949974608,1.7790821884654007e-05,1.0,15.692619840127197,0.0637242226083197
5.0,15.8607,14.481358811674786,0.0690542933853559,1.1277442244697222e-05,1.0,15.963159667070432,0.0626442396653369
6.0,15.8607,15.320609340001598,0.0652715553152989,7.625964668255556e-06,1.5,16.24210966946881,0.0615683565959264
7.5,15.8607,17.158532284082447,0.0582800430388603,4.724679048204434e-06,1.5,16.586184388478042,0.0602911421082881
9.0,15.8607,20.395878676180978,0.0490295130637266,2.7706795029116103e-06,nan,16.826933146059865,0.0594285358668674
nan,nan,nan,nan,1.7642205284529662e-06,nan,17.08317324872138,0.0585371339060116
nan,nan,nan,nan,1.2055938036451458e-06,nan,17.2971970268505,0.0578128351343686
nan,nan,nan,nan,7.550847160160245e-07,nan,17.5775309661382,0.0568908114527816
Name:	54.5559478116852_10_80_1
Lambda:	54.5559478116852	Maximal Depth:	10	Filter time:	10 to 80 [us]
Chi2:	0.7923801088152893	RelRMS:	4.58393594876518	AbsRMS:	9.474421972754856e-07	Phi model:	0.0391544786617829
depth_vector,start_model,resistivity_model,conductivity_model,E/I[V/A],modelled_thickness,rhoa,sigma
0.0,15.8607,14.126957831015568,0.0707866486162018,0.0001186285818945,1.0,14.51116053215753,0.0689124758687594
1.0,15.8607,14.090557777790028,0.0709695113401565,7.481983484100128e-05,1.0,14.727361638128498,0.067900824639971
2.0,15.8607,14.047616066441336,0.0711864557851151,4.9823840834884027e-05,1.0,15.077010263293044,0.0663261470634288
3.0,15.8607,14.076228837715028,0.0710417549706678,3.048989870788528e-05,1.0,15.4832051820409,0.0645861104495281
4.0,15.8607,14.27636518020904,0.0700458406167891,1.777895764545794e-05,1.0,15.699600387889449,0.0636958887674231
5.0,15.8607,14.763023315647713,0.067736802863413,1.127262876097052e-05,1.0,15.96770359044072,0.0626264130177531
6.0,15.8607,15.66348439036889,0.0638427552310695,7.624335841488762e-06,1.5,16.244422845037512,0.0615595893765772
7.5,15.8607,17.401111772535366,0.0574675924775293,4.725442810799693e-06,1.5,16.584397148775402,0.0602976394637196
9.0,15.8607,20.26663961677104,0.0493421711200943,2.7727289515609144e-06,nan,16.81864042896711,0.0594578381185721
nan,nan,nan,nan,1.7664167913005266e-06,nan,17.069010144418243,0.0585857054122737
nan,nan,nan,nan,1.2075759694685755e-06,nan,17.278263615218915,0.0578761860722617
nan,nan,nan,nan,7.567184115286846e-07,nan,17.552222850050143,0.0569728409069933
Name:	69.51927961775606_10_80_1
Lambda:	69.51927961775606	Maximal Depth:	10	Filter time:	10 to 80 [us]
Chi2:	0.8193690770727659	RelRMS:	4.672648764182307	AbsRMS:	9.493980673770968e-07	Phi model:	0.0340540715139841
depth_vector,start_model,resistivity_model,conductivity_model,E/I[V/A],modelled_thickness,rhoa,sigma
0.0,15.8607,13.895157240166386,0.0719675195261069,0.0001186371890875,1.0,14.510458661909336,0.0689158091621906
1.0,15.8607,13.907037691331704,0.0719060393877628,7.479711332240784e-05,1.0,14.730344026679427,0.0678870770559609
2.0,15.8607,13.957207143066825,0.0716475717347754,4.979480298690848e-05,1.0,15.082871134519362,0.0663003741848164
3.0,15.8607,14.10207350823034,0.0709115577518705,3.0467670406752226e-05,1.0,15.4907349889361,0.0645547161393069
4.0,15.8607,14.41922784172158,0.069351841234281,1.7769486838851637e-05,1.0,15.705178289512464,0.0636732663307474
5.0,15.8607,15.00002211740654,0.066666568367227,1.126924789174646e-05,1.0,15.970897061097304,0.0626138905143812
6.0,15.8607,15.945598132834805,0.0627132323083461,7.623622786630318e-06,1.5,16.245435747905113,0.0615557511363739
7.5,15.8607,17.59468280252495,0.0568353525450594,4.726626975970436e-06,1.5,16.581627099338835,0.0603077125066859
9.0,15.8607,20.15504717878621,0.0496153638902185,2.774827905313884e-06,nan,16.810157980888608,0.0594878406935196
nan,nan,nan,nan,1.768532868744189e-06,nan,17.055391868042197,0.0586324845384388
nan,nan,nan,nan,1.2094446306503956e-06,nan,17.260461758250656,0.0579358776147452
nan,nan,nan,nan,7.582307330252026e-07,nan,17.5288760114621,0.0570487234518689
Name:	88.58667904100822_10_80_1
Lambda:	88.58667904100822	Maximal Depth:	10	Filter time:	10 to 80 [us]
Chi2:	0.8426543002536525	RelRMS:	4.7580981568875895	AbsRMS:	9.433516587028746e-07	Phi model:	0.0305889322482001
depth_vector,start_model,resistivity_model,conductivity_model,E/I[V/A],modelled_thickness,rhoa,sigma
0.0,15.8607,13.71772304664786,0.0728983954989793,0.0001186177250694,1.0,14.512045968846008,0.0689082712490552
1.0,15.8607,13.768767828618808,0.0726281401827017,7.476598778268024e-05,1.0,14.73443196484184,0.0678682423853272
2.0,15.8607,13.891398083723184,0.0719869946835458,4.976542212793177e-05,1.0,15.088807038037409,0.0662742917633645
3.0,15.8607,14.12869698873822,0.0707779352050005,3.0448035375832388e-05,1.0,15.497393949037717,0.0645269781027985
4.0,15.8607,14.54020490329833,0.0687748217202329,1.776194659140025e-05,1.0,15.709622718052495,0.0636552524492433
5.0,15.8607,15.196538191413625,0.0658044606873045,1.1267193459124768e-05,1.0,15.972838398426354,0.0626062804278117
6.0,15.8607,16.175852890406322,0.0618205424329178,7.623870831892548e-06,1.5,16.245083378764377,0.061557086330945
7.5,15.8607,17.746953181801754,0.0563477003492311,4.728364390236071e-06,1.5,16.577564958934346,0.0603224902135616
9.0,15.8607,20.054591969848826,0.0498638915966704,2.7771317745547447e-06,nan,16.800859715440147,0.0595207636357436
nan,nan,nan,nan,1.7707108968481455e-06,nan,17.041403233160082,0.058680613698181
nan,nan,nan,nan,1.2113210234226926e-06,nan,17.242632312862508,0.057995785205837
nan,nan,nan,nan,7.597165518775151e-07,nan,17.506013773102666,0.0571232270784833
Name:	112.88378916846884_10_80_1
Lambda:	112.88378916846884	Maximal Depth:	10	Filter time:	10 to 80 [us]
Chi2:	0.863616992759325	RelRMS:	4.846040229034514	AbsRMS:	9.269368246610028e-07	Phi model:	0.0281367550759295
depth_vector,start_model,resistivity_model,conductivity_model,E/I[V/A],modelled_thickness,rhoa,sigma
0.0,15.8607,13.585353962577472,0.0736086820229066,0.0001185617941233,1.0,14.516609601182646,0.0688866083385291
1.0,15.8607,13.667601252791162,0.0731657283165019,7.472115208540382e-05,1.0,14.74032554350518,0.0678411068363829
2.0,15.8607,13.84687742806642,0.0722184481804602,4.973231200490956e-05,1.0,15.095503379821675,0.0662448925907771
3.0,15.8607,14.157544924699094,0.0706337154724765,3.0429228560240005e-05,1.0,15.503778744834031,0.0645004044793406
4.0,15.8607,14.6435834928054,0.0682892954782082,1.7755676246382275e-05,1.0,15.713321026744632,0.0636402704621107
5.0,15.8607,15.358243873651444,0.0651116109515357,1.1266277200764238e-05,1.0,15.97370440755523,0.0626028862489167
6.0,15.8607,16.36035188888364,0.0611233796676139,7.625093482161642e-06,1.5,16.24334678047893,0.0615636674827252
7.5,15.8607,17.861765456756533,0.055985507279278,4.730783418983356e-06,1.5,16.57191331930809,0.0603430624293026
9.0,15.8607,19.95890328720502,0.0501029533341677,2.779799695740802e-06,nan,16.7901082111497,0.0595588776096116
nan,nan,nan,nan,1.7730984101125393e-06,nan,17.02610206604902,0.0587333493080635
nan,nan,nan,nan,1.2133317197132543e-06,nan,17.22357773835449,0.0580599463822862
nan,nan,nan,nan,7.612751376528607e-07,nan,17.482111821134332,0.057201327289938
Name:	143.8449888287663_10_80_1
Lambda:	143.8449888287663	Maximal Depth:	10	Filter time:	10 to 80 [us]
Chi2:	0.8831503520917705	RelRMS:	4.938861966326112	AbsRMS:	9.0034799697179e-07	Phi model:	0.0263390752361326
depth_vector,start_model,resistivity_model,conductivity_model,E/I[V/A],modelled_thickness,rhoa,sigma
0.0,15.8607,13.494772991923618,0.074102765611432,0.0001184694121537,1.0,14.52415528310817,0.0688508199277528
1.0,15.8607,13.599555130342653,0.0735318170642839,7.466242851951186e-05,1.0,14.748053580803951,0.0678055578331773
2.0,15.8607,13.822084049920498,0.072347990099637,4.969528234357327e-05,1.0,15.103001234146513,0.0662120054482344
3.0,15.8607,14.187108597952571,0.0704865260666515,3.0411146426862816e-05,1.0,15.509923720258511,0.0644748496534406
4.0,15.8607,14.728254715400912,0.0678967073372467,1.7750690956815836e-05,1.0,15.716262951249954,0.0636283576510449
5.0,15.8607,15.485180758388006,0.0645778706495447,1.1266561096136505e-05,1.0,15.97343606895775,0.0626039379181143
6.0,15.8607,16.501089959897694,0.0606020573447137,7.627365811700769e-06,1.5,16.24012049672108,0.0615758978021069
7.5,15.8607,17.941563591972784,0.055736502277171,4.733961143257662e-06,1.5,16.564496434809723,0.0603700815135275
9.0,15.8607,19.8659657361226,0.050337346458908,2.7829002579796445e-06,nan,16.77763478598639,0.0596031569858258
nan,nan,nan,nan,1.7757521931281856e-06,nan,17.00913466775049,0.0587919385397077
nan,nan,nan,nan,1.215522852093749e-06,nan,17.20287307551525,0.0581298249199602
nan,nan,nan,nan,7.629411827026319e-07,nan,17.45665193222923,0.057284753335418
Name:	183.29807108324357_10_80_1
Lambda:	183.2980710832436	Maximal Depth:	10	Filter time:	10 to 80 [us]
Chi2:	0.9034310717950672	RelRMS:	5.041877420494068	AbsRMS:	8.633471709618439e-07	Phi model:	0.0248718169643438
depth_vector,start_model,resistivity_model,conductivity_model,E/I[V/A],modelled_thickness,rhoa,sigma
0.0,15.8607,13.43479605107292,0.0744335824822691,0.0001183385189819,1.0,14.534863334748268,0.0688000964969045
1.0,15.8607,13.557242105290864,0.073761314597291,7.458762614883276e-05,1.0,14.757912276457912,0.0677602618356268
2.0,15.8607,13.81234284671153,0.0723990137732558,4.965248206902315e-05,1.0,15.111679145641167,0.0661739830737765
3.0,15.8607,14.219221531470884,0.0703273380885681,3.039261281539985e-05,1.0,15.51622844731842,0.0644486515131726
4.0,15.8607,14.80146908024333,0.0675608613292837,1.7746531377083583e-05,1.0,15.718718661004756,0.0636184170966057
5.0,15.8607,15.587690735123966,0.0641531845218538,1.1267908992478058e-05,1.0,15.97216218780654,0.0626089309788889
6.0,15.8607,16.608800027967,0.060209045705658,7.630689249161407e-06,1.5,16.235404719706864,0.0615937832942458
7.5,15.8607,17.992339051407104,0.0555792105263709,4.737987096642012e-06,1.5,16.55511167049136,0.0604043041148703
9.0,15.8607,19.770467872983183,0.05058049240031,2.7865564025962965e-06,nan,16.76295600398951,0.0596553495554128
nan,nan,nan,nan,1.778789518878392e-06,nan,16.989766816461177,0.0588589596786644
nan,nan,nan,nan,1.217995921530334e-06,nan,17.179578903490754,0.0582086444387067
nan,nan,nan,nan,7.647952950226542e-07,nan,17.428426788767215,0.0573775253567068
Name:	233.57214690901213_10_80_1
Lambda:	233.57214690901213	Maximal Depth:	10	Filter time:	10 to 80 [us]
Chi2:	0.9269712660150556	RelRMS:	5.1619207530296265	AbsRMS:	8.132986991657098e-07	Phi model:	0.023540180400787
depth_vector,start_model,resistivity_model,conductivity_model,E/I[V/A],modelled_thickness,rhoa,sigma
0.0,15.8607,13.404560130189516,0.0746014781751635,0.0001181571981149,1.0,14.54972940846862,0.0687298005293454
1.0,15.8607,13.53987543550872,0.0738559231776587,7.44902780618249e-05,1.0,14.770767124370032,0.0677012907711555
2.0,15.8607,13.818527582567311,0.0723666102647249,4.960036367617277e-05,1.0,15.12226318853095,0.0661276680304322
3.0,15.8607,14.25443147275085,0.0701536221849062,3.0372109822641124e-05,1.0,15.523210584096525,0.0644196633539518
4.0,15.8607,14.865045057506594,0.067271911799219,1.774275961791875e-05,1.0,15.720946240858774,0.0636094026834719
5.0,15.8607,15.66912460632009,0.0638197745646016,1.1270304318252009e-05,1.0,15.969899019867746,0.0626178035788407
6.0,15.8607,16.686075514106367,0.0599302094224973,7.635211855958899e-06,1.5,16.228992882560892,0.061618118094966
7.5,15.8607,18.01517202253319,0.0555087677624843,4.7430776813780895e-06,1.5,16.54326418993344,0.0604475627372558
9.0,15.8607,19.66713713514978,0.0508462412769149,2.7909719587311823e-06,nan,16.74527105286214,0.059718352533271
nan,nan,nan,nan,1.7823822929876004e-06,nan,16.966928124805825,0.0589381880234401
nan,nan,nan,nan,1.220892320426617e-06,nan,17.152397358934373,0.0583008881542216
nan,nan,nan,nan,7.669441373368755e-07,nan,17.39585731429255,0.0574849506944618
Name:	297.63514416313194_10_80_1
Lambda:	297.63514416313194	Maximal Depth:	10	Filter time:	10 to 80 [us]
Chi2:	0.9559528530516443	RelRMS:	5.300786135738835	AbsRMS:	7.531039714173548e-07	Phi model:	0.0222568426326794
depth_vector,start_model,resistivity_model,conductivity_model,E/I[V/A],modelled_thickness,rhoa,sigma
0.0,15.8607,13.399635981133216,0.074628893009333,0.0001179315115587,1.0,14.568286121800517,0.0686422542527884
1.0,15.8607,13.54363561065244,0.0738354182545691,7.4373309517273e-05,1.0,14.786249941979731,0.0676304001301164
2.0,15.8607,13.838506746107056,0.0722621319154476,4.9540350970992886e-05,1.0,15.13447336703187,0.0660743176025104
3.0,15.8607,14.293716135716448,0.0699608128848486,3.0350204000920976e-05,1.0,15.530679128967227,0.0643886845962092
4.0,15.8607,14.920549127572192,0.0670216619676594,1.7739625587670907e-05,1.0,15.72279778201917,0.0636019119411187
5.0,15.8607,15.73108599446098,0.0635684021021884,1.1273871249656676e-05,1.0,15.966530372885767,0.0626310147944347
6.0,15.8607,16.73703452869116,0.0597477407533436,7.640996990022034e-06,1.5,16.220800343386127,0.061649239176274
7.5,15.8607,18.01381555861913,0.0555129476454268,4.749264185368542e-06,1.5,16.52889463733172,0.0605001134039191
9.0,15.8607,19.55560165573072,0.0511362430880234,2.796168619261248e-06,nan,16.724517305508638,0.0597924580861072
nan,nan,nan,nan,1.7865465570374812e-06,nan,16.94055237947367,0.0590299523651701
nan,nan,nan,nan,1.224223981711384e-06,nan,17.121263660940176,0.0584069038245911
nan,nan,nan,nan,7.693964125766231e-07,nan,17.35887410440083,0.0576074228078236
Name:	379.26901907322497_10_80_1
Lambda:	379.26901907322497	Maximal Depth:	10	Filter time:	10 to 80 [us]
Chi2:	0.99545997703576	RelRMS:	5.469301104932132	AbsRMS:	6.801781549131989e-07	Phi model:	0.0208895760791621
depth_vector,start_model,resistivity_model,conductivity_model,E/I[V/A],modelled_thickness,rhoa,sigma
0.0,15.8607,13.42063306307751,0.0745121333174046,0.0001176420830965,1.0,14.592170713084087,0.0685299000170926
1.0,15.8607,13.56974114570606,0.0736933733121677,7.422637316640669e-05,1.0,14.805757127290534,0.0675412943358879
2.0,15.8607,13.873688394240393,0.0720788856995769,4.946686803769766e-05,1.0,15.149457811897134,0.0660089629884102
3.0,15.8607,14.338883240110922,0.0697404381676424,3.032456649358343e-05,1.0,15.539431368771996,0.0643524190987836
4.0,15.8607,14.971917949565078,0.0667917098776946,1.773647097446514e-05,1.0,15.724662033948064,0.0635943715573088
5.0,15.8607,15.778981390672724,0.0633754470736064,1.1278596051652006e-05,1.0,15.962070954810518,0.0626485123910959
6.0,15.8607,16.765191826021123,0.0596473938608866,7.64828119062218e-06,1.5,16.210499612737166,0.0616884133055507
7.5,15.8607,17.987517727173522,0.0555941078234109,4.7568828618477145e-06,1.5,16.511241348668662,0.060564798181006
9.0,15.8607,19.42844668916753,0.0514709186997207,2.802457946210441e-06,nan,16.699485626868583,0.0598820839362293
nan,nan,nan,nan,1.7915432152177869e-06,nan,16.909039307593005,0.0591399654237571
nan,nan,nan,nan,1.228204822746043e-06,nan,17.08424817345959,0.0585334508049058
nan,nan,nan,nan,7.723129412310072e-07,nan,17.315144359369217,0.0577529115117599
Name:	483.2930238571752_10_80_1
Lambda:	483.2930238571752	Maximal Depth:	10	Filter time:	10 to 80 [us]
Chi2:	1.0538392292780454	RelRMS:	5.707823052844507	AbsRMS:	6.055145592827262e-07	Phi model:	0.0193088737100316
depth_vector,start_model,resistivity_model,conductivity_model,E/I[V/A],modelled_thickness,rhoa,sigma
0.0,15.8607,13.46452914671308,0.0742692142520347,0.0001173273199571,1.0,14.618257426216909,0.0684076063817677
1.0,15.8607,13.615856421183754,0.0734437826800365,7.407694091603825e-05,1.0,14.825661786737244,0.0674506146426853
2.0,15.8607,13.923087247136271,0.0718231511625183,4.940042905723166e-05,1.0,15.163037843139662,0.0659498452978166
3.0,15.8607,14.389910884058464,0.0694931336307181,3.0309509835792467e-05,1.0,15.544577224192276,0.0643311159626576
4.0,15.8607,15.018943961995449,0.0665825774788454,1.7742713037385054e-05,1.0,15.720973755994866,0.0636092913531307
5.0,15.8607,15.81149607282132,0.0632451221183882,1.129106173991927e-05,1.0,15.950320372139112,0.0626946654781134
6.0,15.8607,16.76728809276052,0.0596399366711998,7.661889982301307e-06,1.5,16.191298895973098,0.0617615675199911
7.5,15.8607,17.928156539157953,0.0557781832067251,4.769208185894882e-06,1.5,16.48278181571148,0.060669370691226
9.0,15.8607,19.268361644645143,0.0518985484309668,2.8119280016143987e-06,nan,16.661970689460002,0.060016910282562
nan,nan,nan,nan,1.79879351466747e-06,nan,16.863572498186645,0.059299415951604
nan,nan,nan,nan,1.233858550479313e-06,nan,17.032019818724095,0.0587129424838182
nan,nan,nan,nan,7.763742442295903e-07,nan,17.254706581528517,0.0579552016880147
Name:	615.8482110660261_10_80_1
Lambda:	615.8482110660261	Maximal Depth:	10	Filter time:	10 to 80 [us]
Chi2:	1.1323905492754935	RelRMS:	5.953054548530816	AbsRMS:	5.238957473548944e-07	Phi model:	0.0176742800276126
depth_vector,start_model,resistivity_model,conductivity_model,E/I[V/A],modelled_thickness,rhoa,sigma
0.0,15.8607,13.534813145737564,0.0738835467643617,0.0001168995128227,1.0,14.653900498039972,0.0682412167418329
1.0,15.8607,13.685354407244304,0.0730708149926064,7.386404939436324e-05,1.0,14.854135209621916,0.067321320688682
2.0,15.8607,13.990117748138308,0.0714790266960456,4.9296698876468826e-05,1.0,15.184301113682508,0.0658574927165336
3.0,15.8607,14.450812982504594,0.0692002589204279,3.027508903553235e-05,1.0,15.556357105904944,0.0642824019268891
4.0,15.8607,15.067204042583077,0.0663693142519202,1.7739318517546788e-05,1.0,15.72297922407148,0.0636011779796176
5.0,15.8607,15.837118166721092,0.0631428009485541,1.129832062980319e-05,1.0,15.94348785107504,0.062721533038492
6.0,15.8607,16.756430463251434,0.0596785814373235,7.67253196679163e-06,1.5,16.176323621448695,0.0618187434550374
7.5,15.8607,17.855886399672983,0.0560039405278874,4.780086889254192e-06,1.5,16.45776422630207,0.0607615947251112
9.0,15.8607,19.104170066350367,0.0523445926479358,2.820748381332332e-06,nan,16.62721830287544,0.0601423510405865
nan,nan,nan,nan,1.805738266822108e-06,nan,16.82030726587085,0.0594519460431644
nan,nan,nan,nan,1.2393673880445222e-06,nan,16.981512182241342,0.0588875707456585
nan,nan,nan,nan,7.803910065168515e-07,nan,17.195447700099816,0.0581549266666779
Name:	784.7599703514607_10_80_1
Lambda:	784.7599703514607	Maximal Depth:	10	Filter time:	10 to 80 [us]
Chi2:	1.2399454281694655	RelRMS:	6.234751692864237	AbsRMS:	4.666212301607362e-07	Phi model:	0.015918704563488
depth_vector,start_model,resistivity_model,conductivity_model,E/I[V/A],modelled_thickness,rhoa,sigma
0.0,15.8607,13.629097080187568,0.0733724320926355,0.0001163906813812,1.0,14.696578272903382,0.0680430493024173
1.0,15.8607,13.776285446875864,0.0725885075375507,7.36099318410727e-05,1.0,14.88830204808082,0.0671668264635257
2.0,15.8607,14.073598085140922,0.0710550346791423,4.917189690179488e-05,1.0,15.20998285689386,0.0657462936946542
3.0,15.8607,14.521251106959124,0.0688645897405329,3.023237543519517e-05,1.0,15.571006118073658,0.0642219258291392
4.0,15.8607,15.11691166679535,0.0661510778154855,1.7733466064847957e-05,1.0,15.72643833094719,0.0635871885900671
5.0,15.8607,15.855877159282771,0.0630680970818794,1.1305340455542572e-05,1.0,15.93688730728791,0.0627475102708859
6.0,15.8607,16.731252057751185,0.059768390109019,7.683821178989917e-06,1.5,16.16047536986203,0.0618793678473665
7.5,15.8607,17.76541014315249,0.0562891592111899,4.791954180415549e-06,1.5,16.430581191938572,0.0608621197459914
9.0,15.8607,18.92352717880049,0.0528442710786112,2.8304649064327743e-06,nan,16.58914414313829,0.060280385255054
nan,nan,nan,nan,1.8134263173093863e-06,nan,16.772733633104266,0.059620573597276
nan,nan,nan,nan,1.2454850229859242e-06,nan,16.92585947264173,0.0590811947609726
nan,nan,nan,nan,7.848631582529877e-07,nan,17.13006571510295,0.0583768922216297
Name:	1000.0_10_80_1
Lambda:	1000.0	Maximal Depth:	10	Filter time:	10.0 to 80.0 [us]
Chi2:	1.3859552888547928	RelRMS:	6.562526654794751	AbsRMS:	4.719658834414568e-07	Phi model:	0.014044801597957752
depth_vector,start_model,resistivity_model,conductivity_model,E/I[V/A],modelled_thickness,rhoa,sigma
0.0,15.8607,13.746581063613537,0.07274536085535817,0.00011580627501946858,1.0,14.74598012233526,0.06781509209315509
1.0,15.8607,13.888171179879947,0.07200372079577466,7.331837663631723e-05,1.0,14.92774545765673,0.06698935233297944
2.0,15.8607,14.173643657889334,0.07055348815993268,4.902882778734393e-05,1.0,15.239557591116293,0.06561870277539666
3.0,15.8607,14.602072770985664,0.06848342805050261,3.0183360418829302e-05,1.0,15.587858818664351,0.06415249275946966
4.0,15.8607,15.169585312212567,0.06592138014444804,1.772653464580464e-05,1.0,15.730537625539458,0.06357061810630305
5.0,15.8607,15.869661049805423,0.06301331810815587,1.1313127000815217e-05,1.0,15.92957382482176,0.06277631850023391
6.0,15.8607,16.69345305051739,0.059903723751689966,7.69651920679762e-06,1.5,16.142695675971247,0.06194752227712015
7.5,15.8607,17.656946524381638,0.05663493394053992,4.805348335547953e-06,1.5,16.400035211122635,0.06097547884054493
9.0,15.8607,18.723512517581156,0.05340878208941895,2.8414369402274925e-06,nan,16.54641130607949,0.06043606565204743
nan,nan,nan,nan,1.8221109052036572e-06,nan,16.71939614185903,0.05981077256112014
nan,nan,nan,nan,1.2523985279130714e-06,nan,16.863512472056666,0.05929962702948329
nan,nan,nan,nan,7.899187631928582e-07,nan,17.056897442367248,0.058627309179694206
