Name:	10.0_10_80_1
Lambda:	10	Maximal Depth:	10	Filter time:	10 to 80 [us]
Chi2:	0.3217725613135789	RelRMS:	1.6708353393640358	AbsRMS:	3.377368967069301e-07	Phi model:	0.0087595766987716
depth_vector,start_model,resistivity_model,conductivity_model,E/I[V/A],modelled_thickness,rhoa,sigma
0.0,17.8568,15.891067064593011,0.0629284362047723,9.424871183784682e-05,1.0,16.6184370121773,0.0601741306518321
1.0,17.8568,15.990065370664354,0.0625388312567262,5.988771596551532e-05,1.0,16.78248881324642,0.0595859178652155
2.0,17.8568,16.191341344001295,0.0617614056027846,4.019266815513623e-05,1.0,17.09179044580668,0.0585076211395595
3.0,17.8568,16.50155952590651,0.0606003328612702,2.485413203107741e-05,1.0,17.43055468469991,0.0573705207946006
4.0,17.8568,16.92805837173644,0.059073520308131,1.465991667620104e-05,1.0,17.53950013592499,0.0570141675789133
5.0,17.8568,17.47893283141372,0.0572117308101766,9.391541093751675e-06,1.0,17.716588915203452,0.0564442740522049
6.0,17.8568,18.161686712165395,0.0550609651982467,6.410817490497122e-06,1.5,17.913293460185194,0.0558244636712193
7.5,17.8568,19.03268471303236,0.0525411950587961,4.018702965105748e-06,1.5,18.15025971304845,0.0550956303551451
9.0,17.8568,20.079199611979742,0.0498027819497035,2.3854196883745752e-06,nan,18.265492321461217,0.0547480452429437
nan,nan,nan,nan,1.5346324835962594e-06,nan,18.416748325959148,0.054298401775435
nan,nan,nan,nan,1.0576389045083169e-06,nan,18.54229745230263,0.0539307495509849
nan,nan,nan,nan,6.691768438728322e-07,nan,18.715717170544856,0.0534310275629628
Name:	12.742749857031335_10_80_1
Lambda:	12.742749857031336	Maximal Depth:	10	Filter time:	10 to 80 [us]
Chi2:	0.3227659161573571	RelRMS:	1.6729602728936834	AbsRMS:	3.387356636561618e-07	Phi model:	0.0087007908084653
depth_vector,start_model,resistivity_model,conductivity_model,E/I[V/A],modelled_thickness,rhoa,sigma
0.0,17.8568,15.868269192283018,0.0630188452113174,9.425432177411322e-05,1.0,16.617777595572186,0.0601765184453094
1.0,17.8568,15.97161938371745,0.0626110587771373,5.9889621951115896e-05,1.0,16.782132743189035,0.0595871821122286
2.0,17.8568,16.181292894890284,0.0617997589250596,4.019312441152367e-05,1.0,17.09166109941669,0.0585080639139356
3.0,17.8568,16.50249856974442,0.0605968845125909,2.485413889402072e-05,1.0,17.430551475981108,0.0573705313557047
4.0,17.8568,16.94056235770128,0.0590299175957045,1.4660105102961413e-05,1.0,17.539349845130314,0.0570146561206568
5.0,17.8568,17.50099290531141,0.057139615187005,9.39179936073746e-06,1.0,17.716264119012443,0.0564453088575732
6.0,17.8568,18.18836403779077,0.0549802059119916,6.411074183663712e-06,1.5,17.912815303111373,0.0558259538257118
7.5,17.8568,19.051175131748213,0.0524902003726547,4.018948690566686e-06,1.5,18.149519880034525,0.0550978762308778
9.0,17.8568,20.07196535815101,0.0498207316601366,2.385640429060111e-06,nan,18.264365580138826,0.0547514226876529
nan,nan,nan,nan,1.5348157985738388e-06,nan,18.41528185985591,0.0543027257258512
nan,nan,nan,nan,1.057787448685294e-06,nan,18.54056149247003,0.0539357991076017
nan,nan,nan,nan,6.692888869528599e-07,nan,18.71362836141279,0.0534369915169409
Name:	16.237767391887218_10_80_1
Lambda:	16.237767391887218	Maximal Depth:	10	Filter time:	10 to 80 [us]
Chi2:	0.3234636100571987	RelRMS:	1.674576176314604	AbsRMS:	3.386781155574206e-07	Phi model:	0.008646850781022
depth_vector,start_model,resistivity_model,conductivity_model,E/I[V/A],modelled_thickness,rhoa,sigma
0.0,17.8568,15.850127373106035,0.0630909756407867,9.425520701018928e-05,1.0,16.617673547002173,0.0601768952297417
1.0,17.8568,15.957082477265566,0.0626680974686145,5.988921842340787e-05,1.0,16.782208127352607,0.0595869144519869
2.0,17.8568,16.17371694233261,0.0618287066334535,4.019244532867248e-05,1.0,17.09185361687733,0.0585074048968305
3.0,17.8568,16.50402764921001,0.0605912702798862,2.485370165929017e-05,1.0,17.430755904821975,0.0573698585110335
4.0,17.8568,16.951655410301484,0.058991288803116,1.4660122996053445e-05,1.0,17.539335573614547,0.0570147025126971
5.0,17.8568,17.51991973101303,0.0570778870767222,9.391993963045377e-06,1.0,17.71601939726293,0.0564460885696759
6.0,17.8568,18.21089717717319,0.0549121764991057,6.411315461774766e-06,1.5,17.912365889635623,0.0558273544746322
7.5,17.8568,19.066326140752857,0.0524484891644947,4.019201501798867e-06,1.5,18.14875879177921,0.0551001868212038
9.0,17.8568,20.064575765003475,0.0498390801635684,2.385870475953544e-06,nan,18.263191521410285,0.0547549424112253
nan,nan,nan,nan,1.5350077236866448e-06,nan,18.41374682796905,0.0543072525837641
nan,nan,nan,nan,1.0579436554168905e-06,nan,18.538736422503504,0.0539411088873422
nan,nan,nan,nan,6.694067911626739e-07,nan,18.711430912996164,0.0534432670943109
Name:	20.6913808111479_10_80_1
Lambda:	20.6913808111479	Maximal Depth:	10	Filter time:	10 to 80 [us]
Chi2:	0.3238444378980509	RelRMS:	1.6756620691428536	AbsRMS:	3.374303932053216e-07	Phi model:	0.0085932679383018
depth_vector,start_model,resistivity_model,conductivity_model,E/I[V/A],modelled_thickness,rhoa,sigma
0.0,17.8568,15.8364804224384,0.0631453437458944,9.425083002483204e-05,1.0,16.618188023467518,0.0601750322350331
1.0,17.8568,15.94635768869731,0.0627102451557821,5.988620725614527e-05,1.0,16.782770678837547,0.059584917123426
2.0,17.8568,16.168626911208484,0.0618481708738529,4.019046229064199e-05,1.0,17.092415831808978,0.0585054804329649
3.0,17.8568,16.506290094433798,0.0605829652986177,2.4852743248666933e-05,1.0,17.43120403011455,0.0573683836338773
4.0,17.8568,16.96158958364373,0.0589567384040651,1.4659943592926035e-05,1.0,17.53947866671795,0.0570142373671317
5.0,17.8568,17.53601662539706,0.0570254933809608,9.392118544897888e-06,1.0,17.715862734036236,0.0564465877283396
6.0,17.8568,18.22955019071655,0.0548559887401529,6.411543485746808e-06,1.5,17.911941189713406,0.055828678165507
7.5,17.8568,19.07820780053722,0.0524158249273205,4.019467817314597e-06,1.5,18.147957135166685,0.0551026207827118
9.0,17.8568,20.056785447178644,0.0498584383142348,2.386116757321883e-06,nan,18.26193481811829,0.0547587103973159
nan,nan,nan,nan,1.535214409698005e-06,nan,18.412094094963408,0.054312127389874
nan,nan,nan,nan,1.0581127186140828e-06,nan,18.536761647689502,0.0539468553896329
nan,nan,nan,nan,6.695345641764576e-07,nan,18.70905026222009,0.0534500675333231
Name:	26.366508987303583_10_80_1
Lambda:	26.366508987303583	Maximal Depth:	10	Filter time:	10 to 80 [us]
Chi2:	0.3238962940268712	RelRMS:	1.676221754206699	AbsRMS:	3.3485381796391305e-07	Phi model:	0.0085358176601765
depth_vector,start_model,resistivity_model,conductivity_model,E/I[V/A],modelled_thickness,rhoa,sigma
0.0,17.8568,15.827152417505898,0.0631825595420394,9.424056777461246e-05,1.0,16.61939441764739,0.0601706641571816
1.0,17.8568,15.939333925486782,0.0627378788018872,5.988024429528488e-05,1.0,16.783884828643295,0.0595809617504884
2.0,17.8568,16.166035218798775,0.061858086195256,4.018698206925968e-05,1.0,17.093402627854925,0.058502102932416
3.0,17.8568,16.509446632715107,0.0605713820848725,2.485117708212603e-05,1.0,17.431936386619206,0.0573659734536205
4.0,17.8568,16.970659611940416,0.0589252287693289,1.465953871262787e-05,1.0,17.539801612607913,0.0570131876110378
5.0,17.8568,17.5496545278354,0.0569811786559049,9.392168281991988e-06,1.0,17.715800189990098,0.0564467870079629
6.0,17.8568,18.24466841707156,0.0548105329809282,6.411762932850546e-06,1.5,17.9115324881774,0.0558299520524028
7.5,17.8568,19.086940706658005,0.0523918429552817,4.019756795363632e-06,1.5,18.14708736047606,0.0551052618051521
9.0,17.8568,20.048287070453465,0.049879573077032,2.3863885594767417e-06,nan,18.26054814048381,0.0547628686886452
nan,nan,nan,nan,1.535443922137014e-06,nan,18.41025926841571,0.0543175403138173
nan,nan,nan,nan,1.0583013753523444e-06,nan,18.53455862752869,0.0539532675202061
nan,nan,nan,nan,6.696773601544137e-07,nan,18.70639060127425,0.0534576670248658
Name:	33.59818286283781_10_80_1
Lambda:	33.59818286283781	Maximal Depth:	10	Filter time:	10 to 80 [us]
Chi2:	0.3236114986853923	RelRMS:	1.6762796809271507	AbsRMS:	3.307808472077472e-07	Phi model:	0.0084702625427504
depth_vector,start_model,resistivity_model,conductivity_model,E/I[V/A],modelled_thickness,rhoa,sigma
0.0,17.8568,15.82201832159739,0.0632030616874573,9.422357421851606e-05,1.0,16.62139260210761,0.0601634305824169
1.0,17.8568,15.935948791117005,0.0627512056613421,5.987086796178418e-05,1.0,16.785637124315627,0.059574741941216
2.0,17.8568,16.165999130282465,0.0618582242854869,4.018174899010346e-05,1.0,17.094886704411177,0.058497024127218
3.0,17.8568,16.51369954172209,0.0605557826381354,2.484889069325256e-05,1.0,17.43300566504853,0.057362454829284
4.0,17.8568,16.979200145950333,0.0588955893919718,1.4658872455057864e-05,1.0,17.540333073997147,0.057011460146242
5.0,17.8568,17.561242810752887,0.0569435780130374,9.392137664544236e-06,1.0,17.715838691150065,0.0564466643343026
6.0,17.8568,18.256632819281176,0.0547746131446474,6.411980589611789e-06,1.5,17.911127144030097,0.0558312155320335
7.5,17.8568,19.09265375167293,0.0523761658806795,4.020080854454009e-06,1.5,18.146112121777065,0.0551082233642712
9.0,17.8568,20.038685755240344,0.0499034723242011,2.3866982258906727e-06,nan,18.25896860808931,0.0547676060715153
nan,nan,nan,nan,1.5357069014841686e-06,nan,18.408157454087867,0.0543237422047328
nan,nan,nan,nan,1.0585184841842843e-06,nan,18.532024170797985,0.0539606462188712
nan,nan,nan,nan,6.698419336487923e-07,nan,18.70332649317137,0.0534664248290325
Name:	42.81332398719393_10_80_1
Lambda:	42.81332398719393	Maximal Depth:	10	Filter time:	10 to 80 [us]
Chi2:	0.322991583267793	RelRMS:	1.6758941828907203	AbsRMS:	3.250275366442726e-07	Phi model:	0.0083923248640753
depth_vector,start_model,resistivity_model,conductivity_model,E/I[V/A],modelled_thickness,rhoa,sigma
0.0,17.8568,15.821040929735252,0.0632069662445866,9.41987666303794e-05,1.0,16.624310676872312,0.0601528700610243
1.0,17.8568,15.936220098134932,0.0627501373501382,5.985749455657253e-05,1.0,16.788137204108317,0.059565870104712
2.0,17.8568,16.168640912950437,0.0618481173144886,4.0174443906315845e-05,1.0,17.096958930488558,0.0584899340324627
3.0,17.8568,16.519296864734503,0.0605352641936477,2.484574603940548e-05,1.0,17.43447659725268,0.0573576152069618
4.0,17.8568,16.987570893365692,0.0588665681678208,1.4657901270100249e-05,1.0,17.54110784246328,0.0570089420224196
5.0,17.8568,17.571195491931558,0.0569113240165807,9.39202041324338e-06,1.0,17.715986135520847,0.0564461945471374
6.0,17.8568,18.2658085413242,0.0547470974382338,6.412205222631797e-06,1.5,17.91070883197943,0.0558325194932825
7.5,17.8568,19.09543613732396,0.0523685341779337,4.020455490796407e-06,1.5,18.14498483679276,0.0551116470470832
9.0,17.8568,20.02751037319499,0.0499313185396428,2.3870609394255903e-06,nan,18.257118929635688,0.0547731547268808
nan,nan,nan,nan,1.536016362081255e-06,nan,18.405684915020053,0.0543310398182435
nan,nan,nan,nan,1.0587748543445164e-06,nan,18.52903250564027,0.0539693586103644
nan,nan,nan,nan,6.700365048058531e-07,nan,18.69970549242456,0.0534767780383017
Name:	54.5559478116852_10_80_1
Lambda:	54.5559478116852	Maximal Depth:	10	Filter time:	10 to 80 [us]
Chi2:	0.3220529859292819	RelRMS:	1.6751762270712214	AbsRMS:	3.174044664586463e-07	Phi model:	0.0082974805659466
depth_vector,start_model,resistivity_model,conductivity_model,E/I[V/A],modelled_thickness,rhoa,sigma
0.0,17.8568,15.8243071952988,0.0631939198132533,9.416475645910432e-05,1.0,16.628313318239027,0.0601383905187265
1.0,17.8568,15.94027825263246,0.0627341621113078,5.98393829007503e-05,1.0,16.791524556627085,0.0595538538878729
2.0,17.8568,16.174172547592146,0.0618269649997563,4.016466586308501e-05,1.0,17.099733641669697,0.058480443084981
3.0,17.8568,16.526545837951794,0.0605087118509414,2.48415718870159e-05,1.0,17.43642956342248,0.0573511908709661
4.0,17.8568,16.996156175008124,0.0588368328522682,1.4656571222499255e-05,1.0,17.5421690345252,0.0570054933361931
5.0,17.8568,17.579916173954928,0.0568830926214269,9.391808673750785e-06,1.0,17.71625240725831,0.0564453461721002
6.0,17.8568,18.2725177552044,0.05472699566622,6.4124476052088415e-06,1.5,17.91025749406292,0.0558339264709896
7.5,17.8568,19.095308562601968,0.0523688840492734,4.020899697756739e-06,1.5,18.143648439870137,0.0551157063759309
9.0,17.8568,20.0142008065002,0.0499645231737267,2.387495171863556e-06,nan,18.25490515242625,0.0547797970819415
nan,nan,nan,nan,1.5363880890720142e-06,nan,18.402715975144208,0.0543398051326042
nan,nan,nan,nan,1.0590835824384068e-06,nan,18.52543146102624,0.0539798493818509
nan,nan,nan,nan,6.702710174494946e-07,nan,18.695343502506567,0.0534892552183342
Name:	69.51927961775606_10_80_1
Lambda:	69.51927961775606	Maximal Depth:	10	Filter time:	10 to 80 [us]
Chi2:	0.3208393585365254	RelRMS:	1.67432448858365	AbsRMS:	3.077530178367084e-07	Phi model:	0.0081807967576939
depth_vector,start_model,resistivity_model,conductivity_model,E/I[V/A],modelled_thickness,rhoa,sigma
0.0,17.8568,15.832054177747176,0.0631629975979715,9.411979577854926e-05,1.0,16.633608419495488,0.0601192462140653
1.0,17.8568,15.948389816200851,0.0627022546805427,5.9815607103239645e-05,1.0,16.795973846298608,0.0595380779436241
2.0,17.8568,16.18291463838117,0.0617935657664714,4.015191814546224e-05,1.0,17.103352747192577,0.0584680684998527
3.0,17.8568,16.53582472856923,0.0604747580731357,2.483615823266065e-05,1.0,17.43896327181688,0.0573428583117725
4.0,17.8568,17.00536768432231,0.0588049619722087,1.4654816210803854e-05,1.0,17.543569534170853,0.0570009425990662
5.0,17.8568,17.587790688118666,0.0568576245722292,9.391492701521689e-06,1.0,17.71664977485849,0.0564440801566834
6.0,17.8568,18.277022597351728,0.0547135067910293,6.41272080593794e-06,1.5,17.909748804091027,0.0558355123200597
7.5,17.8568,19.092202114211123,0.0523774048702144,4.021436505092327e-06,1.5,18.142033782974533,0.0551206117220691
9.0,17.8568,19.9980957257556,0.0500047611389367,2.3880231898224144e-06,nan,18.25221414756908,0.0547878735103042
nan,nan,nan,nan,1.536841064732782e-06,nan,18.39909972959941,0.0543504853333262
nan,nan,nan,nan,1.0594604053948976e-06,nan,18.52103851929913,0.0539926526775476
nan,nan,nan,nan,6.705574052940533e-07,nan,18.69002007031569,0.0535044904306038
Name:	88.58667904100822_10_80_1
Lambda:	88.58667904100822	Maximal Depth:	10	Filter time:	10 to 80 [us]
Chi2:	0.3194422349413466	RelRMS:	1.67368196279793	AbsRMS:	2.960227000103028e-07	Phi model:	0.0080368120052496
depth_vector,start_model,resistivity_model,conductivity_model,E/I[V/A],modelled_thickness,rhoa,sigma
0.0,17.8568,15.844688375671565,0.0631126328451767,9.406173107932336e-05,1.0,16.640453046019474,0.0600945176933874
1.0,17.8568,15.960975584706736,0.0626528118342694,5.978503309369159e-05,1.0,16.801699655130204,0.0595177881122676
2.0,17.8568,16.19531200079331,0.0617462633601017,4.013559635692215e-05,1.0,17.107989336072674,0.0584522225467765
3.0,17.8568,16.5475943969816,0.0604317447001485,2.4829251730572523e-05,1.0,17.442197002057025,0.0573322271203602
4.0,17.8568,17.015650507215334,0.0587694252168589,1.465255676307448e-05,1.0,17.545372985510788,0.0569950835941654
5.0,17.8568,17.59518637780305,0.0568337259138974,9.391060920527598e-06,1.0,17.717192819930684,0.056442350103853
6.0,17.8568,18.279517323727006,0.0547060396776445,6.413040735412289e-06,1.5,17.90915315278205,0.0558373693869862
7.5,17.8568,19.085945019224944,0.0523945761654828,4.02209369280407e-06,1.5,18.140057524291564,0.0551266168070794
9.0,17.8568,19.978418780576995,0.0500540113300757,2.388671682583169e-06,nan,18.248910508293832,0.0547977918761515
nan,nan,nan,nan,1.537397983112163e-06,nan,18.394656110939167,0.0543636148438408
nan,nan,nan,nan,1.0599241191700577e-06,nan,18.51563619102804,0.0540084061753471
nan,nan,nan,nan,6.709099040905779e-07,nan,18.68347295513334,0.0535232396247426
Name:	112.88378916846884_10_80_1
Lambda:	112.88378916846884	Maximal Depth:	10	Filter time:	10 to 80 [us]
Chi2:	0.3176739342837378	RelRMS:	1.67020585047609	AbsRMS:	2.9372768227019094e-07	Phi model:	0.0080294341135067
depth_vector,start_model,resistivity_model,conductivity_model,E/I[V/A],modelled_thickness,rhoa,sigma
0.0,17.8568,15.842614400633089,0.0631208949931924,9.405211550174372e-05,1.0,16.641587203325447,0.0600904221323415
1.0,17.8568,15.959539857672851,0.062658448108028,5.977881576517543e-05,1.0,16.802864614928158,0.0595136616831138
2.0,17.8568,16.195107618959206,0.0617470425963286,4.013139557624267e-05,1.0,17.10918317539819,0.0584481438855555
3.0,17.8568,16.549011896361183,0.0604265684418222,2.482668691672888e-05,1.0,17.44339826901759,0.0573282788466836
4.0,17.8568,17.018784936383124,0.0587586013771276,1.4651115553517365e-05,1.0,17.54652357569797,0.0569913462165807
5.0,17.8568,17.599739753575246,0.0568190219856437,9.390183087173775e-06,1.0,17.718296987289058,0.0564388327341725
6.0,17.8568,18.28473246674823,0.0546904365058965,6.412468591263998e-06,1.5,17.910218417499156,0.0558340482896038
7.5,17.8568,19.089810885255115,0.052383965771625,4.021759060079625e-06,1.5,18.14106374613024,0.0551235591249887
9.0,17.8568,19.978111054427217,0.0500547823202933,2.388490830489776e-06,nan,18.249831679095468,0.0547950259259357
nan,nan,nan,nan,1.5372913774626363e-06,nan,18.39550650344448,0.0543611017077868
nan,nan,nan,nan,1.0598560028979122e-06,nan,18.516429507982465,0.054006092241968
nan,nan,nan,nan,6.708710219798486e-07,nan,18.684194848337228,0.0535211716703432
Name:	143.8449888287663_10_80_1
Lambda:	143.8449888287663	Maximal Depth:	10	Filter time:	10 to 80 [us]
Chi2:	0.3159624673406714	RelRMS:	1.6704696842541136	AbsRMS:	2.770070090628009e-07	Phi model:	0.0078076202743189
depth_vector,start_model,resistivity_model,conductivity_model,E/I[V/A],modelled_thickness,rhoa,sigma
0.0,17.8568,15.867204340532616,0.0630230744205839,9.395840602864122e-05,1.0,16.652650362904033,0.0600505011639247
1.0,17.8568,15.983229209862987,0.0625655796378692,5.9729687530323855e-05,1.0,16.81207702940784,0.0594810503336851
2.0,17.8568,16.216904866843233,0.0616640479925722,4.010528687111384e-05,1.0,17.116607801929707,0.0584227909859137
3.0,17.8568,16.567701869733487,0.0603584014163629,2.481568446581073e-05,1.0,17.448553770692953,0.0573113401340818
4.0,17.8568,17.03285262852962,0.0587100717542183,1.4647488113602863e-05,1.0,17.54942037878446,0.0569819389139998
5.0,17.8568,17.607300169130482,0.0567946244111418,9.389455118599689e-06,1.0,17.719212780347448,0.0564359157709934
6.0,17.8568,18.28349994755901,0.0546941232733455,6.412938092428698e-06,1.5,17.909344250214875,0.0558367735875087
7.5,17.8568,19.076143371582425,0.0524214973918518,4.022766548424726e-06,1.5,18.13803470744002,0.0551327647195322
9.0,17.8568,19.948100611598903,0.0501300860402992,2.3894873008421107e-06,nan,18.24475759747516,0.0548102650669574
nan,nan,nan,nan,1.5381477552099884e-06,nan,18.388677959373886,0.0543812884324419
nan,nan,nan,nan,1.0605696095452972e-06,nan,18.50812269543568,0.0540303312472967
nan,nan,nan,nan,6.714135135222784e-07,nan,18.67412913580125,0.0535500206048614
Name:	183.29807108324357_10_80_1
Lambda:	183.2980710832436	Maximal Depth:	10	Filter time:	10 to 80 [us]
Chi2:	0.3149013997636962	RelRMS:	1.673552072939046	AbsRMS:	2.601884719751213e-07	Phi model:	0.0075383854187714
depth_vector,start_model,resistivity_model,conductivity_model,E/I[V/A],modelled_thickness,rhoa,sigma
0.0,17.8568,15.89906701682138,0.0628967724296016,9.384227217564788e-05,1.0,16.666386445342027,0.0600010088137301
1.0,17.8568,16.013724696034515,0.0624464338548064,5.966888650859723e-05,1.0,16.82349579946169,0.059440678199117
2.0,17.8568,16.244570906179476,0.0615590282916982,4.007302636352162e-05,1.0,17.125792972821287,0.0583914567685715
3.0,17.8568,16.590875095895537,0.0602740961052375,2.480211941408759e-05,1.0,17.45491529596193,0.0572904527489367
4.0,17.8568,17.049611026451583,0.0586523644702833,1.4643021519882144e-05,1.0,17.552988956770008,0.0569703543061998
5.0,17.8568,17.61541347796323,0.0567684659375718,9.388562749893292e-06,1.0,17.720335552166265,0.0564323399551964
6.0,17.8568,18.28042088571296,0.0547033356754684,6.413521676529441e-06,1.5,17.908257819847268,0.0558401610061546
7.5,17.8568,19.05811571573615,0.0524710844931173,4.024011247269013e-06,1.5,18.13429423497924,0.0551441366861193
9.0,17.8568,19.911377899786523,0.0502225413546453,2.3907157323624134e-06,nan,18.2385072084313,0.0548290487029398
nan,nan,nan,nan,1.5392026200056198e-06,nan,18.38027543325652,0.0544061487887521
nan,nan,nan,nan,1.061448345338401e-06,nan,18.49790646914806,0.0540601717101262
nan,nan,nan,nan,6.720813006924667e-07,nan,18.661757210101044,0.0535855219174499
Name:	233.57214690901213_10_80_1
Lambda:	233.57214690901213	Maximal Depth:	10	Filter time:	10 to 80 [us]
Chi2:	0.3084739000337302	RelRMS:	1.6497335313963108	AbsRMS:	2.929043250409129e-07	Phi model:	0.0081655187877755
depth_vector,start_model,resistivity_model,conductivity_model,E/I[V/A],modelled_thickness,rhoa,sigma
0.0,17.8568,15.824146818771316,0.0631945602788363,9.40605609811895e-05,1.0,16.640591048759294,0.0600940193211802
1.0,17.8568,15.943285711646151,0.062722328263209,5.977673017983659e-05,1.0,16.803255442643355,0.0595122774520344
2.0,17.8568,16.183232621990186,0.0617923515874804,4.012519745835658e-05,1.0,17.110945027651436,0.0584421256911287
3.0,17.8568,16.54333911044003,0.0604472889858691,2.481939930775977e-05,1.0,17.446812653170188,0.0573170595614949
4.0,17.8568,17.020616864269396,0.0587522771926823,1.464503340482086e-05,1.0,17.55138133996454,0.0569755724994133
5.0,17.8568,17.60966414400354,0.0567870001280246,9.38530673959886e-06,1.0,17.72443374955484,0.0564192918165927
6.0,17.8568,18.3024781422323,0.054637409875799,6.408545416060543e-06,1.5,17.917527175109203,0.055811272963447
7.5,17.8568,19.11293995422013,0.0523205745633706,4.018871663561264e-06,1.5,18.14975178570648,0.0550971722262082
9.0,17.8568,20.00234997208699,0.0499941257599975,2.386549186617363e-06,nan,18.25972877821408,0.0547653260432385
nan,nan,nan,nan,1.5359195470121082e-06,nan,18.406458362188868,0.054328756804961
nan,nan,nan,nan,1.058839643681702e-06,nan,18.5282766493058,0.0539715602766254
nan,nan,nan,nan,6.701763810764768e-07,nan,18.69710345497491,0.0534842202915618
Name:	297.63514416313194_10_80_1
Lambda:	297.63514416313194	Maximal Depth:	10	Filter time:	10 to 80 [us]
Chi2:	0.3053077675457007	RelRMS:	1.649457819291274	AbsRMS:	2.621298654125015e-07	Phi model:	0.0077325176591394
depth_vector,start_model,resistivity_model,conductivity_model,E/I[V/A],modelled_thickness,rhoa,sigma
0.0,17.8568,15.87676863778234,0.0629851087972823,9.387483333070986e-05,1.0,16.662532319226525,0.0600148873437516
1.0,17.8568,15.993350010153462,0.062525987323803,5.967954512855598e-05,1.0,16.821492649854505,0.0594477565585506
2.0,17.8568,16.2280547997291,0.0616216800066939,4.007364622895326e-05,1.0,17.125616369402003,0.0583920589151278
3.0,17.8568,16.580033964080616,0.0603135073285388,2.479770254987708e-05,1.0,17.45698789931499,0.0572836508662092
4.0,17.8568,17.046060069572345,0.0586645826612464,1.463783899886156e-05,1.0,17.557131798127344,0.0569569113849598
5.0,17.8568,17.620472912707626,0.0567521657877192,9.383815330656412e-06,1.0,17.72631171197495,0.0564133146391899
6.0,17.8568,18.295032678095385,0.0546596454674442,6.409415771710571e-06,1.5,17.9159050850957,0.0558163260661557
7.5,17.8568,19.082463392370183,0.0524041356421432,4.020805999191182e-06,1.5,18.143930311586143,0.0551148501359394
9.0,17.8568,19.94453536327736,0.0501390472019337,2.3884680499273623e-06,nan,18.24994772021752,0.0547946775152779
nan,nan,nan,nan,1.5375703132435996e-06,nan,18.39328164253472,0.0543676772549106
nan,nan,nan,nan,1.060216190677822e-06,nan,18.512235539881345,0.0540183273838363
nan,nan,nan,nan,6.71223127879524e-07,nan,18.67766012063751,0.0535398970503307
Name:	379.26901907322497_10_80_1
Lambda:	379.26901907322497	Maximal Depth:	10	Filter time:	10 to 80 [us]
Chi2:	0.3056454070526592	RelRMS:	1.659889951737157	AbsRMS:	2.4215756828727457e-07	Phi model:	0.0072289963743279
depth_vector,start_model,resistivity_model,conductivity_model,E/I[V/A],modelled_thickness,rhoa,sigma
0.0,17.8568,15.940797305049346,0.0627321194080577,9.365359727495194e-05,1.0,16.688763047439323,0.0599205583515931
1.0,17.8568,16.05416654754316,0.0622891258190562,5.9563934697787714e-05,1.0,16.84325203000287,0.0593709574741683
2.0,17.8568,16.282306170578536,0.0614163613878578,4.001243974415963e-05,1.0,17.143076468148212,0.0583325870276549
3.0,17.8568,16.624170423065838,0.0601533775551598,2.477204727621121e-05,1.0,17.469038754516752,0.057244134268203
4.0,17.8568,17.07631062939912,0.0585606587806131,1.462941120294252e-05,1.0,17.563874093642674,0.0569350471694598
5.0,17.8568,17.632844118784902,0.0567123484596942,9.382146830932586e-06,1.0,17.728413254416242,0.056406627352896
6.0,17.8568,18.285351143061103,0.0546885860805291,6.410537205552316e-06,1.5,17.913815599461127,0.0558228365390833
7.5,17.8568,19.04541863862749,0.0525060655779874,4.023171197973906e-06,1.5,18.13681847439952,0.0551364618558387
9.0,17.8568,19.8755643866113,0.0503130366790301,2.3907943292782687e-06,nan,18.238107481235133,0.0548302503990001
nan,nan,nan,nan,1.5395652568205511e-06,nan,18.377389065950755,0.0544146938616421
nan,nan,nan,nan,1.061877138242283e-06,nan,18.49292641721449,0.0540747298420617
nan,nan,nan,nan,6.724845936189388e-07,nan,18.654295421189868,0.0536069563294294
Name:	483.2930238571752_10_80_1
Lambda:	483.2930238571752	Maximal Depth:	10	Filter time:	10 to 80 [us]
Chi2:	0.3117818493479224	RelRMS:	1.687006214428756	AbsRMS:	2.470348116777726e-07	Phi model:	0.0066556278740325
depth_vector,start_model,resistivity_model,conductivity_model,E/I[V/A],modelled_thickness,rhoa,sigma
0.0,17.8568,16.0173621374741,0.0624322526654003,9.339439150910575e-05,1.0,16.719627321173025,0.0598099455682031
1.0,17.8568,16.126806045251424,0.0620085587433757,5.942868808748597e-05,1.0,16.86879670272554,0.059281051139731
2.0,17.8568,16.34693993139746,0.0611735287580831,3.994099911406703e-05,1.0,17.16351240121558,0.0582631326632872
3.0,17.8568,16.67652505067991,0.0599645307976933,2.4742252070400256e-05,1.0,17.483060361342215,0.0571982238425005
4.0,17.8568,17.111910124716736,0.0584388296053275,1.461974298216616e-05,1.0,17.571616715006403,0.0569099597503732
5.0,17.8568,17.647027635914412,0.0566667668137407,9.380353119914348e-06,1.0,17.73067320038453,0.0563994377821093
6.0,17.8568,18.27333684528832,0.0547245425652975,6.411979590962723e-06,1.5,17.911129003770885,0.0558312097349902
7.5,17.8568,19.0012862645858,0.0526280161287701,4.026036836058376e-06,1.5,18.12821121331185,0.0551626406065747
9.0,17.8568,19.794424414481696,0.0505192764922426,2.3935840839064326e-06,nan,18.22393355303971,0.0548728954201658
nan,nan,nan,nan,1.5419485183157716e-06,nan,18.35844791735437,0.0544708356883858
nan,nan,nan,nan,1.063857575893571e-06,nan,18.4699687951874,0.0541419431233995
nan,nan,nan,nan,6.739864704618604e-07,nan,18.626572936212163,0.0536867411640649
Name:	615.8482110660261_10_80_1
Lambda:	615.8482110660261	Maximal Depth:	10	Filter time:	10 to 80 [us]
Chi2:	0.3265707552428726	RelRMS:	1.7375502905023763	AbsRMS:	2.874845948520201e-07	Phi model:	0.0060187610431013
depth_vector,start_model,resistivity_model,conductivity_model,E/I[V/A],modelled_thickness,rhoa,sigma
0.0,17.8568,16.107252472582072,0.0620838347013067,9.309638753646034e-05,1.0,16.755288289163087,0.0596826496054249
1.0,17.8568,16.21201285596955,0.0616826552559623,5.927346695022016e-05,1.0,16.898233733724062,0.0591777824687254
2.0,17.8568,16.422611922248056,0.0608916538206251,3.985922299059219e-05,1.0,17.18697975974805,0.0581835793128704
3.0,17.8568,16.737624725108123,0.059745633948878,2.470835088870588e-05,1.0,17.499048503864838,0.0571459642379492
4.0,17.8568,17.153221293929267,0.0582980877390016,1.4608910910535325e-05,1.0,17.580301528373813,0.0568818457627729
5.0,17.8568,17.66319361124202,0.0566149033979639,9.37851566058706e-06,1.0,17.73298901298467,0.0563920723837232
6.0,17.8568,18.258946588950334,0.054767672117797,6.413818552601188e-06,1.5,17.907705203211275,0.0558418841862929
7.5,17.8568,18.949779294535503,0.0527710631589449,4.029465574532316e-06,1.5,18.117926025778463,0.0551939553444022
9.0,17.8568,19.70056503804594,0.0507599654156512,2.3968835362718585e-06,nan,18.207205496685173,0.0549233104543177
nan,nan,nan,nan,1.5447548407887055e-06,nan,18.336206918186,0.0545369063766504
nan,nan,nan,nan,1.0661843658341131e-06,nan,18.443087025317176,0.054220857854614
nan,nan,nan,nan,6.757479706387084e-07,nan,18.59418908471001,0.053780242603981
Name:	784.7599703514607_10_80_1
Lambda:	784.7599703514607	Maximal Depth:	10	Filter time:	10 to 80 [us]
Chi2:	0.3532256887755365	RelRMS:	1.8178042947396216	AbsRMS:	3.620315041360586e-07	Phi model:	0.0053315142289006
depth_vector,start_model,resistivity_model,conductivity_model,E/I[V/A],modelled_thickness,rhoa,sigma
0.0,17.8568,16.210689183426155,0.061687691910249,9.276106040162449e-05,1.0,16.795643750903178,0.0595392480830766
1.0,17.8568,16.309989243709857,0.0613121189142207,5.909915232160022e-05,1.0,16.93144530095787,0.0590617033705579
2.0,17.8568,16.509490667651598,0.0605712205258628,3.9767668408765376e-05,1.0,17.213348644241265,0.0580944487134727
3.0,17.8568,16.807595520535855,0.0594969101188911,2.4670666208764112e-05,1.0,17.516863946853434,0.0570878442073891
4.0,17.8568,17.20032850628979,0.0581384244861556,1.4597097048218268e-05,1.0,17.58978575463339,0.0568511756737336
5.0,17.8568,17.681396744426163,0.0565566179218979,9.376747651152753e-06,1.0,17.735218009496016,0.0563849849189656
6.0,17.8568,18.242229348985106,0.0548178613956322,6.41612972676756e-06,1.5,17.90340455130794,0.0558552981995228
7.5,17.8568,18.890968500669448,0.0529353484425408,4.033504247062115e-06,1.5,18.105829912471325,0.0552308292320363
9.0,17.8568,19.594111793512376,0.0510357402539216,2.400720818810238e-06,nan,18.18779887607864,0.0549819143489233
nan,nan,nan,nan,1.5480026527000805e-06,nan,18.310550892005192,0.0546133213521512
nan,nan,nan,nan,1.0688704497826613e-06,nan,18.412175607128116,0.0543118869457696
nan,nan,nan,nan,6.777775399079729e-07,nan,18.5570509857384,0.0538878726349637
Name:	1000.0_10_80_1
Lambda:	1000.0	Maximal Depth:	10	Filter time:	10.0 to 80.0 [us]
Chi2:	0.3949133943513776	RelRMS:	1.9319188095502766	AbsRMS:	4.621532501413459e-07	Phi model:	0.004613920847153923
depth_vector,start_model,resistivity_model,conductivity_model,E/I[V/A],modelled_thickness,rhoa,sigma
0.0,17.8568,16.3270989780626,0.06124786781433854,9.239269360683255e-05,1.0,16.840256611369146,0.05938151793511762
1.0,17.8568,16.42018305080885,0.06090066090650193,5.8908095764951496e-05,1.0,16.968034697906948,0.058934344360066206
2.0,17.8568,16.60707178631348,0.06021531145690224,3.9667673471336273e-05,1.0,17.24226430310927,0.05799702303714667
3.0,17.8568,16.886016697482887,0.0592205976054178,2.462985056763305e-05,1.0,17.53621078801002,0.05702486198921188
4.0,17.8568,17.252943119621182,0.05796112541881241,1.4584594330134867e-05,1.0,17.599836941438202,0.05681870822595719
5.0,17.8568,17.70154319851069,0.0564922497878114,9.375186743853815e-06,1.0,17.73718648677393,0.056378727299601264
6.0,17.8568,18.223362812023396,0.05487461399496589,6.418977237955992e-06,1.5,17.898109427923405,0.05587182288872748
7.5,17.8568,18.825395708242258,0.053119733337779106,4.038171764229295e-06,1.5,18.091875485362454,0.05527342926989893
9.0,17.8568,19.4760577395007,0.051345093210102416,2.4050960359027255e-06,nan,18.16573469418266,0.05504869562584975
nan,nan,nan,nan,1.5516861692310736e-06,nan,18.281561382958557,0.05469992300177191
nan,nan,nan,nan,1.071908535418924e-06,nan,18.377369015838358,0.054414753229265825
nan,nan,nan,nan,6.800682149835253e-07,nan,18.51535705717826,0.054009220395364065
