Name:	10.0_10_80_1
Lambda:	10	Maximal Depth:	10	Filter time:	10 to 80 [us]
Chi2:	0.3796095849409668	RelRMS:	2.0854313035800325	AbsRMS:	7.295113761973573e-07	Phi model:	0.0364506739304303
depth_vector,start_model,resistivity_model,conductivity_model,E/I[V/A],modelled_thickness,rhoa,sigma
0.0,16.0922,15.290068492971477,0.0654019307015975,0.0001118257972547,1.0,14.827882025383005,0.0674405149898115
1.0,16.0922,15.145431086986507,0.066026512831268,7.099537867727856e-05,1.0,14.98286315903384,0.066742917517541
2.0,16.0922,14.896032144723156,0.0671319711373102,4.7578951357883616e-05,1.0,15.273627940332874,0.0654723294234052
3.0,16.0922,14.626626383034626,0.0683684654145467,2.933469592360725e-05,1.0,15.607112032712756,0.0640733530908206
4.0,16.0922,14.456065215423266,0.0691751168176174,1.7218889686291202e-05,1.0,15.755594112590256,0.0634695202766681
5.0,16.0922,14.522342383547509,0.0688594149338407,1.0980180241343016e-05,1.0,15.963631870166566,0.0626423866531799
6.0,16.0922,14.982889868609147,0.0667427985368238,7.464653595341273e-06,1.5,16.184946829276008,0.061785806932103
7.5,16.0922,16.378369801872083,0.0610561375824899,4.653993957112822e-06,1.5,16.458474234762786,0.0607589735072676
9.0,16.0922,19.284968247514865,0.0518538577385972,2.7454429507202983e-06,nan,16.631559213937567,0.0601266536189812
nan,nan,nan,nan,1.7569294537818509e-06,nan,16.828535712151396,0.0594228765416547
nan,nan,nan,nan,1.2056552111542534e-06,nan,16.99181367069879,0.0588518694578455
nan,nan,nan,nan,7.588305020537606e-07,nan,17.21091223848906,0.0581026726615735
Name:	12.742749857031335_10_80_1
Lambda:	12.742749857031336	Maximal Depth:	10	Filter time:	10 to 80 [us]
Chi2:	0.3842555052421099	RelRMS:	2.1025648299669704	AbsRMS:	7.515512304209952e-07	Phi model:	0.0301266541795676
depth_vector,start_model,resistivity_model,conductivity_model,E/I[V/A],modelled_thickness,rhoa,sigma
0.0,16.0922,15.006217664734232,0.0666390440510587,0.0001119306316326,1.0,14.81862203688475,0.0674826578011719
1.0,16.0922,14.914094943003184,0.0670506660861201,7.102058040486342e-05,1.0,14.979318492884468,0.0667587113843012
2.0,16.0922,14.760762601932576,0.0677471772270813,4.7573044328430426e-05,1.0,15.274892240377492,0.0654669102906408
3.0,16.0922,14.613191478439424,0.0684313212124414,2.9319604439594345e-05,1.0,15.61246713634856,0.0640513758182282
4.0,16.0922,14.567832218623105,0.0686443930018378,1.7209266345609438e-05,1.0,15.761467201318736,0.0634458700593769
5.0,16.0922,14.740300190262984,0.0678412235227455,1.0974265023842057e-05,1.0,15.96936770599112,0.0626198869241915
6.0,16.0922,15.265390391420064,0.0655076597688619,7.460762760525388e-06,1.5,16.19057337483983,0.0617643351380008
7.5,16.0922,16.60599951571228,0.0602191996364819,4.652107680351659e-06,1.5,16.462922847737612,0.0607425552102021
9.0,16.0922,19.2233687580331,0.0520200185819209,2.745105607084892e-06,nan,16.632921744575587,0.0601217281820089
nan,nan,nan,nan,1.757153778775096e-06,nan,16.82710341805047,0.0594279345147007
nan,nan,nan,nan,1.206039857018856e-06,nan,16.98820064564711,0.0588643859852355
nan,nan,nan,nan,7.592724798071535e-07,nan,17.2042325297614,0.0581252315829905
Name:	16.237767391887218_10_80_1
Lambda:	16.237767391887218	Maximal Depth:	10	Filter time:	10 to 80 [us]
Chi2:	0.3940169934769511	RelRMS:	2.1304348887483906	AbsRMS:	7.779446617417651e-07	Phi model:	0.02566830530777
depth_vector,start_model,resistivity_model,conductivity_model,E/I[V/A],modelled_thickness,rhoa,sigma
0.0,16.0922,14.782616460447734,0.0676470232908763,0.000112040291818,1.0,14.808951241905502,0.0675267264821737
1.0,16.0922,14.724854776607472,0.0679123845478355,7.105533478781709e-05,1.0,14.974433666892748,0.0667804888148069
2.0,16.0922,14.647052880095105,0.0682731200731151,4.757710492435959e-05,1.0,15.274023110184643,0.0654706355219015
3.0,16.0922,14.597142332259876,0.0685065595195291,2.9312431995700235e-05,1.0,15.615013836861028,0.0640409294828407
4.0,16.0922,14.657284985685942,0.0682254592836656,1.720438290304799e-05,1.0,15.764449642066076,0.0634338668780156
5.0,16.0922,14.92304828209165,0.0670104378875491,1.097131824144929e-05,1.0,15.97222704912781,0.0626086767314396
6.0,16.0922,15.508350066708624,0.0644813920048577,7.458856658965346e-06,1.5,16.193331577990627,0.0617538148455604
7.5,16.0922,16.80330278747442,0.05951210977079,4.651362919333028e-06,1.5,16.46468012708829,0.0607360721423772
9.0,16.0922,19.16987076286012,0.0521651925759149,2.745311937765322e-06,nan,16.632088342002053,0.0601247407683999
nan,nan,nan,nan,1.7576524238628475e-06,nan,16.82392070716534,0.059439176955589
nan,nan,nan,nan,1.2065739987530169e-06,nan,16.983186571858358,0.058881764960236
nan,nan,nan,nan,7.597752476763455e-07,nan,17.196641960835038,0.0581508879627474
Name:	20.6913808111479_10_80_1
Lambda:	20.6913808111479	Maximal Depth:	10	Filter time:	10 to 80 [us]
Chi2:	0.4077373483192217	RelRMS:	2.166443076776385	AbsRMS:	8.090532167704615e-07	Phi model:	0.0222183661468449
depth_vector,start_model,resistivity_model,conductivity_model,E/I[V/A],modelled_thickness,rhoa,sigma
0.0,16.0922,14.557893921815367,0.0686912547495263,0.0001121605277052,1.0,14.798365903749518,0.0675750286554697
1.0,16.0922,14.547646674444856,0.0687396403266138,7.109859197948696e-05,1.0,14.968359307046958,0.066807589227846
2.0,16.0922,14.546031854604074,0.0687472714205202,4.758784402951969e-05,1.0,15.27172510721415,0.0654804871734899
3.0,16.0922,14.594265778600985,0.0685200622744764,2.930985857588812e-05,1.0,15.615927827350252,0.0640371812072906
4.0,16.0922,14.754213165425847,0.0677772503886104,1.7202208889736484e-05,1.0,15.765777820392712,0.0634285229306301
5.0,16.0922,15.103760507814076,0.0662086769372859,1.097006548885831e-05,1.0,15.973443016831029,0.0626039106876527
6.0,16.0922,15.73671532486921,0.0635456624432717,7.458075873585815e-06,1.5,16.194461744015435,0.0617495052201746
7.5,16.0922,16.98096015316449,0.0588894851045065,4.651276975547895e-06,1.5,16.46488294344473,0.0607353239883273
9.0,16.0922,19.11902443389516,0.0523039239505939,2.7458586932197964e-06,nan,16.62988041414847,0.0601327234529728
nan,nan,nan,nan,1.7583409908686577e-06,nan,16.819528251255743,0.0594546996242501
nan,nan,nan,nan,1.2072230984259877e-06,nan,16.97709834675288,0.0589028807853531
nan,nan,nan,nan,7.603374247264391e-07,nan,17.188164365794762,0.0581795693081715
Name:	26.366508987303583_10_80_1
Lambda:	26.366508987303583	Maximal Depth:	10	Filter time:	10 to 80 [us]
Chi2:	0.4219289771877917	RelRMS:	2.203473994674679	AbsRMS:	8.369343110210215e-07	Phi model:	0.0199211830547184
depth_vector,start_model,resistivity_model,conductivity_model,E/I[V/A],modelled_thickness,rhoa,sigma
0.0,16.0922,14.388680424587964,0.0694990763914082,0.0001122640247224,1.0,14.789269358584397,0.0676165925275782
1.0,16.0922,14.409150559082368,0.0694003436149593,7.1138163966739e-05,1.0,14.962807831628158,0.0668323760655546
2.0,16.0922,14.465063864011269,0.0691320833009231,4.760000277329892e-05,1.0,15.269124366488343,0.0654916402537615
3.0,16.0922,14.588671876134024,0.0685463357110612,2.931020943521388e-05,1.0,15.615803206272354,0.0640376922525722
4.0,16.0922,14.82898928467673,0.0674354793035916,1.7202031783707037e-05,1.0,15.765886032785092,0.0634280875759538
5.0,16.0922,15.248762783836566,0.0655790908531925,1.0970145280786113e-05,1.0,15.973365560952708,0.0626042142580474
6.0,16.0922,15.924347481864238,0.0627969215780345,7.458238715058215e-06,1.5,16.194226019050298,0.0617504040528788
7.5,16.0922,17.127992861876237,0.058383957073325,4.6517398830468255e-06,1.5,16.463790614640104,0.0607393536158537
9.0,16.0922,19.075475832831103,0.0524233318614723,2.7466350338032346e-06,nan,16.626746625791966,0.0601440571932915
nan,nan,nan,nan,1.7591225463860063e-06,nan,16.81454608227172,0.0594723161188598
nan,nan,nan,nan,1.207908501688848e-06,nan,16.970675531717575,0.0589251734930077
nan,nan,nan,nan,7.608976806237354e-07,nan,17.179726128670605,0.0582081456078125
Name:	33.59818286283781_10_80_1
Lambda:	33.59818286283781	Maximal Depth:	10	Filter time:	10 to 80 [us]
Chi2:	0.4353832963169405	RelRMS:	2.2395340131124057	AbsRMS:	8.602784473726462e-07	Phi model:	0.0183297103626168
depth_vector,start_model,resistivity_model,conductivity_model,E/I[V/A],modelled_thickness,rhoa,sigma
0.0,16.0922,14.25147636563906,0.0701681688509861,0.0001123491490404,1.0,14.781798092994462,0.0676507684456825
1.0,16.0922,14.29694515888016,0.0699450119509535,7.117128479027012e-05,1.0,14.958165332292436,0.0668531185332702
2.0,16.0922,14.39992485761255,0.0694448068228181,4.761080228967577e-05,1.0,15.266815291161706,0.0655015457335703
3.0,16.0922,14.585659556668327,0.068560492318828,2.931134811341661e-05,1.0,15.615398778385703,0.0640393507839303
4.0,16.0922,14.892741896737649,0.0671468025789835,1.7202629662822807e-05,1.0,15.76552073403767,0.063429557251541
5.0,16.0922,15.371131992775174,0.0650570173016551,1.0970825188943504e-05,1.0,15.972705596392789,0.0626068009558653
6.0,16.0922,16.082004264827095,0.0621813042412317,7.458874060259967e-06,1.5,16.19330639232668,0.0617539108920867
7.5,16.0922,17.249936762801855,0.0579712270108967,4.652498220079359e-06,1.5,16.462001548390457,0.0607459546799625
9.0,16.0922,19.03640533585305,0.0525309259998055,2.7475360679019618e-06,nan,16.623111348160823,0.060157209986483
nan,nan,nan,nan,1.759954874544017e-06,nan,16.809244308641155,0.0594910741755314
nan,nan,nan,nan,1.2086143882295962e-06,nan,16.964067116908602,0.058948128011311
nan,nan,nan,nan,7.614570968556967e-07,nan,17.17131086373891,0.0582366720826029
Name:	42.81332398719393_10_80_1
Lambda:	42.81332398719393	Maximal Depth:	10	Filter time:	10 to 80 [us]
Chi2:	0.4468542873249475	RelRMS:	2.272767947418607	AbsRMS:	8.770928568296839e-07	Phi model:	0.0172211036998081
depth_vector,start_model,resistivity_model,conductivity_model,E/I[V/A],modelled_thickness,rhoa,sigma
0.0,16.0922,14.142483033356152,0.0707089411131992,0.0001124107523741,1.0,14.776397119547852,0.0676754957185801
1.0,16.0922,14.208063178175411,0.0703825699153752,7.119451479439496e-05,1.0,14.9549113630551,0.0668676647907402
2.0,16.0922,14.34906479663804,0.069690952976552,4.761787659869359e-05,1.0,15.265303186168268,0.0655080339908407
3.0,16.0922,14.585269527598149,0.0685623257155314,2.931183630643774e-05,1.0,15.615225393368412,0.064040061850448
4.0,16.0922,14.946878185204824,0.0669036027195197,1.720323596204078e-05,1.0,15.765150312292205,0.0634310476076014
5.0,16.0922,15.473199596238803,0.0646278743953563,1.0971668167471264e-05,1.0,15.971887439416818,0.062610007977649
6.0,16.0922,16.21245827742696,0.061680960585251,7.4597166059952916e-06,1.5,16.192087055739066,0.0617585612378216
7.5,16.0922,17.349034269732982,0.0576400959530406,4.653415566459947e-06,1.5,16.459837997262536,0.0607539393866641
9.0,16.0922,19.00061122764353,0.052629885850468,2.74850334660578e-06,nan,16.61921101336272,0.0601713281813407
nan,nan,nan,nan,1.7608128048432368e-06,nan,16.803783826112248,0.0595104061292462
nan,nan,nan,nan,1.2093302677899925e-06,nan,16.957371715491792,0.0589714029259868
nan,nan,nan,nan,7.620144391595819e-07,nan,17.16293703731715,0.058265085854811
Name:	54.5559478116852_10_80_1
Lambda:	54.5559478116852	Maximal Depth:	10	Filter time:	10 to 80 [us]
Chi2:	0.4554695236416777	RelRMS:	2.3022419280917084	AbsRMS:	8.859410092381962e-07	Phi model:	0.0164283451998931
depth_vector,start_model,resistivity_model,conductivity_model,E/I[V/A],modelled_thickness,rhoa,sigma
0.0,16.0922,14.058109337232905,0.0711333207056157,0.0001124452001576,1.0,14.77337911539396,0.0676893209190031
1.0,16.0922,14.139681682543484,0.070722949953999,7.120534143667464e-05,1.0,14.95339541330826,0.066874443720656
2.0,16.0922,14.311007254504618,0.0698762834939681,4.761946167844836e-05,1.0,15.26496443311203,0.0655094877149433
3.0,16.0922,14.587610155066685,0.0685513246768986,2.9310596027651383e-05,1.0,15.615665896095289,0.0640382553426716
4.0,16.0922,14.992967091369414,0.0666979387005819,1.7203293070232204e-05,1.0,15.765115422858871,0.0634311879854704
5.0,16.0922,15.557610694808387,0.064277222230127,1.0972369091273304e-05,1.0,15.971207234125885,0.0626126745048606
6.0,16.0922,16.318892094991934,0.0612786697883055,7.460589729744271e-06,1.5,16.19082370864546,0.0617633801710796
7.5,16.0922,17.427737965014703,0.0573797931784061,4.654410230367598e-06,1.5,16.457492896715934,0.0607625964826968
9.0,16.0922,18.96676443406017,0.0527238055534774,2.7495106066815005e-06,nan,16.615151893422258,0.0601860281756369
nan,nan,nan,nan,1.7616916978427542e-06,nan,16.798194518115693,0.0595302071851572
nan,nan,nan,nan,1.2100596795647758e-06,nan,16.950556542222447,0.0589951130813364
nan,nan,nan,nan,7.625772738243497e-07,nan,17.1544910433493,0.0582937726029298
Name:	69.51927961775606_10_80_1
Lambda:	69.51927961775606	Maximal Depth:	10	Filter time:	10 to 80 [us]
Chi2:	0.4374604865902319	RelRMS:	2.437174581610184	AbsRMS:	6.961603452468811e-07	Phi model:	0.013987211211719
depth_vector,start_model,resistivity_model,conductivity_model,E/I[V/A],modelled_thickness,rhoa,sigma
0.0,16.0922,14.112933216307129,0.0708569922831156,0.0001118327968392,1.0,14.827263303517622,0.0674433291922967
1.0,16.0922,14.20213371210504,0.070411955011215,7.08819824154332e-05,1.0,14.998838520995678,0.0666718291953193
2.0,16.0922,14.386976774854896,0.0695073062012422,4.744730303804908e-05,1.0,15.301867251853787,0.0653515014567161
3.0,16.0922,14.67876299843161,0.0681256315744622,2.923967563649772e-05,1.0,15.640906074031568,0.0639349149765875
4.0,16.0922,15.094178480508976,0.0662507072704416,1.7183138409316917e-05,1.0,15.777440624682772,0.0633816360833306
5.0,16.0922,15.654585390063524,0.0638790472620713,1.0971727764520568e-05,1.0,15.97182960117138,0.0626102347051498
6.0,16.0922,16.385629677307584,0.0610290858327463,7.467556335412333e-06,1.5,16.180752352457738,0.0618018234391991
7.5,16.0922,17.40134322377151,0.057466828114391,4.664373581479742e-06,1.5,16.43404848941708,0.0608492789006898
9.0,16.0922,18.74963337511385,0.0533343761978454,2.758692709493909e-06,nan,16.578263215502776,0.0603199495026037
nan,nan,nan,nan,1.7693636457993214e-06,nan,16.74960145933736,0.0597029130769277
nan,nan,nan,nan,1.2163470996805907e-06,nan,16.892093351818318,0.0591992939639039
nan,nan,nan,nan,7.672992708400772e-07,nan,17.084038943924863,0.0585341676685654
Name:	88.58667904100822_10_80_1
Lambda:	88.58667904100822	Maximal Depth:	10	Filter time:	10 to 80 [us]
Chi2:	0.4410792417199065	RelRMS:	2.4621657462010584	AbsRMS:	6.864765117687477e-07	Phi model:	0.0135527427716548
depth_vector,start_model,resistivity_model,conductivity_model,E/I[V/A],modelled_thickness,rhoa,sigma
0.0,16.0922,14.071182676123762,0.071067231732896,0.0001118049482567,1.0,14.829725336021976,0.0674321322439439
1.0,16.0922,14.169572594676051,0.0705737588991026,7.086276750967894e-05,1.0,15.001549754324447,0.0666597795812218
2.0,16.0922,14.371849630380838,0.0695804663782515,4.743437840314006e-05,1.0,15.30464669964611,0.0653396330947726
3.0,16.0922,14.686803084814516,0.0680883371435649,2.9232893174283087e-05,1.0,15.643325261031418,0.0639250276596285
4.0,16.0922,15.127013846405756,0.0661069005524579,1.7181034338676854e-05,1.0,15.778728718340869,0.0633764619349606
5.0,16.0922,15.708310543228515,0.0636605698141788,1.0971571237981834e-05,1.0,15.971981509480967,0.0626096392239372
6.0,16.0922,16.44938112335766,0.0607925606745185,7.468165216651472e-06,1.5,16.179872860182964,0.0618051828120911
7.5,16.0922,17.443261778045976,0.057328727432079,4.665377104451264e-06,1.5,16.431691761533077,0.0608580062547801
9.0,16.0922,18.717710325762447,0.0534253379604679,2.7597360446257192e-06,nan,16.57408460948309,0.0603351571783238
nan,nan,nan,nan,1.7702799323506524e-06,nan,16.743821296724434,0.0597235232196146
nan,nan,nan,nan,1.2171137202356623e-06,nan,16.88499941825339,0.0592241654991683
nan,nan,nan,nan,7.678899785694483e-07,nan,17.075276431557818,0.0585642056225714
Name:	112.88378916846884_10_80_1
Lambda:	112.88378916846884	Maximal Depth:	10	Filter time:	10 to 80 [us]
Chi2:	0.4425105677601631	RelRMS:	2.4866934994444887	AbsRMS:	6.673191967529319e-07	Phi model:	0.0131571188528107
depth_vector,start_model,resistivity_model,conductivity_model,E/I[V/A],modelled_thickness,rhoa,sigma
0.0,16.0922,14.045433296224775,0.0711975187172607,0.0001117446791537,1.0,14.83505709724098,0.0674078969460778
1.0,16.0922,14.150733194527126,0.0706677163828341,7.082721063078445e-05,1.0,15.006570081611311,0.0666374790882678
2.0,16.0922,14.366088520017207,0.0696083696412308,4.741309429337357e-05,1.0,15.3092266076282,0.0653200860912023
3.0,16.0922,14.698304685924947,0.0680350571966028,2.9222645191974143e-05,1.0,15.646982314229566,0.0639100869367371
4.0,16.0922,15.15668269759506,0.0659774978438172,1.717758482959594e-05,1.0,15.7808410465879,0.0633679787438336
5.0,16.0922,15.75257848499364,0.0634816706961738,1.0970913825529489e-05,1.0,15.972619564787042,0.0626071381681551
6.0,16.0922,16.499018135018577,0.0606096673036279,7.468651173913921e-06,1.5,16.17917100993739,0.0618078639125447
7.5,16.0922,17.47199224796683,0.0572344576284005,4.6664454828908e-06,1.5,16.429183651921928,0.0608672969507536
9.0,16.0922,18.683408120524074,0.0535234253595028,2.760876104967661e-06,nan,16.569521623793577,0.0603517725318041
nan,nan,nan,nan,1.7712890082400985e-06,nan,16.737461562502,0.0597462163701312
nan,nan,nan,nan,1.2179627640195324e-06,nan,16.87715146627069,0.0592517050047526
nan,nan,nan,nan,7.685451129577002e-07,nan,17.065571348971286,0.0585975107162339
Name:	143.8449888287663_10_80_1
Lambda:	143.8449888287663	Maximal Depth:	10	Filter time:	10 to 80 [us]
Chi2:	0.454481991615917	RelRMS:	2.3874494911703983	AbsRMS:	8.210012921655118e-07	Phi model:	0.0144403359190912
depth_vector,start_model,resistivity_model,conductivity_model,E/I[V/A],modelled_thickness,rhoa,sigma
0.0,16.0922,13.91234716437572,0.071878597348449,0.0001122551903587,1.0,14.790045281550873,0.0676130451911057
1.0,16.0922,14.028677677299958,0.0712825558475919,7.10867637296924e-05,1.0,14.970019668498642,0.0668001794349206
2.0,16.0922,14.265908644194695,0.0700971823765979,4.754513062104446e-05,1.0,15.280870240038716,0.0654412991074169
3.0,16.0922,14.629925971660883,0.0683530458005778,2.9273414086653004e-05,1.0,15.62888603552509,0.0639840867562128
4.0,16.0922,15.128362856106571,0.0661010057407731,1.7191061961643693e-05,1.0,15.77259225320685,0.0634011191024533
5.0,16.0922,15.770225116541884,0.0634106357144558,1.0970463470534847e-05,1.0,15.973056696108022,0.0626054248116241
6.0,16.0922,16.565509579076828,0.0603663892877196,7.462853114132847e-06,1.5,16.18754990172588,0.0617758713376001
7.5,16.0922,17.58197079515227,0.0568764452888137,4.658824392175442e-06,1.5,16.447095779740827,0.0608010078734859
9.0,16.0922,18.82121173619901,0.0531315419015604,2.754194967213279e-06,nan,16.596307078609986,0.0602543683521523
nan,nan,nan,nan,1.7658315939685585e-06,nan,16.77192927960812,0.0596234328996267
nan,nan,nan,nan,1.2135365447361912e-06,nan,16.918164726820326,0.0591080661612605
nan,nan,nan,nan,7.652599730772689e-07,nan,17.114376335411297,0.0584304084707371
Name:	183.29807108324357_10_80_1
Lambda:	183.2980710832436	Maximal Depth:	10	Filter time:	10 to 80 [us]
Chi2:	0.4460355590626962	RelRMS:	2.406716687150136	AbsRMS:	7.745793356500692e-07	Phi model:	0.0139538464156849
depth_vector,start_model,resistivity_model,conductivity_model,E/I[V/A],modelled_thickness,rhoa,sigma
0.0,16.0922,13.915415885032758,0.0718627461990257,0.0001121091797063,1.0,14.802884168803262,0.0675544028174912
1.0,16.0922,14.03525872502054,0.0712491318893401,7.100653891852307e-05,1.0,14.98129319331495,0.066749911846477
2.0,16.0922,14.279008170100772,0.0700328753991421,4.750007245706518e-05,1.0,15.290532248424345,0.0653999470883721
3.0,16.0922,14.651224113157449,0.0682536825780963,2.92527812984164e-05,1.0,15.636234159611876,0.063954017942695
4.0,16.0922,15.157316976398532,0.065974736924556,1.7183557140274733e-05,1.0,15.777184312612563,0.0633826657650555
5.0,16.0922,15.803205150725946,0.0632783027532907,1.0968322238359086e-05,1.0,15.975135464977038,0.0625972782636079
6.0,16.0922,16.59492358293458,0.0602593916749548,7.462999827089668e-06,1.5,16.18733775012052,0.0617766809735315
7.5,16.0922,17.58822103208314,0.0568562333948313,4.660149854922543e-06,1.5,16.443976989290654,0.0608125394879391
9.0,16.0922,18.774186098417857,0.0532646259474477,2.7557208084521714e-06,nan,16.59018026847967,0.0602766204957964
nan,nan,nan,nan,1.7672131234282527e-06,nan,16.763187102773077,0.0596545271414749
nan,nan,nan,nan,1.2147144995537647e-06,nan,16.907225500086426,0.0591463099604892
nan,nan,nan,nan,7.661744285904291e-07,nan,17.100755894194997,0.0584769472289502
Name:	233.57214690901213_10_80_1
Lambda:	233.57214690901213	Maximal Depth:	10	Filter time:	10 to 80 [us]
Chi2:	0.4358681891395798	RelRMS:	2.4300691179406813	AbsRMS:	7.140068116621744e-07	Phi model:	0.0134039124062207
depth_vector,start_model,resistivity_model,conductivity_model,E/I[V/A],modelled_thickness,rhoa,sigma
0.0,16.0922,13.932927991988311,0.0717724228945285,0.0001119150419459,1.0,14.819998154032282,0.067476391670664
1.0,16.0922,14.054753868779796,0.0711503032594065,7.090114169005208e-05,1.0,14.99613635660935,0.0666838428392432
2.0,16.0922,14.302037121174262,0.0699201093891368,4.7441567851735e-05,1.0,15.30310045015815,0.0653462351147061
3.0,16.0922,14.67824827546319,0.0681280205398654,2.922627007909208e-05,1.0,15.64568850750504,0.0639153719262858
4.0,16.0922,15.18698608148084,0.0658458495079158,1.7173794543814893e-05,1.0,15.78316286689862,0.0633586568442031
5.0,16.0922,15.831659832162613,0.0631645709042119,1.0965391840965183e-05,1.0,15.977981474262917,0.0625861283924245
6.0,16.0922,16.615101998493756,0.0601862089134725,7.46300573598143e-06,1.5,16.18732920582057,0.0617767135816589
7.5,16.0922,17.583314580205453,0.0568720985704116,4.661668878156727e-06,1.5,16.44040457198245,0.0608257537472154
9.0,16.0922,18.719355725251862,0.0534206419642439,2.7575063765665453e-06,nan,16.583017735687072,0.0603026551583536
nan,nan,nan,nan,1.768839363594451e-06,nan,16.75291100585551,0.0596911187345577
nan,nan,nan,nan,1.2161060923419436e-06,nan,16.894325056234926,0.0591914738630499
nan,nan,nan,nan,7.67256376689555e-07,nan,17.084675670259024,0.0585319861670419
Name:	297.63514416313194_10_80_1
Lambda:	297.63514416313194	Maximal Depth:	10	Filter time:	10 to 80 [us]
Chi2:	0.4258027419844512	RelRMS:	2.461694400332175	AbsRMS:	6.387683517215054e-07	Phi model:	0.0127699711726286
depth_vector,start_model,resistivity_model,conductivity_model,E/I[V/A],modelled_thickness,rhoa,sigma
0.0,16.0922,13.965044072710818,0.0716073644159925,0.00011166757052,1.0,14.841885575552212,0.0673768838136857
1.0,16.0922,14.087471009535316,0.0709850617845555,7.076774821000237e-05,1.0,15.01497505978587,0.0666001772242877
2.0,16.0922,14.335572725191025,0.0697565433324307,4.736806311687455e-05,1.0,15.318927705174287,0.0652787204983172
3.0,16.0922,14.711906285684153,0.0679721567403592,2.919320379583297e-05,1.0,15.657500552463382,0.0638671540613594
4.0,16.0922,15.218576214029593,0.0657091692374039,1.7161561402856932e-05,1.0,15.79066236808065,0.0633285657491738
5.0,16.0922,15.85694101428286,0.0630638657922273,1.0961643167115644e-05,1.0,15.981624044209196,0.0625718636124681
6.0,16.0922,16.627242406023,0.0601422638571602,7.462915897451287e-06,1.5,16.187459114198216,0.0617762178081974
7.5,16.0922,17.567531890705904,0.0569231925247877,4.66345987137347e-06,1.5,16.436195031012577,0.0608413320791797
9.0,16.0922,18.654843595299216,0.0536053810846201,2.7596286424303213e-06,nan,16.574514638726882,0.0603335917700701
nan,nan,nan,nan,1.7707763858634233e-06,nan,16.740691627188724,0.0597346885224198
nan,nan,nan,nan,1.2177662407430734e-06,nan,16.87896717538859,0.0592453311632782
nan,nan,nan,nan,7.685476351996537e-07,nan,17.065534011425683,0.0585976389212597
Name:	379.26901907322497_10_80_1
Lambda:	379.26901907322497	Maximal Depth:	10	Filter time:	10 to 80 [us]
Chi2:	0.418544471643169	RelRMS:	2.5069358463937315	AbsRMS:	5.496986851440935e-07	Phi model:	0.0120376409202926
depth_vector,start_model,resistivity_model,conductivity_model,E/I[V/A],modelled_thickness,rhoa,sigma
0.0,16.0922,14.012248405275722,0.071366134190391,0.0001113615895825,1.0,14.869059858060956,0.0672537476845162
1.0,16.0922,14.133990839311748,0.0707514255081189,7.060358537637898e-05,1.0,15.038240607570591,0.0664971405961264
2.0,16.0922,14.380369149932466,0.069539244060692,4.7278055332949306e-05,1.0,15.338364285850444,0.065196000131676
3.0,16.0922,14.753157324144013,0.0677821010126061,2.9152944900475705e-05,1.0,15.671912102440713,0.0638084232136716
4.0,16.0922,15.253210468515462,0.0655599686416263,1.7146667571768083e-05,1.0,15.799805035714868,0.0632919202318976
5.0,16.0922,15.880199837373508,0.0629714997443882,1.095706099505549e-05,1.0,15.98607934160827,0.0625544249237659
6.0,16.0922,16.632271848392342,0.0601240774029711,7.462784613328894e-06,1.5,16.1876489584492,0.0617754933138728
7.5,16.0922,17.540937753528972,0.0570094948201281,4.665606579582731e-06,1.5,16.431152968348922,0.0608600018468749
9.0,16.0922,18.57887092274237,0.053824584075015,2.762167178815037e-06,nan,16.564358010945448,0.060370586009987
nan,nan,nan,nan,1.7730916517817882e-06,nan,16.72611535762304,0.0597867453750546
nan,nan,nan,nan,1.2197506952930045e-06,nan,16.86065489107142,0.0593096772610861
nan,nan,nan,nan,7.700904476578852e-07,nan,17.042733470963007,0.0586760334956699
Name:	483.2930238571752_10_80_1
Lambda:	483.2930238571752	Maximal Depth:	10	Filter time:	10 to 80 [us]
Chi2:	0.4179307956516492	RelRMS:	2.572362073404218	AbsRMS:	4.513090216162563e-07	Phi model:	0.0111994183172362
depth_vector,start_model,resistivity_model,conductivity_model,E/I[V/A],modelled_thickness,rhoa,sigma
0.0,16.0922,14.075181201979882,0.0710470427094278,0.0001109928362065,1.0,14.901974801823538,0.0671052000354765
1.0,16.0922,14.195012517245337,0.0704472784920135,7.04064210005335e-05,1.0,15.066302661629646,0.0663732849696937
2.0,16.0922,14.437229953393384,0.0692653648399467,4.717037597065231e-05,1.0,15.361698105098446,0.0650969699546501
3.0,16.0922,14.802921494709995,0.067554232477512,2.9105037637321702e-05,1.0,15.689104832819057,0.0637384994654483
4.0,16.0922,15.291883943296536,0.065394166193523,1.7129012857291496e-05,1.0,15.810659646503424,0.0632484679550453
5.0,16.0922,15.90239294616127,0.0628836177917106,1.095167794452924e-05,1.0,15.991317310629858,0.0625339351708863
6.0,16.0922,16.630904622972338,0.0601290201988589,7.462693086883909e-06,1.5,16.18778131414761,0.0617749882206545
7.5,16.0922,17.503492302180746,0.0571314559823819,4.668205211906245e-06,1.5,16.425054623520516,0.0608825981356561
9.0,16.0922,18.489859964228188,0.054083697871951,2.765206332602512e-06,nan,16.55221886680245,0.0604148608743704
nan,nan,nan,nan,1.7758543145368898e-06,nan,16.70876385724886,0.0598488319389446
nan,nan,nan,nan,1.2221156200315488e-06,nan,16.838896419988192,0.0593863145813388
nan,nan,nan,nan,7.719267685890305e-07,nan,17.015694334768614,0.0587692738436581
Name:	615.8482110660261_10_80_1
Lambda:	615.8482110660261	Maximal Depth:	10	Filter time:	10 to 80 [us]
Chi2:	0.4289975024567901	RelRMS:	2.665254544087837	AbsRMS:	3.581486752582678e-07	Phi model:	0.0102564078204298
depth_vector,start_model,resistivity_model,conductivity_model,E/I[V/A],modelled_thickness,rhoa,sigma
0.0,16.0922,14.1544315306094,0.0706492519913264,0.0001105589228836,1.0,14.9409401061354,0.0669301926717018
1.0,16.0922,14.271162325932409,0.0700713773105138,7.017507210551951e-05,1.0,15.09939760544671,0.0662278076338142
2.0,16.0922,14.506847292420275,0.0689329652296328,4.704446474959061e-05,1.0,15.389095566976572,0.0649810767402015
3.0,16.0922,14.861963353423162,0.0672858609740596,2.9049327973556136e-05,1.0,15.709157060962934,0.0636571393435863
4.0,16.0922,15.335403212293787,0.0652085886596277,1.7108631276110232e-05,1.0,15.823214022890427,0.0631982856677135
5.0,16.0922,15.924287653510552,0.0627971575092432,1.0945588229687932e-05,1.0,15.997248073633568,0.0625107515615879
6.0,16.0922,16.623721455477867,0.0601550021562999,7.462750002434188e-06,1.5,16.187699008683616,0.0617753023121795
7.5,16.0922,17.455202451096685,0.0572895102650139,4.671358408820578e-06,1.5,16.417662446861012,0.0609100109858328
9.0,16.0922,18.386646472808163,0.0543872968612786,2.768828181159084e-06,nan,16.537781301279022,0.0604676033491058
nan,nan,nan,nan,1.7791288311244102e-06,nan,16.68825572218174,0.0599223799447666
nan,nan,nan,nan,1.224912127647579e-06,nan,16.813257553208675,0.05947687393923
nan,nan,nan,nan,7.740940321910748e-07,nan,16.98391979333008,0.0588792229455016
Name:	784.7599703514607_10_80_1
Lambda:	784.7599703514607	Maximal Depth:	10	Filter time:	10 to 80 [us]
Chi2:	0.4578070049336586	RelRMS:	2.792569455520104	AbsRMS:	3.089443496961591e-07	Phi model:	0.0092201350979238
depth_vector,start_model,resistivity_model,conductivity_model,E/I[V/A],modelled_thickness,rhoa,sigma
0.0,16.0922,14.250283535308808,0.0701740423285079,0.0001100604432115,1.0,14.986019240239916,0.0667288613453021
1.0,16.0922,14.362757412613194,0.0696245136829932,6.990998775568616e-05,1.0,15.137542739054515,0.0660609200078439
2.0,16.0922,14.589600503310686,0.0685419727409999,4.690068255986578e-05,1.0,15.420531482438768,0.0648486079185287
3.0,16.0922,14.930741620888355,0.0669759095288999,2.89860993168764e-05,1.0,15.731993481669734,0.0635647352107765
4.0,16.0922,15.384301762542378,0.0650013250802707,1.7085739785509856e-05,1.0,15.837344173711733,0.0631418998685329
5.0,16.0922,15.946455533412896,0.0627098603764756,1.0938961520867849e-05,1.0,16.003708065555315,0.0624855187250193
6.0,16.0922,16.61125101138711,0.0602001618851279,7.463090483776172e-06,1.5,16.187206661140873,0.0617771812601001
7.5,16.0922,17.396292912893024,0.0574835112864111,4.675166910611614e-06,1.5,16.408745091196867,0.0609431126172159
9.0,16.0922,18.268726034981142,0.0547383543923746,2.7731033746272757e-06,nan,16.520779796944595,0.0605298304493437
nan,nan,nan,nan,1.7829668005411623e-06,nan,16.664298642908022,0.0600085260969311
nan,nan,nan,nan,1.228179351690518e-06,nan,16.783426370674977,0.0595825892707618
nan,nan,nan,nan,7.76619814878139e-07,nan,16.947075530579564,0.0590072309641616
Name:	1000.0_10_80_1
Lambda:	1000.0	Maximal Depth:	10	Filter time:	10.0 to 80.0 [us]
Chi2:	0.510913188448023	RelRMS:	2.9594544546287946	AbsRMS:	3.5604690435356977e-07	Phi model:	0.008113635448584861
depth_vector,start_model,resistivity_model,conductivity_model,E/I[V/A],modelled_thickness,rhoa,sigma
0.0,16.0922,14.36243712831995,0.06962606631907849,0.00010950199809597778,1.0,15.036927120891885,0.06650294917042113
1.0,16.0922,14.469545398496358,0.06911067158363647,6.961378088727116e-05,1.0,15.18045254107283,0.06587418901342768
2.0,16.0922,14.685333361437843,0.06809515149488508,4.674058959486152e-05,1.0,15.455723043432357,0.06470095233913581
3.0,16.0922,15.009241687915203,0.0666256177888825,2.8916185984235874e-05,1.0,15.7573410697548,0.06346248364956925
4.0,16.0922,15.43874330010281,0.06477211134104036,1.706077312614366e-05,1.0,15.852791273631967,0.06308037384326792
5.0,16.0922,15.969259216864694,0.06262031234009449,1.0932047378422435e-05,1.0,16.01045521624894,0.062459185981489425
6.0,16.0922,16.594049055713594,0.060262567420558764,7.463868250725488e-06,1.5,16.186082124231138,0.0617814732635617
7.5,16.0922,17.32737849458969,0.057712134603179616,4.679716632882507e-06,1.5,16.39810807461755,0.06098264479351059
9.0,16.0922,18.136504076717912,0.05513741765061075,2.7780790065268566e-06,nan,16.501047726480913,0.060602212451952256
nan,nan,nan,nan,1.7873967428495703e-06,nan,16.636753029698486,0.06010788272296204
nan,nan,nan,nan,1.2319360098092088e-06,nan,16.749289488142143,0.05970402509956985
nan,nan,nan,nan,7.795154689474438e-07,nan,16.905080811080495,0.059153813647820394
