Name:	10.0_10_80_1
Lambda:	10	Maximal Depth:	10	Filter time:	10 to 80 [us]
Chi2:	3.328613354418572	RelRMS:	18.552947963640875	AbsRMS:	1.087017131358995e-06	Phi model:	0.8362362526778213
depth_vector,start_model,resistivity_model,conductivity_model,E/I[V/A],modelled_thickness,rhoa,sigma
0.0,17.718,27.62308243142296,0.0362016079299838,9.704645973412824e-05,1.0,16.297487608088733,0.061359150811913
1.0,17.718,25.603478889025293,0.0390571923578963,6.161331915961232e-05,1.0,16.467656378172105,0.0607250951219446
2.0,17.718,22.105450151239825,0.0452377125622077,4.119136982062157e-05,1.0,16.81439690128254,0.0594728437701933
3.0,17.718,17.97015391634128,0.0556478260929442,2.5193803208534224e-05,1.0,17.273530848874717,0.057892043540429
4.0,17.718,14.083612479769169,0.0710045097759172,1.454810355996956e-05,1.0,17.629254907283954,0.0567238947567106
5.0,17.718,11.219206502705106,0.0891328633409935,9.128504254089667e-06,1.0,18.055309417959613,0.0553853704110603
6.0,17.718,10.030896394508318,0.0996919877018644,6.1162110856311576e-06,1.5,18.48400478981175,0.0541008299538632
7.5,17.718,13.38602611667593,0.0747047698311471,3.737542557579805e-06,1.5,19.049460666830687,0.05249492452777
9.0,17.718,28.27417739798741,0.0353679608755366,2.1523925771384234e-06,nan,19.56111434286313,0.051121831940257
nan,nan,nan,nan,1.3489300859194766e-06,nan,20.070410276086324,0.0498245918366446
nan,nan,nan,nan,9.100428749605428e-07,nan,20.49654150204874,0.0487887188138567
nan,nan,nan,nan,5.607572744888605e-07,nan,21.056384329876263,0.0474915343647641
Name:	12.742749857031335_10_80_1
Lambda:	12.742749857031336	Maximal Depth:	10	Filter time:	10 to 80 [us]
Chi2:	3.544855664463988	RelRMS:	18.96795082822792	AbsRMS:	1.1497734399740065e-06	Phi model:	0.6179216857554244
depth_vector,start_model,resistivity_model,conductivity_model,E/I[V/A],modelled_thickness,rhoa,sigma
0.0,17.718,24.84253211532636,0.0402535456272213,9.728919895321174e-05,1.0,16.270367870539175,0.061461425332042
1.0,17.718,23.19444178759244,0.0431137773936399,6.161947637915227e-05,1.0,16.466559358525274,0.0607291406921791
2.0,17.718,20.359948052239385,0.0491160388736851,4.11170434144886e-05,1.0,16.834654153358816,0.0594012796990238
3.0,17.718,17.00017498947478,0.0588229239180846,2.511338189764024e-05,1.0,17.310388213844796,0.0577687795124203
4.0,17.718,13.8787483282663,0.0720526070757648,1.4506017392767424e-05,1.0,17.66333683084216,0.0566144443474512
5.0,17.718,11.675672855663665,0.0856481688346481,9.1077653117371e-06,1.0,18.082707727360017,0.0553014523641805
6.0,17.718,11.00288006141932,0.0908852949789407,6.106031512506673e-06,1.5,18.504542628568085,0.0540407844750595
7.5,17.718,14.46232484672528,0.0691451762146271,3.7360586887803606e-06,1.5,19.0545043116382,0.0524810293484892
9.0,17.718,27.53025480551601,0.0363236739748459,2.156283726558312e-06,nan,19.53757441979445,0.0511834262797152
nan,nan,nan,nan,1.3540644081299829e-06,nan,20.01964302786499,0.0499509406140817
nan,nan,nan,nan,9.14966407787782e-07,nan,20.42294600002858,0.0489645323450691
nan,nan,nan,nan,5.649937623846394e-07,nan,20.95099440944954,0.0477304313321266
Name:	16.237767391887218_10_80_1
Lambda:	16.237767391887218	Maximal Depth:	10	Filter time:	10 to 80 [us]
Chi2:	3.7788472230924657	RelRMS:	19.45374350920155	AbsRMS:	1.2548968132338682e-06	Phi model:	0.43121020015297
depth_vector,start_model,resistivity_model,conductivity_model,E/I[V/A],modelled_thickness,rhoa,sigma
0.0,17.718,22.143862387360883,0.0451592401771234,9.766157962489596e-05,1.0,16.228982592948785,0.0616181571625126
1.0,17.718,20.916004858819743,0.0478102776677413,6.17017340154744e-05,1.0,16.451921181172832,0.0607831747421921
2.0,17.718,18.78571054844257,0.0532319497535804,4.1090459296336e-05,1.0,16.841914333297296,0.0593756731099712
3.0,17.718,16.257764797699572,0.0615090704314714,2.5060965556639967e-05,1.0,17.33451687212084,0.0576883686679669
4.0,17.718,13.922001977422497,0.0718287500333439,1.4480466258734682e-05,1.0,17.68410898259194,0.0565479437490681
5.0,17.718,12.354289243472802,0.0809435476450686,9.097552069545196e-06,1.0,18.09623873247752,0.0552601021009569
6.0,17.718,12.131669699173166,0.0824288844649434,6.102886400406667e-06,1.5,18.510899605630204,0.0540222258941885
7.5,17.718,15.57157021294008,0.0642195993291025,3.738897264471023e-06,1.5,19.04485895453184,0.0525076086090962
9.0,17.718,26.793987825006106,0.0373218054188532,2.1627317959814963e-06,nan,19.49872160725144,0.0512854134820873
nan,nan,nan,nan,1.360831600185078e-06,nan,19.95321830048206,0.0501172284561153
nan,nan,nan,nan,9.210015401040764e-07,nan,20.33363005391928,0.0491796101998645
nan,nan,nan,nan,5.699262675770129e-07,nan,20.829937196885474,0.0480078259741235
Name:	20.6913808111479_10_80_1
Lambda:	20.6913808111479	Maximal Depth:	10	Filter time:	10 to 80 [us]
Chi2:	3.966913957760976	RelRMS:	19.81145553132326	AbsRMS:	1.3304504776911228e-06	Phi model:	0.313477699119882
depth_vector,start_model,resistivity_model,conductivity_model,E/I[V/A],modelled_thickness,rhoa,sigma
0.0,17.718,20.42647913368019,0.0489560630324758,9.792928992134556e-05,1.0,16.199392210861685,0.0617307110651658
1.0,17.718,19.45241404774844,0.0514075012769814,6.175219865730017e-05,1.0,16.44295682093628,0.0608163124728718
2.0,17.718,17.766973354293878,0.0562842066602369,4.106101984259582e-05,1.0,16.849963451921102,0.0593473097347275
3.0,17.718,15.790579796376049,0.0633288969053245,2.50150290653508e-05,1.0,17.35573194164082,0.0576178523246689
4.0,17.718,14.022757314229548,0.0713126511135761,1.445764539328202e-05,1.0,17.70271323734069,0.0564885160027718
5.0,17.718,12.960380606799534,0.0771582278590923,9.087680367930683e-06,1.0,18.10934133111631,0.0552201199213001
6.0,17.718,13.117598387969151,0.0762334667081402,6.099044679222733e-06,1.5,18.518671997903983,0.0539995524578211
7.5,17.718,16.499043183499783,0.0606095752873761,3.7401495444623696e-06,1.5,19.040607640227243,0.0525193323078246
9.0,17.718,26.2580823495741,0.0380835122187138,2.1671201443896087e-06,nan,19.472389860445222,0.0513547647292809
nan,nan,nan,nan,1.3656574325776249e-06,nan,19.906184696113307,0.050235643608554
nan,nan,nan,nan,9.253748777491596e-07,nan,20.269514761393,0.0493351721425854
nan,nan,nan,nan,5.735466486621131e-07,nan,20.742188599223624,0.0482109202322762
Name:	26.366508987303583_10_80_1
Lambda:	26.366508987303583	Maximal Depth:	10	Filter time:	10 to 80 [us]
Chi2:	4.137630955589595	RelRMS:	20.118478513583945	AbsRMS:	1.3766193592789937e-06	Phi model:	0.2277941238271097
depth_vector,start_model,resistivity_model,conductivity_model,E/I[V/A],modelled_thickness,rhoa,sigma
0.0,17.718,19.056821204743013,0.0524746488019267,9.809903374088787e-05,1.0,16.18069994170517,0.0618020236209025
1.0,17.718,18.29777226010836,0.0546514617071793,6.175751573177955e-05,1.0,16.442013025625112,0.060819803417105
2.0,17.718,16.9925972918306,0.0588491554778834,4.101090897799885e-05,1.0,16.863686538410764,0.0592990149409074
3.0,17.718,15.49243124918556,0.064547648068638,2.496142335570444e-05,1.0,17.380571167385114,0.0575355084921785
4.0,17.718,14.21774323336239,0.0703346504143827,1.443098969917615e-05,1.0,17.724505827177975,0.0564190623846135
5.0,17.718,13.593799026104085,0.07356295308469,9.07539194104734e-06,1.0,18.12568480353627,0.0551703293331517
6.0,17.718,14.068616476925213,0.0710801948180306,6.093521690235712e-06,1.5,18.529860161613858,0.0539669480113823
7.5,17.718,17.33756346029834,0.0576782315629252,3.7401354095151015e-06,1.5,19.0406556131455,0.0525191999854043
9.0,17.718,25.79680823838633,0.0387644855425166,2.170445976274983e-06,nan,19.452492737470187,0.0514072933220408
nan,nan,nan,nan,1.3696231200755126e-06,nan,19.86774110232883,0.0503328483519841
nan,nan,nan,nan,9.290637411115916e-07,nan,20.215825558081367,0.049466196526426
nan,nan,nan,nan,5.766569639483864e-07,nan,20.66753661336192,0.0483850600440442
Name:	33.59818286283781_10_80_1
Lambda:	33.59818286283781	Maximal Depth:	10	Filter time:	10 to 80 [us]
Chi2:	4.293318598737373	RelRMS:	20.39548913707454	AbsRMS:	1.4045370075807177e-06	Phi model:	0.1655955752533253
depth_vector,start_model,resistivity_model,conductivity_model,E/I[V/A],modelled_thickness,rhoa,sigma
0.0,17.718,17.909902133459834,0.0558350343038317,9.820631913477036e-05,1.0,16.168913402178276,0.0618470750090899
1.0,17.718,17.353399400463104,0.0576255969751559,6.17379431768408e-05,1.0,16.445487876316705,0.0608069524918205
2.0,17.718,16.401319308112125,0.0609707049301453,4.095239066311036e-05,1.0,16.879747459100276,0.0592425924868251
3.0,17.718,15.33418234575066,0.0652137803928695,2.490697629045081e-05,1.0,17.405891426712348,0.0574518118885498
4.0,17.718,14.495158703574717,0.0689885513121967,1.4404362301715086e-05,1.0,17.746342368247376,0.0563496397877034
5.0,17.718,14.24301635896199,0.0702098470434445,9.063122796490722e-06,1.0,18.14203946821787,0.0551205944487029
6.0,17.718,14.966831507529106,0.0668144088811948,6.087970607448173e-06,1.5,18.541122279337465,0.0539341677884524
7.5,17.718,18.086909629441955,0.0552886048798626,3.739909010582416e-06,1.5,19.0414240348022,0.0525170805593263
9.0,17.718,25.392591714943844,0.0393815649550844,2.1733692994110646e-06,nan,19.435045579033705,0.0514534424904456
nan,nan,nan,nan,1.373173070603694e-06,nan,19.83348471541946,0.0504197832276319
nan,nan,nan,nan,9.32384573996666e-07,nan,20.1677958112747,0.0495840006194903
nan,nan,nan,nan,5.794659064059329e-07,nan,20.600692387556013,0.0485420577710318
Name:	42.81332398719393_10_80_1
Lambda:	42.81332398719393	Maximal Depth:	10	Filter time:	10 to 80 [us]
Chi2:	4.432355664750242	RelRMS:	20.652163131582054	AbsRMS:	1.4220359762420646e-06	Phi model:	0.1218804484840008
depth_vector,start_model,resistivity_model,conductivity_model,E/I[V/A],modelled_thickness,rhoa,sigma
0.0,17.718,16.9760514542648,0.0589065132545163,9.827617970810752e-05,1.0,16.161249941688705,0.061876402110486
1.0,17.718,16.598435078704075,0.0602466434491169,6.17094713154595e-05,1.0,16.450545961594045,0.0607882560454
2.0,17.718,15.95741007776468,0.0626668109127192,4.089610864933076e-05,1.0,16.895230731816472,0.0591883008804867
3.0,17.718,15.268778981929977,0.0654931216951573,2.4858029465403745e-05,1.0,17.4287327055392,0.0573765182411788
4.0,17.718,14.807045611213333,0.0675354170073402,1.4381215082222564e-05,1.0,17.765379626872743,0.056289255901256
5.0,17.718,14.869954373972918,0.0672497019728798,9.052934703204282e-06,1.0,18.155648177857017,0.0550792783713235
6.0,17.718,15.7899308703512,0.0633314995620217,6.083726822652456e-06,1.5,18.54974368197935,0.0539091006940153
7.5,17.718,18.74218122256996,0.0533555826893705,3.7402502788529137e-06,1.5,19.04026576424338,0.0525202753145361
9.0,17.718,25.04036830940548,0.039935514831241,2.176314580723619e-06,nan,19.417506878204428,0.0514999173824148
nan,nan,nan,nan,1.3765611817256256e-06,nan,19.80092742853812,0.0505026849681166
nan,nan,nan,nan,9.355027567833976e-07,nan,20.12295585008412,0.0496944885955121
nan,nan,nan,nan,5.820706902284812e-07,nan,20.53918731274799,0.0486874180936717
Name:	54.5559478116852_10_80_1
Lambda:	54.5559478116852	Maximal Depth:	10	Filter time:	10 to 80 [us]
Chi2:	4.553634665217184	RelRMS:	20.895657842023684	AbsRMS:	1.435800107591204e-06	Phi model:	0.0921169857452258
depth_vector,start_model,resistivity_model,conductivity_model,E/I[V/A],modelled_thickness,rhoa,sigma
0.0,17.718,16.233327557438486,0.0616016646286285,9.833082299021436e-05,1.0,16.155262090172084,0.0618993362297936
1.0,17.718,16.004155913938757,0.062483770176786,6.168538414442588e-05,1.0,16.454828135684398,0.0607724366218916
2.0,17.718,15.626663957494763,0.0639931851558365,4.085039954527672e-05,1.0,16.907831537357005,0.0591441899447927
3.0,17.718,15.259154946945625,0.0655344285759524,2.4819267242951947e-05,1.0,17.446874543472163,0.0573168562373915
4.0,17.718,15.117217576372674,0.0661497391929412,1.43640278113374e-05,1.0,17.779548240129362,0.0562443987042903
5.0,17.718,15.4460083046635,0.0647416458851752,9.04628028196423e-06,1.0,18.164550586362864,0.0550522841314199
6.0,17.718,16.52247428519937,0.0605236227176814,6.0817149500887775e-06,1.5,18.553834377162424,0.0538972149730344
7.5,17.718,19.30194505209047,0.0518082502722541,3.7416943993847328e-06,1.5,19.035366342606224,0.0525337932562786
9.0,17.718,24.73517636160993,0.0404282542958555,2.179578056255977e-06,nan,19.39811952246113,0.0515513887231232
nan,nan,nan,nan,1.3799679754759043e-06,nan,19.76832499934361,0.05058597529296
nan,nan,nan,nan,9.385375308488116e-07,nan,20.07955386848936,0.0498019032967306
nan,nan,nan,nan,5.845430799999808e-07,nan,20.481231229270776,0.0488251896971334
Name:	69.51927961775606_10_80_1
Lambda:	69.51927961775606	Maximal Depth:	10	Filter time:	10 to 80 [us]
Chi2:	4.653714433781563	RelRMS:	21.116750751287345	AbsRMS:	1.442627917017235e-06	Phi model:	0.073021823321226
depth_vector,start_model,resistivity_model,conductivity_model,E/I[V/A],modelled_thickness,rhoa,sigma
0.0,17.718,15.680995902171688,0.0637714598127985,9.836027657064056e-05,1.0,16.152036844652226,0.0619116963153219
1.0,17.718,15.564265614303528,0.0642497387786162,6.166063772475365e-05,1.0,16.459230413113335,0.0607561820875466
2.0,17.718,15.38926027791613,0.0649803812490596,4.081251834109957e-05,1.0,16.918292216325785,0.059107620746438
3.0,17.718,15.276749460613097,0.0654589513677779,2.4789208773307747e-05,1.0,17.460975314158787,0.0572705694846907
4.0,17.718,15.393262973548929,0.0649634844618943,1.4351799889730088e-05,1.0,17.789645745352434,0.0562124740601566
5.0,17.718,15.93559649526586,0.0627525929322494,9.042441620514405e-06,1.0,18.16969098468555,0.0550367092562475
6.0,17.718,17.133179241712618,0.0583662836822129,6.08141293060086e-06,1.5,18.554448661292405,0.053895430592134
7.5,17.718,19.75399370785479,0.0506226748266285,3.743877572881178e-06,1.5,19.02796554019417,0.0525542259306506
9.0,17.718,24.480345289962308,0.0408490970268311,2.182907890355374e-06,nan,19.378387753053737,0.0516038801959887
nan,nan,nan,nan,1.3832129519186591e-06,nan,19.73739562991884,0.0506652457472228
nan,nan,nan,nan,9.41355509840929e-07,nan,20.039461307707832,0.0499015409967815
nan,nan,nan,nan,5.867911084994298e-07,nan,20.428887968337538,0.0489502904685701
Name:	88.58667904100822_10_80_1
Lambda:	88.58667904100822	Maximal Depth:	10	Filter time:	10 to 80 [us]
Chi2:	4.736140386766759	RelRMS:	21.321579152138263	AbsRMS:	1.4390201383610136e-06	Phi model:	0.0607793357682334
depth_vector,start_model,resistivity_model,conductivity_model,E/I[V/A],modelled_thickness,rhoa,sigma
0.0,17.718,15.273811247638934,0.065471543662986,9.83536462450408e-05,1.0,16.152762742567596,0.0619089140314484
1.0,17.718,15.242394208661093,0.0656064911004451,6.16271049410052e-05,1.0,16.465200446096315,0.060734152813614
2.0,17.718,15.22411098360905,0.0656852804788827,4.077649033795894e-05,1.0,16.928256169520957,0.059072830065065
3.0,17.718,15.309854278389516,0.0653174081095951,2.476411782065329e-05,1.0,17.472767605972013,0.0572319178364285
4.0,17.718,15.63026207899273,0.0639784537806319,1.4342655673836962e-05,1.0,17.797206180674564,0.0561885944258975
5.0,17.718,16.342539831158902,0.0611899992492835,9.040446795109395e-06,1.0,18.172363716035555,0.055028614638479
6.0,17.718,17.63039249330108,0.0567202346958506,6.082299514540102e-06,1.5,18.5526455629948,0.0539006685922252
7.5,17.718,20.106982036508008,0.0497339679413007,3.746605987116312e-06,1.5,19.01872651595541,0.0525797560189462
9.0,17.718,24.262708768509064,0.0412155134672314,2.1862922387871945e-06,nan,19.358384282642035,0.051657203690117
nan,nan,nan,nan,1.3863448138853409e-06,nan,19.707658873927524,0.0507416942010784
nan,nan,nan,nan,9.44020632788181e-07,nan,20.001727111626344,0.0499956825937662
nan,nan,nan,nan,5.888788908175275e-07,nan,20.38057434085901,0.0490663306772075
Name:	112.88378916846884_10_80_1
Lambda:	112.88378916846884	Maximal Depth:	10	Filter time:	10 to 80 [us]
Chi2:	4.806939871448068	RelRMS:	21.520660683201285	AbsRMS:	1.426547352983424e-06	Phi model:	0.0525990765767669
depth_vector,start_model,resistivity_model,conductivity_model,E/I[V/A],modelled_thickness,rhoa,sigma
0.0,17.718,14.962266710504217,0.066834793106445,9.83165040020817e-05,1.0,16.15683063924202,0.0618933268738474
1.0,17.718,14.999195285700052,0.0666702433665478,6.158511121101318e-05,1.0,16.472684469561997,0.0607065595075159
2.0,17.718,15.106818158720756,0.0661952761655985,4.074085920273306e-05,1.0,16.938124806072114,0.059038412542663
3.0,17.718,15.353957291935142,0.0651297890821451,2.474240118339597e-05,1.0,17.48299011878966,0.0571984536515444
4.0,17.718,15.83976498365966,0.06313224981757,1.4335829644679868e-05,1.0,17.802855178676232,0.0561707653049816
5.0,17.718,16.687133630631738,0.0599264093004175,9.039965642908162e-06,1.0,18.17300852639488,0.0550266621262834
6.0,17.718,18.04073189674753,0.0554301236625707,6.084244472013932e-06,1.5,18.548691521854145,0.0539121586458967
7.5,17.718,20.383777827061248,0.0490586194808507,3.749910453502757e-06,1.5,19.007551853324696,0.052610667997472
9.0,17.718,24.067658337433965,0.0415495344823237,2.189856910955608e-06,nan,19.3373707243532,0.0517133386050573
nan,nan,nan,nan,1.3895033095523102e-06,nan,19.67778241336688,0.0508187344993057
nan,nan,nan,nan,9.46659994240264e-07,nan,19.9645322373327,0.0500888269312941
nan,nan,nan,nan,5.909117956736477e-07,nan,20.3338041782858,0.0491791890603474
Name:	143.8449888287663_10_80_1
Lambda:	143.8449888287663	Maximal Depth:	10	Filter time:	10 to 80 [us]
Chi2:	4.866881102513255	RelRMS:	21.723461975444984	AbsRMS:	1.3981363643441524e-06	Phi model:	0.0472080474777684
depth_vector,start_model,resistivity_model,conductivity_model,E/I[V/A],modelled_thickness,rhoa,sigma
0.0,17.718,14.754184950928437,0.0677773799993657,9.822523835253656e-05,1.0,16.166837133256625,0.0618550178836719
1.0,17.718,14.840008398685058,0.0673854066072232,6.152281369529948e-05,1.0,16.483802667269142,0.0606656134015506
2.0,17.718,15.038207253191636,0.0664972880851715,4.069965153322428e-05,1.0,16.949555910002697,0.058998595910696
3.0,17.718,15.40167709659682,0.064927994122209,2.472170982245673e-05,1.0,17.492743932158554,0.0571665602536835
4.0,17.718,16.00780758348859,0.0624695165021511,1.43305539503369e-05,1.0,17.807224242649983,0.0561569836137013
5.0,17.718,16.952725918430215,0.0589875636998794,9.040841326478731e-06,1.0,18.17183503222333,0.0550302156181113
6.0,17.718,18.348726466663464,0.0544996952140973,6.087347225131143e-06,1.5,18.54238807543072,0.0539304859725718
7.5,17.718,20.577600408576632,0.0485965311865617,3.7539964977006473e-06,1.5,18.99375681416899,0.0526488787754731
9.0,17.718,23.887308536537496,0.0418632345486065,2.193793549132251e-06,nan,19.31423058982668,0.0517752956996758
nan,nan,nan,nan,1.392849011243458e-06,nan,19.64625835751536,0.0509002773862772
nan,nan,nan,nan,9.494060973928766e-07,nan,19.926016138591915,0.0501856463953795
nan,nan,nan,nan,5.929889589402253e-07,nan,20.2862919639042,0.0492943708874603
Name:	183.29807108324357_10_80_1
Lambda:	183.2980710832436	Maximal Depth:	10	Filter time:	10 to 80 [us]
Chi2:	4.922905544938732	RelRMS:	21.940087251825176	AbsRMS:	1.356111401318319e-06	Phi model:	0.0432651922497185
depth_vector,start_model,resistivity_model,conductivity_model,E/I[V/A],modelled_thickness,rhoa,sigma
0.0,17.718,14.612932149745731,0.0684325356302568,9.808723357378912e-05,1.0,16.181997637834083,0.0617970674808383
1.0,17.718,14.735683902787578,0.0678624763259768,6.144191667899069e-05,1.0,16.498268340159893,0.0606124218240414
2.0,17.718,15.002345418517352,0.0666562442140348,4.065244698244993e-05,1.0,16.96267429065009,0.0589529683153325
3.0,17.718,15.454279995834172,0.0647069938081591,2.470112328396966e-05,1.0,17.502461844959303,0.0571348195961358
4.0,17.718,16.15083292448671,0.0619163113553031,1.4326424252958436e-05,1.0,17.810646120685835,0.0561461944291043
5.0,17.718,17.16573623547132,0.0582555846298976,9.042944554572232e-06,1.0,18.169017292536697,0.055038749971952
6.0,17.718,18.584996949393663,0.053806842299892,6.091593524278996e-06,1.5,18.53377011399992,0.0539555629453193
7.5,17.718,20.709404820330995,0.0482872399605744,3.75894691285632e-06,1.5,18.97707703047841,0.0526951541796418
9.0,17.718,23.710127525120388,0.0421760700755624,2.1982422377798617e-06,nan,19.288163700543507,0.0518452671558268
nan,nan,nan,nan,1.3965216595127478e-06,nan,19.61179871322944,0.0509897136220062
nan,nan,nan,nan,9.523810364329584e-07,nan,19.884499430952363,0.050290428656373
nan,nan,nan,nan,5.95208737692741e-07,nan,20.23582326452715,0.0494173124032454
Name:	233.57214690901213_10_80_1
Lambda:	233.57214690901213	Maximal Depth:	10	Filter time:	10 to 80 [us]
Chi2:	4.980496557270123	RelRMS:	22.18555480553356	AbsRMS:	1.2991700388689903e-06	Phi model:	0.0400941235273462
depth_vector,start_model,resistivity_model,conductivity_model,E/I[V/A],modelled_thickness,rhoa,sigma
0.0,17.718,14.529397857732418,0.0688259768086541,9.789735830540564e-05,1.0,16.20291457117439,0.0617172913926879
1.0,17.718,14.679024529813566,0.0681244178023524,6.133967153012022e-05,1.0,16.51659687671961,0.0605451599663072
2.0,17.718,14.9957164535456,0.0666857100891341,4.059786992183636e-05,1.0,16.977873209608465,0.0589001924831232
3.0,17.718,15.511610784928497,0.0644678372778427,2.4680309071589334e-05,1.0,17.512300964628086,0.0571027189413791
4.0,17.718,16.272066754492005,0.0614550084563747,1.432369763248668e-05,1.0,17.812906306707067,0.0561390703337091
5.0,17.718,17.332957520287973,0.0576935585764584,9.04670952813135e-06,1.0,18.16397600357468,0.0550540256055832
6.0,17.718,18.758711225447616,0.0533085662432621,6.097441197869222e-06,1.5,18.52191850114417,0.0539900874705946
7.5,17.718,20.78534546054934,0.0481108193221038,3.765179491357709e-06,1.5,18.95612915314897,0.0527533860906344
9.0,17.718,23.52556783608193,0.0425069442305349,2.203536449388812e-06,nan,19.257256850968098,0.0519284759890258
nan,nan,nan,nan,1.4007818914773935e-06,nan,19.5720146371739,0.0510933605220517
nan,nan,nan,nan,9.55789862010987e-07,nan,19.837192557203924,0.0504103590826337
nan,nan,nan,nan,5.977201685429897e-07,nan,20.17910048242597,0.049556222829204
Name:	297.63514416313194_10_80_1
Lambda:	297.63514416313194	Maximal Depth:	10	Filter time:	10 to 80 [us]
Chi2:	5.045345679041209	RelRMS:	22.46130190727936	AbsRMS:	1.2268747660769815e-06	Phi model:	0.0373006672431834
depth_vector,start_model,resistivity_model,conductivity_model,E/I[V/A],modelled_thickness,rhoa,sigma
0.0,17.718,14.49144710826076,0.0690062208783797,9.765232349728889e-05,1.0,16.230008103013017,0.0616142637547023
1.0,17.718,14.660796085803712,0.0682091200332781,6.121293758206075e-05,1.0,16.53938608857003,0.0604617362848235
2.0,17.718,15.013897497333856,0.0666049571856727,4.053327783796456e-05,1.0,16.9959052270222,0.0588377015900321
3.0,17.718,15.575305922951989,0.0642041963699978,2.4657431819250355e-05,1.0,17.52313127345532,0.0570674261577231
4.0,17.718,16.378851318620484,0.0610543426121182,1.432137690606343e-05,1.0,17.81483059868092,0.0561330063994009
5.0,17.718,17.46569086277918,0.0572551070471012,9.05156571938094e-06,1.0,18.15747873866477,0.0550737255096208
6.0,17.718,18.882729015519423,0.0529584467996186,6.104540555612771e-06,1.5,18.50755550640961,0.0540319870797456
7.5,17.718,20.81447931472101,0.0480434790070752,3.772519018855168e-06,1.5,18.931534767156613,0.0528219192104197
9.0,17.718,23.33042157675108,0.042862491648951,2.209612446902184e-06,nan,19.22193821853219,0.0520238900276915
nan,nan,nan,nan,1.4056107461196783e-06,nan,19.52716361872464,0.0512107144450358
nan,nan,nan,nan,9.596311610322677e-07,nan,19.784219762922977,0.050545334209948
nan,nan,nan,nan,6.005318170299971e-07,nan,20.116066461728263,0.0497115080576287
Name:	379.26901907322497_10_80_1
Lambda:	379.26901907322497	Maximal Depth:	10	Filter time:	10 to 80 [us]
Chi2:	5.124972484180234	RelRMS:	22.77950000587056	AbsRMS:	1.1374218271901566e-06	Phi model:	0.034612601157126
depth_vector,start_model,resistivity_model,conductivity_model,E/I[V/A],modelled_thickness,rhoa,sigma
0.0,17.718,14.49800037300276,0.0689750292641829,9.73427149337717e-05,1.0,16.264404031035802,0.0614839620370839
1.0,17.718,14.68033549958608,0.0681183342184649,6.105681756083657e-05,1.0,16.567567818936993,0.0603588897856801
2.0,17.718,15.057008668858154,0.0664142541186326,4.045615899063944e-05,1.0,17.01749713601669,0.0587630479386742
3.0,17.718,15.646576664966208,0.0639117438537894,2.4631595300418103e-05,1.0,17.535382681866196,0.0570275549808289
4.0,17.718,16.473697036655047,0.0607028281371774,1.431937436172567e-05,1.0,17.816491479283563,0.0561277735946366
5.0,17.718,17.56773531650753,0.0569225333819977,9.057710230460238e-06,1.0,18.149266107696505,0.0550986466376143
6.0,17.718,18.96155419600568,0.0527382929512525,6.113178561814369e-06,1.5,18.490117109383604,0.0540829457209066
7.5,17.718,20.79904602383353,0.0480791281895383,3.781263079225006e-06,1.5,18.90233775977707,0.0529035092224377
9.0,17.718,23.11730622095959,0.0432576352297197,2.2167181813552283e-06,nan,19.18083870319812,0.0521353636029098
nan,nan,nan,nan,1.4112061897248671e-06,nan,19.47551254368452,0.0513465305602074
nan,nan,nan,nan,9.640629295249757e-07,nan,19.723541569220565,0.0507008336454413
nan,nan,nan,nan,6.037597830959493e-07,nan,20.044302844688595,0.0498894876887665
Name:	483.2930238571752_10_80_1
Lambda:	483.2930238571752	Maximal Depth:	10	Filter time:	10 to 80 [us]
Chi2:	5.22868982118476	RelRMS:	23.1483648233033	AbsRMS:	1.0308941538251122e-06	Phi model:	0.0318638256047564
depth_vector,start_model,resistivity_model,conductivity_model,E/I[V/A],modelled_thickness,rhoa,sigma
0.0,17.718,14.545752427546764,0.068748592070507,9.696227633111416e-05,1.0,16.306919314032594,0.0613236614925462
1.0,17.718,14.735376537559748,0.0678638918694102,6.086765039319527e-05,1.0,16.601876341836302,0.0602341554297706
2.0,17.718,15.12467897747689,0.0661171057904212,4.0364345806253656e-05,1.0,17.04329282028277,0.0586741077880165
3.0,17.718,15.72743176168582,0.0635831720749307,2.460178038596981e-05,1.0,17.549547249984197,0.0569815269736317
4.0,17.718,16.56097616417764,0.0603829140315447,1.431737103859354e-05,1.0,17.81815339319743,0.0561225385107402
5.0,17.718,17.645276705602768,0.0566723898233048,9.065106967122638e-06,1.0,18.13939208521097,0.0551286391132864
6.0,17.718,19.0020286562342,0.0526259600009559,6.12343168224208e-06,1.5,18.46947135029688,0.0541434013477557
7.5,17.718,20.74313168007577,0.0482087283358723,3.791541915286621e-06,1.5,18.86815959347464,0.0529993397101559
9.0,17.718,22.88153593663456,0.0437033598954756,2.224985187420244e-06,nan,19.133297872373763,0.0522649052280674
nan,nan,nan,nan,1.4176823073071895e-06,nan,19.41615654180676,0.0515034990497118
nan,nan,nan,nan,9.691801747703905e-07,nan,19.654053817861207,0.050880088620253
nan,nan,nan,nan,6.074767189499516e-07,nan,19.96245655648583,0.0500940351289129
Name:	615.8482110660261_10_80_1
Lambda:	615.8482110660261	Maximal Depth:	10	Filter time:	10 to 80 [us]
Chi2:	5.367812756127488	RelRMS:	23.57584509749643	AbsRMS:	9.09750165737426e-07	Phi model:	0.0289651745806624
depth_vector,start_model,resistivity_model,conductivity_model,E/I[V/A],modelled_thickness,rhoa,sigma
0.0,17.718,14.632613575342113,0.0683404912492961,9.650662146492256e-05,1.0,16.35820762446315,0.0611313918344289
1.0,17.718,14.8246369713348,0.0674552774502079,6.064288888002303e-05,1.0,16.642872208083713,0.0600857825198155
2.0,17.718,15.21709018809304,0.065715586070619,4.0256356852175206e-05,1.0,17.073758658527517,0.0585694116919327
3.0,17.718,15.819904187578134,0.0632115079928995,2.456733068120469e-05,1.0,17.565949398622365,0.0569283206564642
4.0,17.718,16.64459640365736,0.0600795582991887,1.4315212708325384e-05,1.0,17.819944331469703,0.0561168980889585
5.0,17.718,17.703655570371367,0.0564855092229419,9.073797035168255e-06,1.0,18.127808715156007,0.0551638654022168
6.0,17.718,19.00994108275245,0.0526040557225761,6.135412529059339e-06,1.5,18.44541950532012,0.0542140014604479
7.5,17.718,20.650199866338266,0.0484256814206477,3.8034954478531136e-06,1.5,18.828606597005653,0.0531106746985213
9.0,17.718,22.61962190526017,0.0442094038613196,2.234542662504714e-06,nan,19.07870157793702,0.0524144683491679
nan,nan,nan,nan,1.4251474473688392e-06,nan,19.3482940134311,0.0516841432792899
nan,nan,nan,nan,9.75071677596344e-07,nan,19.574805741138952,0.051086075296184
nan,nan,nan,nan,6.117496635638895e-07,nan,19.86939225854297,0.05032866566767
Name:	784.7599703514607_10_80_1
Lambda:	784.7599703514607	Maximal Depth:	10	Filter time:	10 to 80 [us]
Chi2:	5.555486653664438	RelRMS:	24.068275484090112	AbsRMS:	7.809396446907374e-07	Phi model:	0.0258885949360859
depth_vector,start_model,resistivity_model,conductivity_model,E/I[V/A],modelled_thickness,rhoa,sigma
0.0,17.718,14.75729432272766,0.067763099259998,9.597355906948504e-05,1.0,16.418723549495116,0.0609060745182441
1.0,17.718,14.947428732555077,0.0669011385096641,6.038113992633622e-05,1.0,16.69093482152445,0.0599127616693111
2.0,17.718,15.334677660485982,0.0652116739680009,4.0131317814058144e-05,1.0,17.109205276957137,0.0584480683826273
3.0,17.718,15.925876335963384,0.06279089319197,2.452782868389244e-05,1.0,17.5848042804719,0.0568672806390293
4.0,17.718,16.72792321313888,0.0597802839753923,1.431279967790762e-05,1.0,17.821947147621437,0.0561105917168799
5.0,17.718,17.74741786880469,0.0563462249771972,9.083808156138086e-06,1.0,18.11448735378438,0.0552044328094708
6.0,17.718,18.990310705422345,0.0526584327930173,6.149196051131458e-06,1.5,18.41784539415861,0.0542951674638966
7.5,17.718,20.52362516926091,0.048724335576823,3.817218611086e-06,1.5,18.78345275831234,0.0532383482880944
9.0,17.718,22.329832992337632,0.0447831383397782,2.2454807902705782e-06,nan,19.01669405066118,0.0525853756355317
nan,nan,nan,nan,1.4336783876335715e-06,nan,19.27146447687181,0.0518901924241474
nan,nan,nan,nan,9.818009007563152e-07,nan,19.485259977366784,0.051320844636487
nan,nan,nan,nan,6.166270500207124e-07,nan,19.76447858554582,0.0505958199540523
Name:	1000.0_10_80_1
Lambda:	1000.0	Maximal Depth:	10	Filter time:	10.0 to 80.0 [us]
Chi2:	5.805425110017964	RelRMS:	24.626957156383654	AbsRMS:	6.606468599666847e-07	Phi model:	0.022663611851660867
depth_vector,start_model,resistivity_model,conductivity_model,E/I[V/A],modelled_thickness,rhoa,sigma
0.0,17.718,14.918376974436285,0.06703142048988119,9.536375442895362e-05,1.0,16.488642311598618,0.060647807205846734
1.0,17.718,15.102850826452432,0.066212664846594,6.008220109569623e-05,1.0,16.74625281334864,0.059714851504145926
2.0,17.718,15.477525297055067,0.06460981202145226,3.998874017659698e-05,1.0,17.149849097588415,0.058309550965122976
3.0,17.718,16.046753703479155,0.062317900460028025,2.4482783647724752e-05,1.0,17.606366791749753,0.05679763530023665
4.0,17.718,16.813819731114016,0.059474885302207535,1.4309814113108753e-05,1.0,17.824425946557803,0.056102788555337284
5.0,17.718,17.780765562944065,0.05624054804951965,9.094931756138953e-06,1.0,18.09971433417272,0.05524949076748546
6.0,17.718,18.94824764448243,0.052775328819981496,6.164638241212791e-06,1.5,18.387075192575786,0.05438602874718071
7.5,17.718,20.36789279579894,0.049096880567157095,3.832626975672384e-06,1.5,18.733075377376725,0.053381517975829254
9.0,17.718,22.013479180927483,0.04542671295986696,2.2577602101666936e-06,nan,18.94767988501123,0.05277691021110511
nan,nan,nan,nan,1.4432563320208692e-06,nan,19.186108525156623,0.052121043654517564
nan,nan,nan,nan,9.893585545997057e-07,nan,19.385902012941575,0.051583877775324735
nan,nan,nan,nan,6.221063001415731e-07,nan,19.648256094414933,0.05089510209937932
