Name:	10.0_10_80_1
Lambda:	10	Maximal Depth:	10	Filter time:	10 to 80 [us]
Chi2:	0.1690268793900325	RelRMS:	3.036405952601483	AbsRMS:	4.917393297264261e-07	Phi model:	0.0297491366418401
depth_vector,start_model,resistivity_model,conductivity_model,E/I[V/A],modelled_thickness,rhoa,sigma
0.0,17.0734,18.156587674939647,0.0550764283412259,9.71884272534167e-05,1.0,16.28161275817908,0.0614189770296342
1.0,17.0734,17.824668897939848,0.0561020238707255,6.227595270125508e-05,1.0,16.350634593273345,0.0611597057163396
2.0,17.0734,17.22620055714622,0.0580511063181111,4.211418623833823e-05,1.0,16.567863540442797,0.0603578124336285
3.0,17.0734,16.5002382286944,0.0606051855821675,2.625064893334641e-05,1.0,16.80674377447567,0.0594999253525061
4.0,17.0734,15.826662326982245,0.0631845160615539,1.556927998267019e-05,1.0,16.84971376168717,0.0593481891825247
5.0,17.0734,15.38993472924636,0.06497753353688,1.0018543176897442e-05,1.0,16.96947087598653,0.0589293565667447
6.0,17.0734,15.36786909720804,0.0650708301635439,6.865861423287742e-06,1.5,17.112798121023438,0.0584357971693406
7.5,17.0734,16.323733084753176,0.0612604968978589,4.321548632544471e-06,1.5,17.29207772072145,0.0578299505791417
9.0,17.0734,18.81840897587006,0.0531394551623493,2.572478559313293e-06,nan,17.368943654741905,0.0575740252186833
nan,nan,nan,nan,1.6588178411179442e-06,nan,17.48571568766354,0.0571895378983839
nan,nan,nan,nan,1.1455493728434915e-06,nan,17.581096087023237,0.0568792750491881
nan,nan,nan,nan,7.26353360603781e-07,nan,17.720192805448487,0.0564327945513395
Name:	12.742749857031335_10_80_1
Lambda:	12.742749857031336	Maximal Depth:	10	Filter time:	10 to 80 [us]
Chi2:	0.1673886236689393	RelRMS:	3.0483232182498745	AbsRMS:	4.668107569837852e-07	Phi model:	0.0209001122642289
depth_vector,start_model,resistivity_model,conductivity_model,E/I[V/A],modelled_thickness,rhoa,sigma
0.0,17.0734,17.735760831116668,0.0563832591971775,9.712244121486336e-05,1.0,16.288986526076254,0.0613911736251453
1.0,17.0734,17.484213431518217,0.0571944516644559,6.22033391912212e-05,1.0,16.363356805170262,0.0611121551590217
2.0,17.0734,17.030682689409918,0.0587175522107416,4.204962130980304e-05,1.0,16.58481857806416,0.0602961072678024
3.0,17.0734,16.48285632591531,0.0606690964373536,2.620442050031217e-05,1.0,16.82650433779838,0.0594300503494145
4.0,17.0734,15.982351147235947,0.0625690169604954,1.5544042958776567e-05,1.0,16.867946754873028,0.0592840382135488
5.0,17.0734,15.680140225904593,0.0637749398661586,1.0004140609135124e-05,1.0,16.985753823757413,0.0588728654833872
6.0,17.0734,15.728057647773532,0.0635806418309739,6.857092783543267e-06,1.5,17.12738389407937,0.0583860329274035
7.5,17.0734,16.60177155962138,0.0602345355981278,4.317277194437642e-06,1.5,17.303481492453088,0.0577918380434683
9.0,17.0734,18.740879225498578,0.0533592894958425,2.571099774074109e-06,nan,17.375152645793186,0.0575534512062037
nan,nan,nan,nan,1.6585774862906513e-06,nan,17.487404956412234,0.0571840134366719
nan,nan,nan,nan,1.1457336929940905e-06,nan,17.579210461424054,0.0568853761774117
nan,nan,nan,nan,7.267581269164388e-07,nan,17.71361271340345,0.0564537576935576
Name:	16.237767391887218_10_80_1
Lambda:	16.237767391887218	Maximal Depth:	10	Filter time:	10 to 80 [us]
Chi2:	0.1705474226012862	RelRMS:	3.072393813488447	AbsRMS:	4.5691340339855133e-07	Phi model:	0.0148247246046339
depth_vector,start_model,resistivity_model,conductivity_model,E/I[V/A],modelled_thickness,rhoa,sigma
0.0,17.0734,17.385504353425304,0.0575191826288881,9.70987271701128e-05,1.0,16.29163854871478,0.061381180107196
1.0,17.0734,17.2009616333984,0.0581362845469256,6.216199480301846e-05,1.0,16.370611591698783,0.0610850727475008
2.0,17.0734,16.87140441277935,0.0592718884293084,4.200823860197098e-05,1.0,16.595708696918045,0.0602565409084161
3.0,17.0734,16.47341361558243,0.060703872514564,2.617327382007775e-05,1.0,16.839850925938364,0.0593829484832139
4.0,17.0734,16.117627811442343,0.0620438697120225,1.5527216994626354e-05,1.0,16.8801304463576,0.0592412483527803
5.0,17.0734,15.928421431682962,0.0627808602559269,9.994746690359737e-06,1.0,16.99639526784185,0.0588360051788191
6.0,17.0734,16.03595721732747,0.0623598570666839,6.851510040591209e-06,1.5,17.136686446913473,0.0583543384012906
7.5,17.0734,16.837922253795984,0.0593897504054906,4.314757409531248e-06,1.5,17.310217569699386,0.0577693489971175
9.0,17.0734,18.67507064918984,0.053547320852753,2.57054550418042e-06,nan,17.377650216297937,0.0575451794433134
nan,nan,nan,nan,1.6587473514812592e-06,nan,17.486211062688678,0.0571879177493034
nan,nan,nan,nan,1.146135070709037e-06,nan,17.57510604976507,0.056898660933734
nan,nan,nan,nan,7.272468869171435e-07,nan,17.70567531225379,0.0564790657438475
Name:	20.6913808111479_10_80_1
Lambda:	20.6913808111479	Maximal Depth:	10	Filter time:	10 to 80 [us]
Chi2:	0.175392655037943	RelRMS:	3.1021694278493035	AbsRMS:	4.561134648933328e-07	Phi model:	0.0106512517851107
depth_vector,start_model,resistivity_model,conductivity_model,E/I[V/A],modelled_thickness,rhoa,sigma
0.0,17.0734,17.103024735791074,0.0584691898332652,9.710178759559867e-05,1.0,16.2912962302126,0.0613824698703517
1.0,17.0734,16.971136997587827,0.0589235712458236,6.214136421553383e-05,1.0,16.37423469260675,0.0610715565504577
2.0,17.0734,16.735103612075843,0.059754634520363,4.198262574859111e-05,1.0,16.60245784194517,0.0602320457320214
3.0,17.0734,16.4578640156832,0.0607612263078045,2.615255543716709e-05,1.0,16.848743579666753,0.0593516065617385
4.0,17.0734,16.226723949724718,0.0616267339666528,1.551619718527657e-05,1.0,16.888121829192816,0.059213215662111
5.0,17.0734,16.14065160319149,0.0619553673906368,9.988796060900131e-06,1.0,17.003144777357306,0.0588126498417914
6.0,17.0734,16.30396060570555,0.0613347900049544,6.848110229581653e-06,1.5,17.142357760956045,0.0583350326684716
7.5,17.0734,17.042326746365223,0.058677433831814,4.313424545929745e-06,1.5,17.313783332141778,0.0577574514371779
9.0,17.0734,18.618525665559496,0.0537099455651205,2.570532598083569e-06,nan,17.377708382570358,0.0575449868293904
nan,nan,nan,nan,1.6591744685216265e-06,nan,17.483209980188786,0.0571977343481635
nan,nan,nan,nan,1.1466642818003312e-06,nan,17.569698098615792,0.0569161743353338
nan,nan,nan,nan,7.277761817746627e-07,nan,17.69708965140317,0.0565064663002773
Name:	26.366508987303583_10_80_1
Lambda:	26.366508987303583	Maximal Depth:	10	Filter time:	10 to 80 [us]
Chi2:	0.1803324979556318	RelRMS:	3.133309923415841	AbsRMS:	4.594364052869605e-07	Phi model:	0.0079001544396004
depth_vector,start_model,resistivity_model,conductivity_model,E/I[V/A],modelled_thickness,rhoa,sigma
0.0,17.0734,16.873468869829583,0.0592646365554411,9.71167916089564e-05,1.0,16.28961824286967,0.0613887928550887
1.0,17.0734,16.784380970049327,0.0595792005546369,6.213254915782592e-05,1.0,16.375783386089456,0.0610657808804101
2.0,17.0734,16.62711018144339,0.0601427421294197,4.196716103590386e-05,1.0,16.606536212874502,0.0602172534465515
3.0,17.0734,16.44968942535948,0.060791421293241,2.6139056398114123e-05,1.0,16.85454389809288,0.059331181315037
4.0,17.0734,16.32006871647645,0.0612742518044925,1.5509244393013415e-05,1.0,16.893168747377725,0.0591955254194229
5.0,17.0734,16.317006945353082,0.0612857494851278,9.985260600864374e-06,1.0,17.00715805214975,0.0587987714898432
6.0,17.0734,16.5248769227187,0.0605148228744252,6.846243496752569e-06,1.5,17.14547370309937,0.0583244311190557
7.5,17.0734,17.209359073385198,0.0581079164968165,4.312909873361641e-06,1.5,17.31516070880459,0.0577528569799245
9.0,17.0734,18.57097442284611,0.0538474706405171,2.570864063470255e-06,nan,17.376214661012103,0.0575499336022678
nan,nan,nan,nan,1.65974384938692e-06,nan,17.47921130112459,0.057210819342613
nan,nan,nan,nan,1.1472487247927503e-06,nan,17.563730570241653,0.0569355124186604
nan,nan,nan,nan,7.283049340429523e-07,nan,17.688523176499533,0.0565338321363408
Name:	33.59818286283781_10_80_1
Lambda:	33.59818286283781	Maximal Depth:	10	Filter time:	10 to 80 [us]
Chi2:	0.184862296645041	RelRMS:	3.164202862316728	AbsRMS:	4.6413712561546507e-07	Phi model:	0.0060906431503721
depth_vector,start_model,resistivity_model,conductivity_model,E/I[V/A],modelled_thickness,rhoa,sigma
0.0,17.0734,16.690078094711584,0.0599158370814849,9.71353826241476e-05,1.0,16.287539699204775,0.0613966270208891
1.0,17.0734,16.635061725398963,0.0601139939548987,6.212973603216382e-05,1.0,16.376277693558414,0.061063937648868
2.0,17.0734,16.54087240444471,0.0604563033647058,4.195771116695649e-05,1.0,16.609029575777246,0.0602082135766925
3.0,17.0734,16.444116554557482,0.0608120233569404,2.613017479391532e-05,1.0,16.858362903262506,0.0593177407402041
4.0,17.0734,16.397364799248475,0.0609854090729159,1.5504926691501925e-05,1.0,16.896304794683562,0.059184538403607
5.0,17.0734,16.462610013989373,0.060743709481682,9.983296974139452e-06,1.0,17.00938808467138,0.0587910626191888
6.0,17.0734,16.707075281216873,0.0598548808314919,6.845380120231518e-06,1.5,17.146915326308264,0.058319527505085
7.5,17.0734,17.345887812844385,0.0576505515768131,4.312926046227927e-06,1.5,17.315117422498744,0.0577530013571048
9.0,17.0734,18.53045405413215,0.0539652183955528,2.5714057387356383e-06,nan,17.373774336632003,0.0575580170793133
nan,nan,nan,nan,1.660389517157876e-06,nan,17.474679635573075,0.0572256556832268
nan,nan,nan,nan,1.1478541660392134e-06,nan,17.557553977272683,0.0569555418308522
nan,nan,nan,nan,7.288205031885445e-07,nan,17.680180260523297,0.0565605092971151
Name:	42.81332398719393_10_80_1
Lambda:	42.81332398719393	Maximal Depth:	10	Filter time:	10 to 80 [us]
Chi2:	0.1887869800792256	RelRMS:	3.194226891339478	AbsRMS:	4.68300345401878e-07	Phi model:	0.0049075174987051
depth_vector,start_model,resistivity_model,conductivity_model,E/I[V/A],modelled_thickness,rhoa,sigma
0.0,17.0734,16.54520990737031,0.0604404541011314,9.715147826416264e-05,1.0,16.28574068307158,0.0614034092437357
1.0,17.0734,16.51716228493994,0.0605430874110731,6.212876414370549e-05,1.0,16.37644847729554,0.0610633008363449
2.0,17.0734,16.473144658518304,0.0607048636268059,4.195136108659094e-05,1.0,16.61070558038972,0.060202138624417
3.0,17.0734,16.440993612714678,0.0608235745086992,2.6124107866343684e-05,1.0,16.860972868200435,0.0593085587538063
4.0,17.0734,16.461108436958625,0.0607492505033738,1.5502272546431694e-05,1.0,16.898233284603545,0.0591777840415499
5.0,17.0734,16.58173614248608,0.0603073159171661,9.982345226316108e-06,1.0,17.01046921944709,0.0587873260342964
6.0,17.0734,16.855635656449792,0.0593273383681232,6.845176057903689e-06,1.5,17.147256103720185,0.0583183684871333
7.5,17.0734,17.455930936462792,0.0572871194117268,4.3132931271969496e-06,1.5,17.314135011449462,0.0577562782858468
9.0,17.0734,18.495418324792382,0.0540674442956253,2.572078799818695e-06,nan,17.37074329382234,0.0575680604499886
nan,nan,nan,nan,1.6610763018084535e-06,nan,17.469862610654108,0.0572414347088307
nan,nan,nan,nan,1.1484649511248964e-06,nan,17.551328366952376,0.0569757444617646
nan,nan,nan,nan,7.293198230155696e-07,nan,17.67210966111906,0.0565863396717218
Name:	54.5559478116852_10_80_1
Lambda:	54.5559478116852	Maximal Depth:	10	Filter time:	10 to 80 [us]
Chi2:	0.1920691226947098	RelRMS:	3.223491926528996	AbsRMS:	4.706793558277409e-07	Phi model:	0.0041325244773165
depth_vector,start_model,resistivity_model,conductivity_model,E/I[V/A],modelled_thickness,rhoa,sigma
0.0,17.0734,16.432328797420215,0.0608556469583906,9.716106583378114e-05,1.0,16.284669312632694,0.06140744898174
1.0,17.0734,16.425502027574055,0.0608809397923585,6.212680054104399e-05,1.0,16.376793542207356,0.0610620142107021
2.0,17.0734,16.42110711164057,0.060897233858923,4.194608856472796e-05,1.0,16.61209750157012,0.0601970943106662
3.0,17.0734,16.4402360118746,0.0608263773876306,2.6119597823091512e-05,1.0,16.862913723216508,0.0593017325720655
4.0,17.0734,16.51368309973879,0.0605558429309944,1.5500619264974637e-05,1.0,16.899434829679926,0.0591735765177029
5.0,17.0734,16.678532793660935,0.0599573123350558,9.9820348892728e-06,1.0,17.010821782922584,0.0587861076179114
6.0,17.0734,16.97553442132039,0.0589083074017423,6.845411333820443e-06,1.5,17.146863202128824,0.058319704788678
7.5,17.0734,17.543308602160227,0.0570017904078175,4.313904270704402e-06,1.5,17.312499730059624,0.0577617337526194
9.0,17.0734,18.46438155097698,0.0541583262477095,2.572844383904564e-06,nan,17.367297192344587,0.0575794833775744
nan,nan,nan,nan,1.6617928367813438e-06,nan,17.464840457471148,0.0572578949366936
nan,nan,nan,nan,1.1490807655911967e-06,nan,17.545057077259294,0.0569961098215024
nan,nan,nan,nan,7.298087001846462e-07,nan,17.664216765547728,0.056611624125356
Name:	69.51927961775606_10_80_1
Lambda:	69.51927961775606	Maximal Depth:	10	Filter time:	10 to 80 [us]
Chi2:	0.1947445195836536	RelRMS:	3.2525808399447484	AbsRMS:	4.704449867736646e-07	Phi model:	0.0036178460532511
depth_vector,start_model,resistivity_model,conductivity_model,E/I[V/A],modelled_thickness,rhoa,sigma
0.0,17.0734,16.34601276304724,0.0611769986048621,9.716145481680303e-05,1.0,16.284625849141136,0.0614076128775621
1.0,17.0734,16.355767814347825,0.0611405108797623,6.212189641404309e-05,1.0,16.377655426377675,0.061058800784721
2.0,17.0734,16.38241190909248,0.0610410729231503,4.194048588164277e-05,1.0,16.613576903372415,0.060191733894283
3.0,17.0734,16.441837512605147,0.0608204526552065,2.611577269390016e-05,1.0,16.864560269661595,0.0592959427349519
4.0,17.0734,16.557275438061996,0.0603964102512417,1.549952485608097e-05,1.0,16.900230323920454,0.0591707912160586
5.0,17.0734,16.756815701052684,0.0596772094316928,9.982131679989914e-06,1.0,17.0107118202845,0.0587864876299618
6.0,17.0734,17.071361818271974,0.0585776349095753,6.845955658134315e-06,1.5,17.14595428804851,0.0583227963401864
7.5,17.0734,17.61145073406625,0.056781239382266,4.3147055688513226e-06,1.5,17.31035622290715,0.0577688862737948
9.0,17.0734,18.43593371970136,0.0542418960278296,2.573692308170395e-06,nan,17.363482449506886,0.0575921335427962
nan,nan,nan,nan,1.6625446719047114e-06,nan,17.45957476624528,0.0572751635356725
nan,nan,nan,nan,1.14971210844498e-06,nan,17.538633463119144,0.0570169849380132
nan,nan,nan,nan,7.302991046151243e-07,nan,17.65630806083128,0.0566369818964814
Name:	88.58667904100822_10_80_1
Lambda:	88.58667904100822	Maximal Depth:	10	Filter time:	10 to 80 [us]
Chi2:	0.1968922691946706	RelRMS:	3.2823993791785835	AbsRMS:	4.670112340169721e-07	Phi model:	0.003264921560723
depth_vector,start_model,resistivity_model,conductivity_model,E/I[V/A],modelled_thickness,rhoa,sigma
0.0,17.0734,16.281886384281577,0.0614179448497683,9.715070549352864e-05,1.0,16.285827044602392,0.0614030836297889
1.0,17.0734,16.304478270541416,0.0613328426342092,6.211264384248252e-05,1.0,16.379281844204723,0.0610527378130328
2.0,17.0734,16.35518329707264,0.0611426959781604,4.193354220874551e-05,1.0,16.61541085385935,0.0601850901428492
3.0,17.0734,16.445875947919042,0.0608055176365679,2.6112020945214526e-05,1.0,16.866175619591086,0.0592902636943042
4.0,17.0734,16.593841167388423,0.0602633223924839,1.5498698883103123e-05,1.0,16.900830761831944,0.0591686890480173
5.0,17.0734,16.81996867431519,0.0594531428305834,9.98249594880676e-06,1.0,17.01029799528612,0.0587879177823409
6.0,17.0734,17.14717442546884,0.0583186462788114,6.846741789335151e-06,1.5,17.14464181680301,0.0583272611166438
7.5,17.0734,17.663303050341668,0.05661455262076,4.315680631680732e-06,1.5,17.307748782427986,0.0577775892503864
9.0,17.0734,18.408737594858973,0.0543220302232604,2.5746326283615565e-06,nan,17.359254473582627,0.0576061605365485
nan,nan,nan,nan,1.6633492328602036e-06,nan,17.453944188866913,0.0572936402900758
nan,nan,nan,nan,1.1503770451527733e-06,nan,17.531874400942737,0.0570389666917889
nan,nan,nan,nan,7.308072814925669e-07,nan,17.648122074449763,0.0566632526555196
Name:	112.88378916846884_10_80_1
Lambda:	112.88378916846884	Maximal Depth:	10	Filter time:	10 to 80 [us]
Chi2:	0.1986286400759879	RelRMS:	3.314090775711928	AbsRMS:	4.599212695703554e-07	Phi model:	0.0030086664276878
depth_vector,start_model,resistivity_model,conductivity_model,E/I[V/A],modelled_thickness,rhoa,sigma
0.0,17.0734,16.23651609108748,0.061589567268616,9.71272289119249e-05,1.0,16.288451232492672,0.0613931911466923
1.0,17.0734,16.268911263326935,0.0614669281683391,6.209793138442496e-05,1.0,16.381868833037345,0.061043096498447
2.0,17.0734,16.337989729234998,0.0612070405583994,4.192448634962479e-05,1.0,16.617803431827323,0.0601764248868623
3.0,17.0734,16.452514297556423,0.0607809834967609,2.610789975039257e-05,1.0,16.867950483846325,0.0592840251077126
4.0,17.0734,16.625103206107177,0.0601500025354822,1.5497951910681573e-05,1.0,16.90137381651611,0.059166787910625
5.0,17.0734,16.870914880087742,0.0592736082842947,9.983052399860617e-06,1.0,17.009665891610023,0.0587901024260122
6.0,17.0734,17.206443466951868,0.0581177627974475,6.847746184458641e-06,1.5,17.142965312334116,0.0583329652589633
7.5,17.0734,17.701302114413576,0.0564930191878784,4.31683949001895e-06,1.5,17.304651126292946,0.0577879318514884
9.0,17.0734,18.38151723693297,0.0544024732621502,2.57568968563236e-06,nan,17.354504682590647,0.0576219268881329
nan,nan,nan,nan,1.6642323402252732e-06,nan,17.447769141549873,0.0573139174347862
nan,nan,nan,nan,1.1510990082812576e-06,nan,17.524543036004225,0.0570628288535396
nan,nan,nan,nan,7.313525105827942e-07,nan,17.63934977438048,0.0566914320987277
Name:	143.8449888287663_10_80_1
Lambda:	143.8449888287663	Maximal Depth:	10	Filter time:	10 to 80 [us]
Chi2:	0.2001133373279504	RelRMS:	3.348989359861583	AbsRMS:	4.48784771827522e-07	Phi model:	0.0028062931841927
depth_vector,start_model,resistivity_model,conductivity_model,E/I[V/A],modelled_thickness,rhoa,sigma
0.0,17.0734,16.207288540442928,0.0617006353348153,9.708953904939684e-05,1.0,16.292666377817824,0.061377307851923
1.0,17.0734,16.24701263082833,0.0615497767326482,6.207678775283805e-05,1.0,16.385588447106425,0.0610292393970503
2.0,17.0734,16.3297989759795,0.0612377409832761,4.191268330265658e-05,1.0,16.620923116120707,0.0601651299999153
3.0,17.0734,16.461996459381567,0.0607459734587725,2.6103073047806147e-05,1.0,16.87002978107876,0.0592767181194658
4.0,17.0734,16.652567196209407,0.060050801069737,1.5497161033881875e-05,1.0,16.90194883756735,0.0591647749978591
5.0,17.0734,16.912132150792637,0.0591291500730812,9.98376931115908e-06,1.0,17.00885159878283,0.0587929169816239
6.0,17.0734,17.25206499048981,0.057964075636815,6.848975630985194e-06,1.5,17.140913716990344,0.0583399471294686
7.5,17.0734,17.7273955172923,0.0564098656807506,4.31821090680527e-06,1.5,17.30098708642543,0.0578001703026882
9.0,17.0734,18.353046256219127,0.0544868675226674,2.57689802107012e-06,nan,17.34907911483923,0.057639946960912
nan,nan,nan,nan,1.6652258478285937e-06,nan,17.440828655381814,0.0573367252072294
nan,nan,nan,nan,1.1519053207226124e-06,nan,17.51636417742138,0.0570894730134123
nan,nan,nan,nan,7.319562883083155e-07,nan,17.62964818300272,0.0567226293808931
Name:	183.29807108324357_10_80_1
Lambda:	183.2980710832436	Maximal Depth:	10	Filter time:	10 to 80 [us]
Chi2:	0.2015632026377696	RelRMS:	3.388578404967514	AbsRMS:	4.332581816974455e-07	Phi model:	0.0026297320082208
depth_vector,start_model,resistivity_model,conductivity_model,E/I[V/A],modelled_thickness,rhoa,sigma
0.0,17.0734,16.192283433690925,0.0617578122378541,9.703612167329176e-05,1.0,16.298645124993694,0.0613547931334805
1.0,17.0734,16.237296377386365,0.0615866075705002,6.204829078648659e-05,1.0,16.39060501105528,0.0610105605818401
2.0,17.0734,16.3299228698515,0.0612372763772333,4.189756897499468e-05,1.0,16.6249201495614,0.060150664845532
3.0,17.0734,16.47463726251036,0.0606993637593221,2.6097269149185904e-05,1.0,16.87253089369667,0.0592679311894806
4.0,17.0734,16.67754423548816,0.059960866293018,1.5496244883479528e-05,1.0,16.902615002167018,0.0591624432001671
5.0,17.0734,16.945692830557288,0.0590120457156376,9.984642683131792e-06,1.0,17.007859724139603,0.0587963457024918
6.0,17.0734,17.286408187316166,0.0578489174364022,6.850456539606148e-06,1.5,17.138443317982485,0.0583483564665847
7.5,17.0734,17.743092030013713,0.0563599624185248,4.319835847954343e-06,1.5,17.296648210348554,0.0578146695150856
9.0,17.0734,18.32214927994029,0.0545787497264217,2.578298706415589e-06,nan,17.34279517739888,0.0576608320499108
nan,nan,nan,nan,1.6663654001089228e-06,nan,17.432876417138395,0.0573628801163812
nan,nan,nan,nan,1.152825714340529e-06,nan,17.50703978686762,0.0571198793270647
nan,nan,nan,nan,7.326414450835978e-07,nan,17.61865512360906,0.0567580211420335
Name:	233.57214690901213_10_80_1
Lambda:	233.57214690901213	Maximal Depth:	10	Filter time:	10 to 80 [us]
Chi2:	0.2032747706957016	RelRMS:	3.4344910153087804	AbsRMS:	4.130860462994303e-07	Phi model:	0.0024606514456815
depth_vector,start_model,resistivity_model,conductivity_model,E/I[V/A],modelled_thickness,rhoa,sigma
0.0,17.0734,16.190137953244296,0.0617659962433867,9.696546468849517e-05,1.0,16.30656184950192,0.0613250058000757
1.0,17.0734,16.23873340802326,0.0615811575246329,6.201157339022002e-05,1.0,16.397074351446346,0.06098648933136
2.0,17.0734,16.337947500680766,0.0612071987597176,4.187864635966182e-05,1.0,16.629927686183258,0.0601325525204078
3.0,17.0734,16.490799014672557,0.0606398755518309,2.609027377228404e-05,1.0,16.87554669031509,0.0592573395310447
4.0,17.0734,16.7011674983028,0.0598760535813811,1.5495158209618197e-05,1.0,16.90340524537213,0.0591596773244126
5.0,17.0734,16.973309259393417,0.0589160301457759,9.985692201607196e-06,1.0,17.00666799398931,0.0588004658145517
6.0,17.0734,17.31137813738323,0.0577654760969341,6.852231854998267e-06,1.5,17.13548297291104,0.0583584367934577
7.5,17.0734,17.749526786230827,0.0563395301769818,4.3217654047590696e-06,1.5,17.291499488916,0.0578318844262759
9.0,17.0734,18.2877023133086,0.0546815550071735,2.5799381434074483e-06,nan,17.335447344367093,0.0576852722710346
nan,nan,nan,nan,1.6676896840925815e-06,nan,17.423646428408308,0.0573932674832952
nan,nan,nan,nan,1.1538918244565434e-06,nan,17.49625465831724,0.0571550894479366
nan,nan,nan,nan,7.334318398122083e-07,nan,17.60599482919075,0.056798835266156
Name:	297.63514416313194_10_80_1
Lambda:	297.63514416313194	Maximal Depth:	10	Filter time:	10 to 80 [us]
Chi2:	0.2056435596162691	RelRMS:	3.488406405490522	AbsRMS:	3.8817325898018004e-07	Phi model:	0.0022874453084572
depth_vector,start_model,resistivity_model,conductivity_model,E/I[V/A],modelled_thickness,rhoa,sigma
0.0,17.0734,16.19991197345603,0.0617287304794325,9.687610969522916e-05,1.0,16.31658736097779,0.0612873254606883
1.0,17.0734,16.250638437812313,0.0615360438807856,6.196582869624908e-05,1.0,16.405143173746946,0.0609564933026792
2.0,17.0734,16.35365848029701,0.0611483969293357,4.185547167102138e-05,1.0,16.636065598786956,0.0601103664843036
3.0,17.0734,16.510862600390055,0.0605661874974585,2.608190956725767e-05,1.0,16.879154375785166,0.0592446740954392
4.0,17.0734,16.724407535472594,0.0597928505317149,1.5493874262841615e-05,1.0,16.904339067026314,0.0591564092529713
5.0,17.0734,16.996385846138928,0.0588360377937154,9.986946984171798e-06,1.0,17.005243460051805,0.0588053915457999
6.0,17.0734,17.32849730726078,0.0577084084250624,6.854349528973409e-06,1.5,17.131953415028274,0.058370459910473
7.5,17.0734,17.747548239987097,0.0563458110651529,4.324052328581865e-06,1.5,17.285402148480316,0.0578522843385461
9.0,17.0734,18.2486872211695,0.0547984623704845,2.581862438794762e-06,nan,17.32683271899957,0.057713952470001
nan,nan,nan,nan,1.6692364901547513e-06,nan,17.41288096121254,0.0574287507177884
nan,nan,nan,nan,1.1551342870948583e-06,nan,17.483706425146895,0.0571961102344806
nan,nan,nan,nan,7.343503907363382e-07,nan,17.591310307725966,0.0568462486595332
Name:	379.26901907322497_10_80_1
Lambda:	379.26901907322497	Maximal Depth:	10	Filter time:	10 to 80 [us]
Chi2:	0.2091842435612716	RelRMS:	3.5519906782782704	AbsRMS:	3.587536482326585e-07	Phi model:	0.0021034248321762
depth_vector,start_model,resistivity_model,conductivity_model,E/I[V/A],modelled_thickness,rhoa,sigma
0.0,17.0734,16.220935010780806,0.0616487273597592,9.676689032954752e-05,1.0,16.328862580650455,0.0612412527241787
1.0,17.0734,16.272536707067072,0.0614532336292537,6.191042916367375e-05,1.0,16.414928297048345,0.0609201564517229
2.0,17.0734,16.376943696338408,0.0610614543557099,4.1827713844061774e-05,1.0,16.64342483389789,0.0600837874403882
3.0,17.0734,16.53517578236644,0.0604771314899734,2.6072058712630505e-05,1.0,16.88340576303891,0.0592297557752948
4.0,17.0734,16.748068155020707,0.0597083789451992,1.5492391326763776e-05,1.0,16.905417775227544,0.0591526345752517
5.0,17.0734,17.01605890181394,0.058768014718931,9.988446098313918e-06,1.0,17.003541931543555,0.0588112761462294
6.0,17.0734,17.338980442309733,0.0576735179630198,6.856860649081017e-06,1.5,17.127770449367613,0.0583847152176728
7.5,17.0734,17.73780948140126,0.0563767471427932,4.326748301334106e-06,1.5,17.278221110779256,0.0578763284477321
9.0,17.0734,18.20424065718514,0.0549322555569108,2.584115006478308e-06,nan,17.316762079492104,0.0577475162740891
nan,nan,nan,nan,1.67104075266386e-06,nan,17.400344636312045,0.0574701260751549
nan,nan,nan,nan,1.1565811450426968e-06,nan,17.469122224774274,0.057243860746582
nan,nan,nan,nan,7.354178923499306e-07,nan,17.57428298367737,0.0569013257001027
Name:	483.2930238571752_10_80_1
Lambda:	483.2930238571752	Maximal Depth:	10	Filter time:	10 to 80 [us]
Chi2:	0.2145319519337663	RelRMS:	3.6267326432785416	AbsRMS:	3.256436208895564e-07	Phi model:	0.0019058865007831
depth_vector,start_model,resistivity_model,conductivity_model,E/I[V/A],modelled_thickness,rhoa,sigma
0.0,17.0734,16.252645156126913,0.0615284460094805,9.663720316025255e-05,1.0,16.34346820893449,0.0611865233998087
1.0,17.0734,16.304021301603083,0.0613345616704803,6.18450542388172e-05,1.0,16.426494144886604,0.0608772627427191
2.0,17.0734,16.40768495091664,0.0609470502993862,4.179521162787814e-05,1.0,16.652052267254998,0.060052658011795
3.0,17.0734,16.563989949074625,0.0603719274809066,2.6060677706771945e-05,1.0,16.888320860516966,0.0592125178257294
4.0,17.0734,16.772772992655895,0.0596204336896384,1.5490730914241392e-05,1.0,16.90662578648241,0.0591484080046027
5.0,17.0734,17.033232318999435,0.0587087630387431,9.990231618308843e-06,1.0,17.001515881184456,0.0588182846158264
6.0,17.0734,17.343814630729575,0.0576574427997063,6.859811180420761e-06,1.5,17.12285878386155,0.0584014627827515
7.5,17.0734,17.72087347045987,0.0564306269477612,4.329896224818438e-06,1.5,17.269845681313658,0.0579043969733916
9.0,17.0734,18.15374737233151,0.0550850454999787,2.58673064236517e-06,nan,17.305086599913412,0.0577864776478497
nan,nan,nan,nan,1.6731300090769204e-06,nan,17.385856281542974,0.0575180183136341
nan,nan,nan,nan,1.1582542954300743e-06,nan,17.45229488370457,0.0572990547468753
nan,nan,nan,nan,7.36650459895265e-07,nan,17.554673922391018,0.0569648860708542
Name:	615.8482110660261_10_80_1
Lambda:	615.8482110660261	Maximal Depth:	10	Filter time:	10 to 80 [us]
Chi2:	0.2224145012652454	RelRMS:	3.713727770597572	AbsRMS:	2.906415887060684e-07	Phi model:	0.001695606386408
depth_vector,start_model,resistivity_model,conductivity_model,E/I[V/A],modelled_thickness,rhoa,sigma
0.0,17.0734,16.294419282800735,0.0613707050643732,9.648733366285827e-05,1.0,16.360387553840976,0.0611232464212149
1.0,17.0734,16.34460057229123,0.0611822843621694,6.176984786662971e-05,1.0,16.439824559069194,0.0608278997386465
2.0,17.0734,16.445638034546068,0.0608063972890184,4.175804720791973e-05,1.0,16.66193095561573,0.0600170534053833
3.0,17.0734,16.59738431851212,0.0602504575907564,2.6047819605637485e-05,1.0,16.893878174698468,0.0591930396122824
4.0,17.0734,16.798940281205937,0.0595275644332615,1.548893865700679e-05,1.0,16.907929961834636,0.0591438456545092
5.0,17.0734,17.04860430604,0.0586558278935313,9.992342432062756e-06,1.0,16.999121494522633,0.0588265693802008
6.0,17.0734,17.34383469433471,0.0576573761007215,6.863233620642001e-06,1.5,17.11716595398365,0.058420885950882
7.5,17.0734,17.697321220801776,0.056505726913324,4.3335219949917e-06,1.5,17.26021145056592,0.0579367178011722
9.0,17.0734,18.096947165140456,0.0552579388597799,2.589729016773805e-06,nan,17.291726863287188,0.0578311239765846
nan,nan,nan,nan,1.6755193325554752e-06,nan,17.369323969052914,0.0575727645924337
nan,nan,nan,nan,1.16016548698724e-06,nan,17.43312299630769,0.0573620687590971
nan,nan,nan,nan,7.38056621662309e-07,nan,17.532369801422586,0.0570373549797506
Name:	784.7599703514607_10_80_1
Lambda:	784.7599703514607	Maximal Depth:	10	Filter time:	10 to 80 [us]
Chi2:	0.233582215580986	RelRMS:	3.813416270360754	AbsRMS:	2.571014666928538e-07	Phi model:	0.001476430176133
depth_vector,start_model,resistivity_model,conductivity_model,E/I[V/A],modelled_thickness,rhoa,sigma
0.0,17.0734,16.345409937801467,0.0611792548370007,9.631876101250848e-05,1.0,16.37947078694848,0.0610520335490217
1.0,17.0734,16.39355060938639,0.06099959818512,6.168556413923799e-05,1.0,16.454796126194758,0.0607725548424193
2.0,17.0734,16.49031502494202,0.0606416553284442,4.17166127773178e-05,1.0,16.672961946895853,0.0599773455481423
3.0,17.0734,16.63518911688712,0.0601135336047881,2.6033652400397942e-05,1.0,16.90000658453208,0.0591715745788679
4.0,17.0734,16.82675366166624,0.0594291697677932,1.548708300481517e-05,1.0,16.909280532963407,0.0591391217414941
5.0,17.0734,17.062687944445464,0.0586074130439417,9.99480665501684e-06,1.0,16.9963272869348,0.0588362405076011
6.0,17.0734,17.339790930132793,0.0576708222163288,6.867137700551861e-06,1.5,17.11067774688786,0.0584430385980405
7.5,17.0734,17.667852789541783,0.0565999735175479,4.337625655457376e-06,1.5,17.249323586106197,0.0579732877644819
9.0,17.0734,18.034040267624952,0.0554506913126515,2.59310776441655e-06,nan,17.276703171871613,0.0578814134879686
nan,nan,nan,nan,1.6782059830904524e-06,nan,17.35078124585081,0.0576342924177627
nan,nan,nan,nan,1.1623121093249882e-06,nan,17.411652079649844,0.0574328039306945
nan,nan,nan,nan,7.396342676512836e-07,nan,17.507429803768016,0.0571186068548323
Name:	1000.0_10_80_1
Lambda:	1000	Maximal Depth:	10	Filter time:	10 to 80 [us]
Chi2:	0.2486921671289869	RelRMS:	3.925324049458639	AbsRMS:	2.3049313185767e-07	Phi model:	0.0012546783508592
depth_vector,start_model,resistivity_model,conductivity_model,E/I[V/A],modelled_thickness,rhoa,sigma
0.0,17.0734,16.404414085056704,0.06095920249361,9.613435368157028e-05,1.0,16.40041043742714,0.0609740837776787
1.0,17.0734,16.449796763330323,0.0607910246179568,6.159365643006347e-05,1.0,16.47116087162142,0.0607121749216186
2.0,17.0734,16.540890262187702,0.0604562380953574,4.167164750483842e-05,1.0,16.684953625650582,0.0599342391016689
3.0,17.0734,16.676925007160715,0.0599630926906861,2.6018465130762845e-05,1.0,16.906582427042856,0.0591485596994726
4.0,17.0734,16.85614031778523,0.0593255621481082,1.5485249854270725e-05,1.0,16.910614991908137,0.0591344549254127
5.0,17.0734,17.075829049693986,0.0585623103329159,9.99763317231494e-06,1.0,16.993123683562512,0.0588473325223485
6.0,17.0734,17.3324032646557,0.0576954035012099,6.871501536066135e-06,1.5,17.10343274245616,0.0584677950361205
7.5,17.0734,17.633364244970032,0.0567106756321473,4.342173584441209e-06,1.5,17.237277023422354,0.0580138033774812
9.0,17.0734,17.96576153880198,0.0556614312084809,2.596836584485153e-06,nan,17.26016069989572,0.0579368881545837
nan,nan,nan,nan,1.681164920969601e-06,nan,17.33041641621843,0.0577020180002232
nan,nan,nan,nan,1.1646736986381696e-06,nan,17.38810724177172,0.05751057237545
nan,nan,nan,nan,7.413681394909521e-07,nan,17.480122197217785,0.0572078380641506
Name:	200_10_80_1
Lambda:	200	Maximal Depth:	10	Filter time:	10 to 80 [us]
Chi2:	0.2021305596272337	RelRMS:	3.404281508739956	AbsRMS:	4.265452580703714e-07	Phi model:	0.0025687648872469
depth_vector,start_model,resistivity_model,conductivity_model,E/I[V/A],modelled_thickness,rhoa,sigma
0.0,17.0734,16.190087133665884,0.0617661901226329,9.7012764879082e-05,1.0,16.301261061337097,0.0613449472551405
1.0,17.0734,16.236570745015843,0.0615893599519449,6.203607139773076e-05,1.0,16.392757270706763,0.0610025503023193
2.0,17.0734,16.33191465507344,0.0612298080855666,4.189122417434404e-05,1.0,16.626598769109147,0.0601445920411526
3.0,17.0734,16.480026594498423,0.0606795137292941,2.6094899686934745e-05,1.0,16.873552248329535,0.0592643437068207
4.0,17.0734,16.68614533561208,0.059929958650532,1.5495875344088317e-05,1.0,16.902883725600116,0.0591615026307883
5.0,17.0734,16.956233952036595,0.0589753599076693,9.98499864576555e-06,1.0,17.007455504521165,0.0587977431270754
6.0,17.0734,17.296384627313326,0.0578155505642991,6.851058926236635e-06,1.5,17.137438692709203,0.0583517769446744
7.5,17.0734,17.74642429486987,0.0563493796487825,4.320492232647277e-06,1.5,17.294896320054022,0.0578205258646428
9.0,17.0734,18.31022050349442,0.0546143067916169,2.578858610630804e-06,nan,17.340284853518952,0.0576691795116079
nan,nan,nan,nan,1.6668185671103876e-06,nan,17.42971656019035,0.0573732795106955
nan,nan,nan,nan,1.1531908640509009e-06,nan,17.5033439384635,0.0571319402461438
nan,nan,nan,nan,7.329124676717394e-07,nan,17.614311405394872,0.0567720177635625
Name:	200_10_80_2
Lambda:	200	Maximal Depth:	10	Filter time:	10 to 80 [us]
Chi2:	0.2021305596272337	RelRMS:	3.404281508739956	AbsRMS:	4.265452580703714e-07	Phi model:	0.0025687648872469
depth_vector,start_model,resistivity_model,conductivity_model,E/I[V/A],modelled_thickness,rhoa,sigma
0.0,17.0734,16.190087133665884,0.0617661901226329,9.7012764879082e-05,1.0,16.301261061337097,0.0613449472551405
1.0,17.0734,16.236570745015843,0.0615893599519449,6.203607139773076e-05,1.0,16.392757270706763,0.0610025503023193
2.0,17.0734,16.33191465507344,0.0612298080855666,4.189122417434404e-05,1.0,16.626598769109147,0.0601445920411526
3.0,17.0734,16.480026594498423,0.0606795137292941,2.6094899686934745e-05,1.0,16.873552248329535,0.0592643437068207
4.0,17.0734,16.68614533561208,0.059929958650532,1.5495875344088317e-05,1.0,16.902883725600116,0.0591615026307883
5.0,17.0734,16.956233952036595,0.0589753599076693,9.98499864576555e-06,1.0,17.007455504521165,0.0587977431270754
6.0,17.0734,17.296384627313326,0.0578155505642991,6.851058926236635e-06,1.5,17.137438692709203,0.0583517769446744
7.5,17.0734,17.74642429486987,0.0563493796487825,4.320492232647277e-06,1.5,17.294896320054022,0.0578205258646428
9.0,17.0734,18.31022050349442,0.0546143067916169,2.578858610630804e-06,nan,17.340284853518952,0.0576691795116079
nan,nan,nan,nan,1.6668185671103876e-06,nan,17.42971656019035,0.0573732795106955
nan,nan,nan,nan,1.1531908640509009e-06,nan,17.5033439384635,0.0571319402461438
nan,nan,nan,nan,7.329124676717394e-07,nan,17.614311405394872,0.0567720177635625
Name:	200_10_80_3
Lambda:	200	Maximal Depth:	10	Filter time:	10 to 80 [us]
Chi2:	0.2021305596272337	RelRMS:	3.404281508739956	AbsRMS:	4.265452580703714e-07	Phi model:	0.0025687648872469
depth_vector,start_model,resistivity_model,conductivity_model,E/I[V/A],modelled_thickness,rhoa,sigma
0.0,17.0734,16.190087133665884,0.0617661901226329,9.7012764879082e-05,1.0,16.301261061337097,0.0613449472551405
1.0,17.0734,16.236570745015843,0.0615893599519449,6.203607139773076e-05,1.0,16.392757270706763,0.0610025503023193
2.0,17.0734,16.33191465507344,0.0612298080855666,4.189122417434404e-05,1.0,16.626598769109147,0.0601445920411526
3.0,17.0734,16.480026594498423,0.0606795137292941,2.6094899686934745e-05,1.0,16.873552248329535,0.0592643437068207
4.0,17.0734,16.68614533561208,0.059929958650532,1.5495875344088317e-05,1.0,16.902883725600116,0.0591615026307883
5.0,17.0734,16.956233952036595,0.0589753599076693,9.98499864576555e-06,1.0,17.007455504521165,0.0587977431270754
6.0,17.0734,17.296384627313326,0.0578155505642991,6.851058926236635e-06,1.5,17.137438692709203,0.0583517769446744
7.5,17.0734,17.74642429486987,0.0563493796487825,4.320492232647277e-06,1.5,17.294896320054022,0.0578205258646428
9.0,17.0734,18.31022050349442,0.0546143067916169,2.578858610630804e-06,nan,17.340284853518952,0.0576691795116079
nan,nan,nan,nan,1.6668185671103876e-06,nan,17.42971656019035,0.0573732795106955
nan,nan,nan,nan,1.1531908640509009e-06,nan,17.5033439384635,0.0571319402461438
nan,nan,nan,nan,7.329124676717394e-07,nan,17.614311405394872,0.0567720177635625
Name:	200_10_80_4
Lambda:	200	Maximal Depth:	10	Filter time:	10 to 80 [us]
Chi2:	0.2021305596272337	RelRMS:	3.404281508739956	AbsRMS:	4.265452580703714e-07	Phi model:	0.0025687648872469
depth_vector,start_model,resistivity_model,conductivity_model,E/I[V/A],modelled_thickness,rhoa,sigma
0.0,17.0734,16.190087133665884,0.0617661901226329,9.7012764879082e-05,1.0,16.301261061337097,0.0613449472551405
1.0,17.0734,16.236570745015843,0.0615893599519449,6.203607139773076e-05,1.0,16.392757270706763,0.0610025503023193
2.0,17.0734,16.33191465507344,0.0612298080855666,4.189122417434404e-05,1.0,16.626598769109147,0.0601445920411526
3.0,17.0734,16.480026594498423,0.0606795137292941,2.6094899686934745e-05,1.0,16.873552248329535,0.0592643437068207
4.0,17.0734,16.68614533561208,0.059929958650532,1.5495875344088317e-05,1.0,16.902883725600116,0.0591615026307883
5.0,17.0734,16.956233952036595,0.0589753599076693,9.98499864576555e-06,1.0,17.007455504521165,0.0587977431270754
6.0,17.0734,17.296384627313326,0.0578155505642991,6.851058926236635e-06,1.5,17.137438692709203,0.0583517769446744
7.5,17.0734,17.74642429486987,0.0563493796487825,4.320492232647277e-06,1.5,17.294896320054022,0.0578205258646428
9.0,17.0734,18.31022050349442,0.0546143067916169,2.578858610630804e-06,nan,17.340284853518952,0.0576691795116079
nan,nan,nan,nan,1.6668185671103876e-06,nan,17.42971656019035,0.0573732795106955
nan,nan,nan,nan,1.1531908640509009e-06,nan,17.5033439384635,0.0571319402461438
nan,nan,nan,nan,7.329124676717394e-07,nan,17.614311405394872,0.0567720177635625
Name:	200_10_80_5
Lambda:	200	Maximal Depth:	10	Filter time:	10 to 80 [us]
Chi2:	0.2021305596272337	RelRMS:	3.404281508739956	AbsRMS:	4.265452580703714e-07	Phi model:	0.0025687648872469
depth_vector,start_model,resistivity_model,conductivity_model,E/I[V/A],modelled_thickness,rhoa,sigma
0.0,17.0734,16.190087133665884,0.0617661901226329,9.7012764879082e-05,1.0,16.301261061337097,0.0613449472551405
1.0,17.0734,16.236570745015843,0.0615893599519449,6.203607139773076e-05,1.0,16.392757270706763,0.0610025503023193
2.0,17.0734,16.33191465507344,0.0612298080855666,4.189122417434404e-05,1.0,16.626598769109147,0.0601445920411526
3.0,17.0734,16.480026594498423,0.0606795137292941,2.6094899686934745e-05,1.0,16.873552248329535,0.0592643437068207
4.0,17.0734,16.68614533561208,0.059929958650532,1.5495875344088317e-05,1.0,16.902883725600116,0.0591615026307883
5.0,17.0734,16.956233952036595,0.0589753599076693,9.98499864576555e-06,1.0,17.007455504521165,0.0587977431270754
6.0,17.0734,17.296384627313326,0.0578155505642991,6.851058926236635e-06,1.5,17.137438692709203,0.0583517769446744
7.5,17.0734,17.74642429486987,0.0563493796487825,4.320492232647277e-06,1.5,17.294896320054022,0.0578205258646428
9.0,17.0734,18.31022050349442,0.0546143067916169,2.578858610630804e-06,nan,17.340284853518952,0.0576691795116079
nan,nan,nan,nan,1.6668185671103876e-06,nan,17.42971656019035,0.0573732795106955
nan,nan,nan,nan,1.1531908640509009e-06,nan,17.5033439384635,0.0571319402461438
nan,nan,nan,nan,7.329124676717394e-07,nan,17.614311405394872,0.0567720177635625
Name:	200_10_80_6
Lambda:	200	Maximal Depth:	10	Filter time:	10 to 80 [us]
Chi2:	0.2021305596272337	RelRMS:	3.404281508739956	AbsRMS:	4.265452580703714e-07	Phi model:	0.0025687648872469
depth_vector,start_model,resistivity_model,conductivity_model,E/I[V/A],modelled_thickness,rhoa,sigma
0.0,17.0734,16.190087133665884,0.0617661901226329,9.7012764879082e-05,1.0,16.301261061337097,0.0613449472551405
1.0,17.0734,16.236570745015843,0.0615893599519449,6.203607139773076e-05,1.0,16.392757270706763,0.0610025503023193
2.0,17.0734,16.33191465507344,0.0612298080855666,4.189122417434404e-05,1.0,16.626598769109147,0.0601445920411526
3.0,17.0734,16.480026594498423,0.0606795137292941,2.6094899686934745e-05,1.0,16.873552248329535,0.0592643437068207
4.0,17.0734,16.68614533561208,0.059929958650532,1.5495875344088317e-05,1.0,16.902883725600116,0.0591615026307883
5.0,17.0734,16.956233952036595,0.0589753599076693,9.98499864576555e-06,1.0,17.007455504521165,0.0587977431270754
6.0,17.0734,17.296384627313326,0.0578155505642991,6.851058926236635e-06,1.5,17.137438692709203,0.0583517769446744
7.5,17.0734,17.74642429486987,0.0563493796487825,4.320492232647277e-06,1.5,17.294896320054022,0.0578205258646428
9.0,17.0734,18.31022050349442,0.0546143067916169,2.578858610630804e-06,nan,17.340284853518952,0.0576691795116079
nan,nan,nan,nan,1.6668185671103876e-06,nan,17.42971656019035,0.0573732795106955
nan,nan,nan,nan,1.1531908640509009e-06,nan,17.5033439384635,0.0571319402461438
nan,nan,nan,nan,7.329124676717394e-07,nan,17.614311405394872,0.0567720177635625
Name:	200_10_80_7
Lambda:	200	Maximal Depth:	10	Filter time:	10 to 80 [us]
Chi2:	0.2021305596272337	RelRMS:	3.404281508739956	AbsRMS:	4.265452580703714e-07	Phi model:	0.0025687648872469
depth_vector,start_model,resistivity_model,conductivity_model,E/I[V/A],modelled_thickness,rhoa,sigma
0.0,17.0734,16.190087133665884,0.0617661901226329,9.7012764879082e-05,1.0,16.301261061337097,0.0613449472551405
1.0,17.0734,16.236570745015843,0.0615893599519449,6.203607139773076e-05,1.0,16.392757270706763,0.0610025503023193
2.0,17.0734,16.33191465507344,0.0612298080855666,4.189122417434404e-05,1.0,16.626598769109147,0.0601445920411526
3.0,17.0734,16.480026594498423,0.0606795137292941,2.6094899686934745e-05,1.0,16.873552248329535,0.0592643437068207
4.0,17.0734,16.68614533561208,0.059929958650532,1.5495875344088317e-05,1.0,16.902883725600116,0.0591615026307883
5.0,17.0734,16.956233952036595,0.0589753599076693,9.98499864576555e-06,1.0,17.007455504521165,0.0587977431270754
6.0,17.0734,17.296384627313326,0.0578155505642991,6.851058926236635e-06,1.5,17.137438692709203,0.0583517769446744
7.5,17.0734,17.74642429486987,0.0563493796487825,4.320492232647277e-06,1.5,17.294896320054022,0.0578205258646428
9.0,17.0734,18.31022050349442,0.0546143067916169,2.578858610630804e-06,nan,17.340284853518952,0.0576691795116079
nan,nan,nan,nan,1.6668185671103876e-06,nan,17.42971656019035,0.0573732795106955
nan,nan,nan,nan,1.1531908640509009e-06,nan,17.5033439384635,0.0571319402461438
nan,nan,nan,nan,7.329124676717394e-07,nan,17.614311405394872,0.0567720177635625
Name:	200_10_80_8
Lambda:	200	Maximal Depth:	10	Filter time:	10 to 80 [us]
Chi2:	0.2021305596272337	RelRMS:	3.404281508739956	AbsRMS:	4.265452580703714e-07	Phi model:	0.0025687648872469
depth_vector,start_model,resistivity_model,conductivity_model,E/I[V/A],modelled_thickness,rhoa,sigma
0.0,17.0734,16.190087133665884,0.0617661901226329,9.7012764879082e-05,1.0,16.301261061337097,0.0613449472551405
1.0,17.0734,16.236570745015843,0.0615893599519449,6.203607139773076e-05,1.0,16.392757270706763,0.0610025503023193
2.0,17.0734,16.33191465507344,0.0612298080855666,4.189122417434404e-05,1.0,16.626598769109147,0.0601445920411526
3.0,17.0734,16.480026594498423,0.0606795137292941,2.6094899686934745e-05,1.0,16.873552248329535,0.0592643437068207
4.0,17.0734,16.68614533561208,0.059929958650532,1.5495875344088317e-05,1.0,16.902883725600116,0.0591615026307883
5.0,17.0734,16.956233952036595,0.0589753599076693,9.98499864576555e-06,1.0,17.007455504521165,0.0587977431270754
6.0,17.0734,17.296384627313326,0.0578155505642991,6.851058926236635e-06,1.5,17.137438692709203,0.0583517769446744
7.5,17.0734,17.74642429486987,0.0563493796487825,4.320492232647277e-06,1.5,17.294896320054022,0.0578205258646428
9.0,17.0734,18.31022050349442,0.0546143067916169,2.578858610630804e-06,nan,17.340284853518952,0.0576691795116079
nan,nan,nan,nan,1.6668185671103876e-06,nan,17.42971656019035,0.0573732795106955
nan,nan,nan,nan,1.1531908640509009e-06,nan,17.5033439384635,0.0571319402461438
nan,nan,nan,nan,7.329124676717394e-07,nan,17.614311405394872,0.0567720177635625
Name:	200_10_80_9
Lambda:	200	Maximal Depth:	10	Filter time:	10 to 80 [us]
Chi2:	0.2021305596272337	RelRMS:	3.404281508739956	AbsRMS:	4.265452580703714e-07	Phi model:	0.0025687648872469
depth_vector,start_model,resistivity_model,conductivity_model,E/I[V/A],modelled_thickness,rhoa,sigma
0.0,17.0734,16.190087133665884,0.0617661901226329,9.7012764879082e-05,1.0,16.301261061337097,0.0613449472551405
1.0,17.0734,16.236570745015843,0.0615893599519449,6.203607139773076e-05,1.0,16.392757270706763,0.0610025503023193
2.0,17.0734,16.33191465507344,0.0612298080855666,4.189122417434404e-05,1.0,16.626598769109147,0.0601445920411526
3.0,17.0734,16.480026594498423,0.0606795137292941,2.6094899686934745e-05,1.0,16.873552248329535,0.0592643437068207
4.0,17.0734,16.68614533561208,0.059929958650532,1.5495875344088317e-05,1.0,16.902883725600116,0.0591615026307883
5.0,17.0734,16.956233952036595,0.0589753599076693,9.98499864576555e-06,1.0,17.007455504521165,0.0587977431270754
6.0,17.0734,17.296384627313326,0.0578155505642991,6.851058926236635e-06,1.5,17.137438692709203,0.0583517769446744
7.5,17.0734,17.74642429486987,0.0563493796487825,4.320492232647277e-06,1.5,17.294896320054022,0.0578205258646428
9.0,17.0734,18.31022050349442,0.0546143067916169,2.578858610630804e-06,nan,17.340284853518952,0.0576691795116079
nan,nan,nan,nan,1.6668185671103876e-06,nan,17.42971656019035,0.0573732795106955
nan,nan,nan,nan,1.1531908640509009e-06,nan,17.5033439384635,0.0571319402461438
nan,nan,nan,nan,7.329124676717394e-07,nan,17.614311405394872,0.0567720177635625
Name:	200_10_80_10
Lambda:	200	Maximal Depth:	10	Filter time:	10 to 80 [us]
Chi2:	0.2021305596272337	RelRMS:	3.404281508739956	AbsRMS:	4.265452580703714e-07	Phi model:	0.0025687648872469
depth_vector,start_model,resistivity_model,conductivity_model,E/I[V/A],modelled_thickness,rhoa,sigma
0.0,17.0734,16.190087133665884,0.0617661901226329,9.7012764879082e-05,1.0,16.301261061337097,0.0613449472551405
1.0,17.0734,16.236570745015843,0.0615893599519449,6.203607139773076e-05,1.0,16.392757270706763,0.0610025503023193
2.0,17.0734,16.33191465507344,0.0612298080855666,4.189122417434404e-05,1.0,16.626598769109147,0.0601445920411526
3.0,17.0734,16.480026594498423,0.0606795137292941,2.6094899686934745e-05,1.0,16.873552248329535,0.0592643437068207
4.0,17.0734,16.68614533561208,0.059929958650532,1.5495875344088317e-05,1.0,16.902883725600116,0.0591615026307883
5.0,17.0734,16.956233952036595,0.0589753599076693,9.98499864576555e-06,1.0,17.007455504521165,0.0587977431270754
6.0,17.0734,17.296384627313326,0.0578155505642991,6.851058926236635e-06,1.5,17.137438692709203,0.0583517769446744
7.5,17.0734,17.74642429486987,0.0563493796487825,4.320492232647277e-06,1.5,17.294896320054022,0.0578205258646428
9.0,17.0734,18.31022050349442,0.0546143067916169,2.578858610630804e-06,nan,17.340284853518952,0.0576691795116079
nan,nan,nan,nan,1.6668185671103876e-06,nan,17.42971656019035,0.0573732795106955
nan,nan,nan,nan,1.1531908640509009e-06,nan,17.5033439384635,0.0571319402461438
nan,nan,nan,nan,7.329124676717394e-07,nan,17.614311405394872,0.0567720177635625
Name:	200_10_80_11
Lambda:	200	Maximal Depth:	10	Filter time:	10 to 80 [us]
Chi2:	0.2021305596272337	RelRMS:	3.404281508739956	AbsRMS:	4.265452580703714e-07	Phi model:	0.0025687648872469
depth_vector,start_model,resistivity_model,conductivity_model,E/I[V/A],modelled_thickness,rhoa,sigma
0.0,17.0734,16.190087133665884,0.0617661901226329,9.7012764879082e-05,1.0,16.301261061337097,0.0613449472551405
1.0,17.0734,16.236570745015843,0.0615893599519449,6.203607139773076e-05,1.0,16.392757270706763,0.0610025503023193
2.0,17.0734,16.33191465507344,0.0612298080855666,4.189122417434404e-05,1.0,16.626598769109147,0.0601445920411526
3.0,17.0734,16.480026594498423,0.0606795137292941,2.6094899686934745e-05,1.0,16.873552248329535,0.0592643437068207
4.0,17.0734,16.68614533561208,0.059929958650532,1.5495875344088317e-05,1.0,16.902883725600116,0.0591615026307883
5.0,17.0734,16.956233952036595,0.0589753599076693,9.98499864576555e-06,1.0,17.007455504521165,0.0587977431270754
6.0,17.0734,17.296384627313326,0.0578155505642991,6.851058926236635e-06,1.5,17.137438692709203,0.0583517769446744
7.5,17.0734,17.74642429486987,0.0563493796487825,4.320492232647277e-06,1.5,17.294896320054022,0.0578205258646428
9.0,17.0734,18.31022050349442,0.0546143067916169,2.578858610630804e-06,nan,17.340284853518952,0.0576691795116079
nan,nan,nan,nan,1.6668185671103876e-06,nan,17.42971656019035,0.0573732795106955
nan,nan,nan,nan,1.1531908640509009e-06,nan,17.5033439384635,0.0571319402461438
nan,nan,nan,nan,7.329124676717394e-07,nan,17.614311405394872,0.0567720177635625
Name:	200_10_80_12
Lambda:	200	Maximal Depth:	10	Filter time:	10 to 80 [us]
Chi2:	0.2021305596272337	RelRMS:	3.404281508739956	AbsRMS:	4.265452580703714e-07	Phi model:	0.0025687648872469
depth_vector,start_model,resistivity_model,conductivity_model,E/I[V/A],modelled_thickness,rhoa,sigma
0.0,17.0734,16.190087133665884,0.0617661901226329,9.7012764879082e-05,1.0,16.301261061337097,0.0613449472551405
1.0,17.0734,16.236570745015843,0.0615893599519449,6.203607139773076e-05,1.0,16.392757270706763,0.0610025503023193
2.0,17.0734,16.33191465507344,0.0612298080855666,4.189122417434404e-05,1.0,16.626598769109147,0.0601445920411526
3.0,17.0734,16.480026594498423,0.0606795137292941,2.6094899686934745e-05,1.0,16.873552248329535,0.0592643437068207
4.0,17.0734,16.68614533561208,0.059929958650532,1.5495875344088317e-05,1.0,16.902883725600116,0.0591615026307883
5.0,17.0734,16.956233952036595,0.0589753599076693,9.98499864576555e-06,1.0,17.007455504521165,0.0587977431270754
6.0,17.0734,17.296384627313326,0.0578155505642991,6.851058926236635e-06,1.5,17.137438692709203,0.0583517769446744
7.5,17.0734,17.74642429486987,0.0563493796487825,4.320492232647277e-06,1.5,17.294896320054022,0.0578205258646428
9.0,17.0734,18.31022050349442,0.0546143067916169,2.578858610630804e-06,nan,17.340284853518952,0.0576691795116079
nan,nan,nan,nan,1.6668185671103876e-06,nan,17.42971656019035,0.0573732795106955
nan,nan,nan,nan,1.1531908640509009e-06,nan,17.5033439384635,0.0571319402461438
nan,nan,nan,nan,7.329124676717394e-07,nan,17.614311405394872,0.0567720177635625
Name:	200_10_80_13
Lambda:	200	Maximal Depth:	10	Filter time:	10 to 80 [us]
Chi2:	0.2021305596272337	RelRMS:	3.404281508739956	AbsRMS:	4.265452580703714e-07	Phi model:	0.0025687648872469
depth_vector,start_model,resistivity_model,conductivity_model,E/I[V/A],modelled_thickness,rhoa,sigma
0.0,17.0734,16.190087133665884,0.0617661901226329,9.7012764879082e-05,1.0,16.301261061337097,0.0613449472551405
1.0,17.0734,16.236570745015843,0.0615893599519449,6.203607139773076e-05,1.0,16.392757270706763,0.0610025503023193
2.0,17.0734,16.33191465507344,0.0612298080855666,4.189122417434404e-05,1.0,16.626598769109147,0.0601445920411526
3.0,17.0734,16.480026594498423,0.0606795137292941,2.6094899686934745e-05,1.0,16.873552248329535,0.0592643437068207
4.0,17.0734,16.68614533561208,0.059929958650532,1.5495875344088317e-05,1.0,16.902883725600116,0.0591615026307883
5.0,17.0734,16.956233952036595,0.0589753599076693,9.98499864576555e-06,1.0,17.007455504521165,0.0587977431270754
6.0,17.0734,17.296384627313326,0.0578155505642991,6.851058926236635e-06,1.5,17.137438692709203,0.0583517769446744
7.5,17.0734,17.74642429486987,0.0563493796487825,4.320492232647277e-06,1.5,17.294896320054022,0.0578205258646428
9.0,17.0734,18.31022050349442,0.0546143067916169,2.578858610630804e-06,nan,17.340284853518952,0.0576691795116079
nan,nan,nan,nan,1.6668185671103876e-06,nan,17.42971656019035,0.0573732795106955
nan,nan,nan,nan,1.1531908640509009e-06,nan,17.5033439384635,0.0571319402461438
nan,nan,nan,nan,7.329124676717394e-07,nan,17.614311405394872,0.0567720177635625
Name:	200_10_80_14
Lambda:	200	Maximal Depth:	10	Filter time:	10 to 80 [us]
Chi2:	0.2021305596272337	RelRMS:	3.404281508739956	AbsRMS:	4.265452580703714e-07	Phi model:	0.0025687648872469
depth_vector,start_model,resistivity_model,conductivity_model,E/I[V/A],modelled_thickness,rhoa,sigma
0.0,17.0734,16.190087133665884,0.0617661901226329,9.7012764879082e-05,1.0,16.301261061337097,0.0613449472551405
1.0,17.0734,16.236570745015843,0.0615893599519449,6.203607139773076e-05,1.0,16.392757270706763,0.0610025503023193
2.0,17.0734,16.33191465507344,0.0612298080855666,4.189122417434404e-05,1.0,16.626598769109147,0.0601445920411526
3.0,17.0734,16.480026594498423,0.0606795137292941,2.6094899686934745e-05,1.0,16.873552248329535,0.0592643437068207
4.0,17.0734,16.68614533561208,0.059929958650532,1.5495875344088317e-05,1.0,16.902883725600116,0.0591615026307883
5.0,17.0734,16.956233952036595,0.0589753599076693,9.98499864576555e-06,1.0,17.007455504521165,0.0587977431270754
6.0,17.0734,17.296384627313326,0.0578155505642991,6.851058926236635e-06,1.5,17.137438692709203,0.0583517769446744
7.5,17.0734,17.74642429486987,0.0563493796487825,4.320492232647277e-06,1.5,17.294896320054022,0.0578205258646428
9.0,17.0734,18.31022050349442,0.0546143067916169,2.578858610630804e-06,nan,17.340284853518952,0.0576691795116079
nan,nan,nan,nan,1.6668185671103876e-06,nan,17.42971656019035,0.0573732795106955
nan,nan,nan,nan,1.1531908640509009e-06,nan,17.5033439384635,0.0571319402461438
nan,nan,nan,nan,7.329124676717394e-07,nan,17.614311405394872,0.0567720177635625
Name:	200_10_80_15
Lambda:	200	Maximal Depth:	10	Filter time:	10 to 80 [us]
Chi2:	0.2021305596272337	RelRMS:	3.404281508739956	AbsRMS:	4.265452580703714e-07	Phi model:	0.0025687648872469
depth_vector,start_model,resistivity_model,conductivity_model,E/I[V/A],modelled_thickness,rhoa,sigma
0.0,17.0734,16.190087133665884,0.0617661901226329,9.7012764879082e-05,1.0,16.301261061337097,0.0613449472551405
1.0,17.0734,16.236570745015843,0.0615893599519449,6.203607139773076e-05,1.0,16.392757270706763,0.0610025503023193
2.0,17.0734,16.33191465507344,0.0612298080855666,4.189122417434404e-05,1.0,16.626598769109147,0.0601445920411526
3.0,17.0734,16.480026594498423,0.0606795137292941,2.6094899686934745e-05,1.0,16.873552248329535,0.0592643437068207
4.0,17.0734,16.68614533561208,0.059929958650532,1.5495875344088317e-05,1.0,16.902883725600116,0.0591615026307883
5.0,17.0734,16.956233952036595,0.0589753599076693,9.98499864576555e-06,1.0,17.007455504521165,0.0587977431270754
6.0,17.0734,17.296384627313326,0.0578155505642991,6.851058926236635e-06,1.5,17.137438692709203,0.0583517769446744
7.5,17.0734,17.74642429486987,0.0563493796487825,4.320492232647277e-06,1.5,17.294896320054022,0.0578205258646428
9.0,17.0734,18.31022050349442,0.0546143067916169,2.578858610630804e-06,nan,17.340284853518952,0.0576691795116079
nan,nan,nan,nan,1.6668185671103876e-06,nan,17.42971656019035,0.0573732795106955
nan,nan,nan,nan,1.1531908640509009e-06,nan,17.5033439384635,0.0571319402461438
nan,nan,nan,nan,7.329124676717394e-07,nan,17.614311405394872,0.0567720177635625
Name:	200_10_80_16
Lambda:	200	Maximal Depth:	10	Filter time:	10 to 80 [us]
Chi2:	0.2021305596272337	RelRMS:	3.404281508739956	AbsRMS:	4.265452580703714e-07	Phi model:	0.0025687648872469
depth_vector,start_model,resistivity_model,conductivity_model,E/I[V/A],modelled_thickness,rhoa,sigma
0.0,17.0734,16.190087133665884,0.0617661901226329,9.7012764879082e-05,1.0,16.301261061337097,0.0613449472551405
1.0,17.0734,16.236570745015843,0.0615893599519449,6.203607139773076e-05,1.0,16.392757270706763,0.0610025503023193
2.0,17.0734,16.33191465507344,0.0612298080855666,4.189122417434404e-05,1.0,16.626598769109147,0.0601445920411526
3.0,17.0734,16.480026594498423,0.0606795137292941,2.6094899686934745e-05,1.0,16.873552248329535,0.0592643437068207
4.0,17.0734,16.68614533561208,0.059929958650532,1.5495875344088317e-05,1.0,16.902883725600116,0.0591615026307883
5.0,17.0734,16.956233952036595,0.0589753599076693,9.98499864576555e-06,1.0,17.007455504521165,0.0587977431270754
6.0,17.0734,17.296384627313326,0.0578155505642991,6.851058926236635e-06,1.5,17.137438692709203,0.0583517769446744
7.5,17.0734,17.74642429486987,0.0563493796487825,4.320492232647277e-06,1.5,17.294896320054022,0.0578205258646428
9.0,17.0734,18.31022050349442,0.0546143067916169,2.578858610630804e-06,nan,17.340284853518952,0.0576691795116079
nan,nan,nan,nan,1.6668185671103876e-06,nan,17.42971656019035,0.0573732795106955
nan,nan,nan,nan,1.1531908640509009e-06,nan,17.5033439384635,0.0571319402461438
nan,nan,nan,nan,7.329124676717394e-07,nan,17.614311405394872,0.0567720177635625
Name:	200_10_80_17
Lambda:	200	Maximal Depth:	10	Filter time:	10 to 80 [us]
Chi2:	0.2021305596272337	RelRMS:	3.404281508739956	AbsRMS:	4.265452580703714e-07	Phi model:	0.0025687648872469
depth_vector,start_model,resistivity_model,conductivity_model,E/I[V/A],modelled_thickness,rhoa,sigma
0.0,17.0734,16.190087133665884,0.0617661901226329,9.7012764879082e-05,1.0,16.301261061337097,0.0613449472551405
1.0,17.0734,16.236570745015843,0.0615893599519449,6.203607139773076e-05,1.0,16.392757270706763,0.0610025503023193
2.0,17.0734,16.33191465507344,0.0612298080855666,4.189122417434404e-05,1.0,16.626598769109147,0.0601445920411526
3.0,17.0734,16.480026594498423,0.0606795137292941,2.6094899686934745e-05,1.0,16.873552248329535,0.0592643437068207
4.0,17.0734,16.68614533561208,0.059929958650532,1.5495875344088317e-05,1.0,16.902883725600116,0.0591615026307883
5.0,17.0734,16.956233952036595,0.0589753599076693,9.98499864576555e-06,1.0,17.007455504521165,0.0587977431270754
6.0,17.0734,17.296384627313326,0.0578155505642991,6.851058926236635e-06,1.5,17.137438692709203,0.0583517769446744
7.5,17.0734,17.74642429486987,0.0563493796487825,4.320492232647277e-06,1.5,17.294896320054022,0.0578205258646428
9.0,17.0734,18.31022050349442,0.0546143067916169,2.578858610630804e-06,nan,17.340284853518952,0.0576691795116079
nan,nan,nan,nan,1.6668185671103876e-06,nan,17.42971656019035,0.0573732795106955
nan,nan,nan,nan,1.1531908640509009e-06,nan,17.5033439384635,0.0571319402461438
nan,nan,nan,nan,7.329124676717394e-07,nan,17.614311405394872,0.0567720177635625
Name:	200_10_80_18
Lambda:	200	Maximal Depth:	10	Filter time:	10 to 80 [us]
Chi2:	0.2021305596272337	RelRMS:	3.404281508739956	AbsRMS:	4.265452580703714e-07	Phi model:	0.0025687648872469
depth_vector,start_model,resistivity_model,conductivity_model,E/I[V/A],modelled_thickness,rhoa,sigma
0.0,17.0734,16.190087133665884,0.0617661901226329,9.7012764879082e-05,1.0,16.301261061337097,0.0613449472551405
1.0,17.0734,16.236570745015843,0.0615893599519449,6.203607139773076e-05,1.0,16.392757270706763,0.0610025503023193
2.0,17.0734,16.33191465507344,0.0612298080855666,4.189122417434404e-05,1.0,16.626598769109147,0.0601445920411526
3.0,17.0734,16.480026594498423,0.0606795137292941,2.6094899686934745e-05,1.0,16.873552248329535,0.0592643437068207
4.0,17.0734,16.68614533561208,0.059929958650532,1.5495875344088317e-05,1.0,16.902883725600116,0.0591615026307883
5.0,17.0734,16.956233952036595,0.0589753599076693,9.98499864576555e-06,1.0,17.007455504521165,0.0587977431270754
6.0,17.0734,17.296384627313326,0.0578155505642991,6.851058926236635e-06,1.5,17.137438692709203,0.0583517769446744
7.5,17.0734,17.74642429486987,0.0563493796487825,4.320492232647277e-06,1.5,17.294896320054022,0.0578205258646428
9.0,17.0734,18.31022050349442,0.0546143067916169,2.578858610630804e-06,nan,17.340284853518952,0.0576691795116079
nan,nan,nan,nan,1.6668185671103876e-06,nan,17.42971656019035,0.0573732795106955
nan,nan,nan,nan,1.1531908640509009e-06,nan,17.5033439384635,0.0571319402461438
nan,nan,nan,nan,7.329124676717394e-07,nan,17.614311405394872,0.0567720177635625
Name:	200_10_80_19
Lambda:	200	Maximal Depth:	10	Filter time:	10 to 80 [us]
Chi2:	0.2021305596272337	RelRMS:	3.404281508739956	AbsRMS:	4.265452580703714e-07	Phi model:	0.0025687648872469
depth_vector,start_model,resistivity_model,conductivity_model,E/I[V/A],modelled_thickness,rhoa,sigma
0.0,17.0734,16.190087133665884,0.0617661901226329,9.7012764879082e-05,1.0,16.301261061337097,0.0613449472551405
1.0,17.0734,16.236570745015843,0.0615893599519449,6.203607139773076e-05,1.0,16.392757270706763,0.0610025503023193
2.0,17.0734,16.33191465507344,0.0612298080855666,4.189122417434404e-05,1.0,16.626598769109147,0.0601445920411526
3.0,17.0734,16.480026594498423,0.0606795137292941,2.6094899686934745e-05,1.0,16.873552248329535,0.0592643437068207
4.0,17.0734,16.68614533561208,0.059929958650532,1.5495875344088317e-05,1.0,16.902883725600116,0.0591615026307883
5.0,17.0734,16.956233952036595,0.0589753599076693,9.98499864576555e-06,1.0,17.007455504521165,0.0587977431270754
6.0,17.0734,17.296384627313326,0.0578155505642991,6.851058926236635e-06,1.5,17.137438692709203,0.0583517769446744
7.5,17.0734,17.74642429486987,0.0563493796487825,4.320492232647277e-06,1.5,17.294896320054022,0.0578205258646428
9.0,17.0734,18.31022050349442,0.0546143067916169,2.578858610630804e-06,nan,17.340284853518952,0.0576691795116079
nan,nan,nan,nan,1.6668185671103876e-06,nan,17.42971656019035,0.0573732795106955
nan,nan,nan,nan,1.1531908640509009e-06,nan,17.5033439384635,0.0571319402461438
nan,nan,nan,nan,7.329124676717394e-07,nan,17.614311405394872,0.0567720177635625
Name:	200_10_80_20
Lambda:	200	Maximal Depth:	10	Filter time:	10 to 80 [us]
Chi2:	0.2021305596272337	RelRMS:	3.404281508739956	AbsRMS:	4.265452580703714e-07	Phi model:	0.0025687648872469
depth_vector,start_model,resistivity_model,conductivity_model,E/I[V/A],modelled_thickness,rhoa,sigma
0.0,17.0734,16.190087133665884,0.0617661901226329,9.7012764879082e-05,1.0,16.301261061337097,0.0613449472551405
1.0,17.0734,16.236570745015843,0.0615893599519449,6.203607139773076e-05,1.0,16.392757270706763,0.0610025503023193
2.0,17.0734,16.33191465507344,0.0612298080855666,4.189122417434404e-05,1.0,16.626598769109147,0.0601445920411526
3.0,17.0734,16.480026594498423,0.0606795137292941,2.6094899686934745e-05,1.0,16.873552248329535,0.0592643437068207
4.0,17.0734,16.68614533561208,0.059929958650532,1.5495875344088317e-05,1.0,16.902883725600116,0.0591615026307883
5.0,17.0734,16.956233952036595,0.0589753599076693,9.98499864576555e-06,1.0,17.007455504521165,0.0587977431270754
6.0,17.0734,17.296384627313326,0.0578155505642991,6.851058926236635e-06,1.5,17.137438692709203,0.0583517769446744
7.5,17.0734,17.74642429486987,0.0563493796487825,4.320492232647277e-06,1.5,17.294896320054022,0.0578205258646428
9.0,17.0734,18.31022050349442,0.0546143067916169,2.578858610630804e-06,nan,17.340284853518952,0.0576691795116079
nan,nan,nan,nan,1.6668185671103876e-06,nan,17.42971656019035,0.0573732795106955
nan,nan,nan,nan,1.1531908640509009e-06,nan,17.5033439384635,0.0571319402461438
nan,nan,nan,nan,7.329124676717394e-07,nan,17.614311405394872,0.0567720177635625
Name:	200_10_80_21
Lambda:	200	Maximal Depth:	10	Filter time:	10 to 80 [us]
Chi2:	0.2021305596272337	RelRMS:	3.404281508739956	AbsRMS:	4.265452580703714e-07	Phi model:	0.0025687648872469
depth_vector,start_model,resistivity_model,conductivity_model,E/I[V/A],modelled_thickness,rhoa,sigma
0.0,17.0734,16.190087133665884,0.0617661901226329,9.7012764879082e-05,1.0,16.301261061337097,0.0613449472551405
1.0,17.0734,16.236570745015843,0.0615893599519449,6.203607139773076e-05,1.0,16.392757270706763,0.0610025503023193
2.0,17.0734,16.33191465507344,0.0612298080855666,4.189122417434404e-05,1.0,16.626598769109147,0.0601445920411526
3.0,17.0734,16.480026594498423,0.0606795137292941,2.6094899686934745e-05,1.0,16.873552248329535,0.0592643437068207
4.0,17.0734,16.68614533561208,0.059929958650532,1.5495875344088317e-05,1.0,16.902883725600116,0.0591615026307883
5.0,17.0734,16.956233952036595,0.0589753599076693,9.98499864576555e-06,1.0,17.007455504521165,0.0587977431270754
6.0,17.0734,17.296384627313326,0.0578155505642991,6.851058926236635e-06,1.5,17.137438692709203,0.0583517769446744
7.5,17.0734,17.74642429486987,0.0563493796487825,4.320492232647277e-06,1.5,17.294896320054022,0.0578205258646428
9.0,17.0734,18.31022050349442,0.0546143067916169,2.578858610630804e-06,nan,17.340284853518952,0.0576691795116079
nan,nan,nan,nan,1.6668185671103876e-06,nan,17.42971656019035,0.0573732795106955
nan,nan,nan,nan,1.1531908640509009e-06,nan,17.5033439384635,0.0571319402461438
nan,nan,nan,nan,7.329124676717394e-07,nan,17.614311405394872,0.0567720177635625
Name:	200_10_80_22
Lambda:	200	Maximal Depth:	10	Filter time:	10 to 80 [us]
Chi2:	0.2021305596272337	RelRMS:	3.404281508739956	AbsRMS:	4.265452580703714e-07	Phi model:	0.0025687648872469
depth_vector,start_model,resistivity_model,conductivity_model,E/I[V/A],modelled_thickness,rhoa,sigma
0.0,17.0734,16.190087133665884,0.0617661901226329,9.7012764879082e-05,1.0,16.301261061337097,0.0613449472551405
1.0,17.0734,16.236570745015843,0.0615893599519449,6.203607139773076e-05,1.0,16.392757270706763,0.0610025503023193
2.0,17.0734,16.33191465507344,0.0612298080855666,4.189122417434404e-05,1.0,16.626598769109147,0.0601445920411526
3.0,17.0734,16.480026594498423,0.0606795137292941,2.6094899686934745e-05,1.0,16.873552248329535,0.0592643437068207
4.0,17.0734,16.68614533561208,0.059929958650532,1.5495875344088317e-05,1.0,16.902883725600116,0.0591615026307883
5.0,17.0734,16.956233952036595,0.0589753599076693,9.98499864576555e-06,1.0,17.007455504521165,0.0587977431270754
6.0,17.0734,17.296384627313326,0.0578155505642991,6.851058926236635e-06,1.5,17.137438692709203,0.0583517769446744
7.5,17.0734,17.74642429486987,0.0563493796487825,4.320492232647277e-06,1.5,17.294896320054022,0.0578205258646428
9.0,17.0734,18.31022050349442,0.0546143067916169,2.578858610630804e-06,nan,17.340284853518952,0.0576691795116079
nan,nan,nan,nan,1.6668185671103876e-06,nan,17.42971656019035,0.0573732795106955
nan,nan,nan,nan,1.1531908640509009e-06,nan,17.5033439384635,0.0571319402461438
nan,nan,nan,nan,7.329124676717394e-07,nan,17.614311405394872,0.0567720177635625
Name:	200_10_80_23
Lambda:	200	Maximal Depth:	10	Filter time:	10 to 80 [us]
Chi2:	0.2021305596272337	RelRMS:	3.404281508739956	AbsRMS:	4.265452580703714e-07	Phi model:	0.0025687648872469
depth_vector,start_model,resistivity_model,conductivity_model,E/I[V/A],modelled_thickness,rhoa,sigma
0.0,17.0734,16.190087133665884,0.0617661901226329,9.7012764879082e-05,1.0,16.301261061337097,0.0613449472551405
1.0,17.0734,16.236570745015843,0.0615893599519449,6.203607139773076e-05,1.0,16.392757270706763,0.0610025503023193
2.0,17.0734,16.33191465507344,0.0612298080855666,4.189122417434404e-05,1.0,16.626598769109147,0.0601445920411526
3.0,17.0734,16.480026594498423,0.0606795137292941,2.6094899686934745e-05,1.0,16.873552248329535,0.0592643437068207
4.0,17.0734,16.68614533561208,0.059929958650532,1.5495875344088317e-05,1.0,16.902883725600116,0.0591615026307883
5.0,17.0734,16.956233952036595,0.0589753599076693,9.98499864576555e-06,1.0,17.007455504521165,0.0587977431270754
6.0,17.0734,17.296384627313326,0.0578155505642991,6.851058926236635e-06,1.5,17.137438692709203,0.0583517769446744
7.5,17.0734,17.74642429486987,0.0563493796487825,4.320492232647277e-06,1.5,17.294896320054022,0.0578205258646428
9.0,17.0734,18.31022050349442,0.0546143067916169,2.578858610630804e-06,nan,17.340284853518952,0.0576691795116079
nan,nan,nan,nan,1.6668185671103876e-06,nan,17.42971656019035,0.0573732795106955
nan,nan,nan,nan,1.1531908640509009e-06,nan,17.5033439384635,0.0571319402461438
nan,nan,nan,nan,7.329124676717394e-07,nan,17.614311405394872,0.0567720177635625
Name:	200_10_80_24
Lambda:	200.0	Maximal Depth:	10	Filter time:	10.0 to 80.0 [us]
Chi2:	0.20213055962723372	RelRMS:	3.4042815087399556	AbsRMS:	4.265452580703714e-07	Phi model:	0.0025687648872469142
depth_vector,start_model,resistivity_model,conductivity_model,E/I[V/A],modelled_thickness,rhoa,sigma
0.0,17.0734,16.190087133665884,0.061766190122632916,9.7012764879082e-05,1.0,16.301261061337097,0.06134494725514051
1.0,17.0734,16.236570745015843,0.061589359951944964,6.203607139773076e-05,1.0,16.392757270706763,0.06100255030231931
2.0,17.0734,16.33191465507344,0.06122980808556664,4.189122417434404e-05,1.0,16.626598769109147,0.06014459204115262
3.0,17.0734,16.480026594498423,0.060679513729294164,2.6094899686934745e-05,1.0,16.873552248329535,0.05926434370682077
4.0,17.0734,16.68614533561208,0.05992995865053204,1.5495875344088317e-05,1.0,16.902883725600116,0.0591615026307883
5.0,17.0734,16.956233952036595,0.058975359907669306,9.98499864576555e-06,1.0,17.007455504521165,0.0587977431270754
6.0,17.0734,17.296384627313326,0.05781555056429914,6.851058926236635e-06,1.5,17.137438692709203,0.05835177694467441
7.5,17.0734,17.74642429486987,0.056349379648782526,4.320492232647277e-06,1.5,17.294896320054022,0.05782052586464285
9.0,17.0734,18.31022050349442,0.05461430679161699,2.5788586106308036e-06,nan,17.340284853518952,0.0576691795116079
nan,nan,nan,nan,1.6668185671103876e-06,nan,17.42971656019035,0.057373279510695555
nan,nan,nan,nan,1.1531908640509009e-06,nan,17.5033439384635,0.0571319402461438
nan,nan,nan,nan,7.329124676717394e-07,nan,17.614311405394872,0.05677201776356254
