Name:	10.0_10_80_1
Lambda:	10	Maximal Depth:	10	Filter time:	10 to 80 [us]
Chi2:	0.4380262912720294	RelRMS:	2.886064970532703	AbsRMS:	4.904379881805587e-07	Phi model:	0.0195999622935971
depth_vector,start_model,resistivity_model,conductivity_model,E/I[V/A],modelled_thickness,rhoa,sigma
0.0,20.424,25.3965930380228,0.0393753602502051,6.587781611509108e-05,1.0,21.099929052218304,0.0473935242874604
1.0,20.424,25.143690278484275,0.0397714094042794,4.325255039972183e-05,1.0,20.84844744157372,0.0479652023395232
2.0,20.424,24.64379798597293,0.0405781609056036,2.994758013592684e-05,1.0,20.795895542195847,0.0480864119542701
3.0,20.424,23.91086299492408,0.0418219953086714,1.921069149834541e-05,1.0,20.695770983060907,0.0483190503421438
4.0,20.424,22.97066567738224,0.043533784089881,1.1720415906115105e-05,1.0,20.361488869963207,0.0491123221089778
5.0,20.424,21.85893191577114,0.0457478894144184,7.72773559137129e-06,1.0,20.176067131842448,0.049563673309838
6.0,20.424,20.61959155494021,0.048497565887061,5.409167732771144e-06,1.5,20.061531481738232,0.0498466431094898
7.5,20.424,19.237739166325643,0.0519811601225175,3.490940900543764e-06,1.5,19.936325585160954,0.0501596944596612
9.0,20.424,17.815844278274852,0.0561298125634959,2.129324298472304e-06,nan,19.702138852579235,0.0507559106898228
nan,nan,nan,nan,1.4011722323383597e-06,nan,19.568379532400947,0.0511028518403488
nan,nan,nan,nan,9.837783468755797e-07,nan,19.45914029188265,0.0513897317661638
nan,nan,nan,nan,6.359924524853306e-07,nan,19.36120731184776,0.0516496716291068
Name:	12.742749857031335_10_80_1
Lambda:	12.742749857031336	Maximal Depth:	10	Filter time:	10 to 80 [us]
Chi2:	0.4393615671322802	RelRMS:	2.879741585776846	AbsRMS:	4.932970259074179e-07	Phi model:	0.0194993051338811
depth_vector,start_model,resistivity_model,conductivity_model,E/I[V/A],modelled_thickness,rhoa,sigma
0.0,20.424,25.431340378662064,0.0393215609209116,6.588849480948113e-05,1.0,21.097649182453143,0.0473986457615238
1.0,20.424,25.170739273482024,0.0397286702283521,4.325844450687084e-05,1.0,20.846553618294948,0.0479695597800108
2.0,20.424,24.65667293905909,0.0405569722432373,2.995081813573395e-05,1.0,20.79439667787287,0.0480898780325803
3.0,20.424,23.90678487469943,0.0418291294810746,1.9211989489327737e-05,1.0,20.694838814232497,0.0483212268032872
4.0,20.424,22.95121445544161,0.0435706791002907,1.1720620772774813e-05,1.0,20.36125160139501,0.049112894412222
5.0,20.424,21.829791652833794,0.0458089575889372,7.727530248047189e-06,1.0,20.17642455542719,0.0495627952937287
6.0,20.424,20.589268237060388,0.0485689917915593,5.408820350897487e-06,1.5,20.062390441406208,0.0498445089542334
7.5,20.424,19.22081080066734,0.0520269415463618,3.490553761263447e-06,1.5,19.937799657300346,0.0501559859758067
9.0,20.424,17.824639194466368,0.0561021173606952,2.128982162939853e-06,nan,19.704249601822568,0.0507504736393262
nan,nan,nan,nan,1.4008893220070382e-06,nan,19.57101400672161,0.0510959728329126
nan,nan,nan,nan,9.835472704303685e-07,nan,19.46218801722526,0.0513816842749097
nan,nan,nan,nan,6.358180648210297e-07,nan,19.364747319685733,0.051640229716988
Name:	16.237767391887218_10_80_1
Lambda:	16.237767391887218	Maximal Depth:	10	Filter time:	10 to 80 [us]
Chi2:	0.4397723896504844	RelRMS:	2.87095091440152	AbsRMS:	4.959454664827528e-07	Phi model:	0.0193936755581567
depth_vector,start_model,resistivity_model,conductivity_model,E/I[V/A],modelled_thickness,rhoa,sigma
0.0,20.424,25.456291643534072,0.0392830194595135,6.589909158198581e-05,1.0,21.09538741145814,0.0474037276725641
1.0,20.424,25.18962119282399,0.0396988899652401,4.326386715663984e-05,1.0,20.844811657806364,0.0479735685031004
2.0,20.424,24.6644140821703,0.040544243081083,2.9953483473138968e-05,1.0,20.793163100586824,0.0480927310175226
3.0,20.424,23.901298107811712,0.0418387317496018,1.921276660813728e-05,1.0,20.69428076665058,0.048322529846581
4.0,20.424,22.933922214173386,0.0436035315137674,1.1720450264617623e-05,1.0,20.361449076804377,0.0491124180910676
5.0,20.424,21.80540900202985,0.0458601808343475,7.727048484022236e-06,1.0,20.17726318305408,0.0495607353151765
6.0,20.424,20.564774067623457,0.0486268410589722,5.408262001039283e-06,1.5,20.06377124730632,0.0498410786124894
7.5,20.424,19.208179962887552,0.0520611532134807,3.4900196864297783e-06,1.5,19.939833648782347,0.0501508697421388
9.0,20.424,17.834080052635027,0.0560724184846443,2.128546523250799e-06,nan,19.70693802803146,0.0507435502449738
nan,nan,nan,nan,1.400542869744158e-06,nan,19.57424139457776,0.0510875481630163
nan,nan,nan,nan,9.83270325452438e-07,nan,19.465842286794395,0.0513720385312275
nan,nan,nan,nan,6.356132272131258e-07,nan,19.368907517876096,0.0516291380439022
Name:	20.6913808111479_10_80_1
Lambda:	20.6913808111479	Maximal Depth:	10	Filter time:	10 to 80 [us]
Chi2:	0.4392037980081834	RelRMS:	2.85909540595562	AbsRMS:	4.984816632655669e-07	Phi model:	0.0192741907630247
depth_vector,start_model,resistivity_model,conductivity_model,E/I[V/A],modelled_thickness,rhoa,sigma
0.0,20.424,25.471884316527376,0.0392589722681471,6.591006375734688e-05,1.0,21.09304615329245,0.0474089893291163
1.0,20.424,25.200603177872622,0.0396815898786918,4.326901512946695e-05,1.0,20.843158270632376,0.0479773740148095
2.0,20.424,24.666973337273426,0.0405400365228,2.9955642804006323e-05,1.0,20.79216384848939,0.0480950423095407
3.0,20.424,23.89399100160851,0.0418515266006705,1.9213010423033283e-05,1.0,20.694105691376983,0.0483229386625143
4.0,20.424,22.918080207010085,0.0436336722346457,1.1719862380532447e-05,1.0,20.36212997625544,0.049110775796349
5.0,20.424,21.784951535946007,0.0459032464841595,7.726243211933415e-06,1.0,20.17866514984798,0.0495572919503812
6.0,20.424,20.545382357876125,0.0486727373860067,5.407448106028727e-06,1.5,20.06578444507541,0.0498360780629945
7.5,20.424,19.199602906812352,0.0520844105398233,3.489301008975223e-06,1.5,19.942571506970943,0.0501439846737141
9.0,20.424,17.84466261774265,0.0560391654032011,2.1279890036235846e-06,nan,19.71037993962837,0.0507346891872676
nan,nan,nan,nan,1.4001112729504846e-06,nan,19.57826381099058,0.0510770520641689
nan,nan,nan,nan,9.829306839758844e-07,nan,19.470326174846303,0.0513602078886536
nan,nan,nan,nan,6.353658022429063e-07,nan,19.37393563486749,0.0516157387351018
Name:	26.366508987303583_10_80_1
Lambda:	26.366508987303583	Maximal Depth:	10	Filter time:	10 to 80 [us]
Chi2:	0.4376040922331667	RelRMS:	2.8435524034594555	AbsRMS:	5.01009069672471e-07	Phi model:	0.0191327103017113
depth_vector,start_model,resistivity_model,conductivity_model,E/I[V/A],modelled_thickness,rhoa,sigma
0.0,20.424,25.47841076873002,0.0392489158400457,6.592189316794539e-05,1.0,21.09052270465924,0.0474146617418393
1.0,20.424,25.203829260285723,0.0396765106473611,4.327408952878926e-05,1.0,20.84152883407229,0.0479811249914244
2.0,20.424,24.664220474825463,0.0405445613422362,2.995735851446072e-05,1.0,20.791369971788765,0.0480968787221271
3.0,20.424,23.884421213212136,0.0418682952822331,1.9212700788277467e-05,1.0,20.694328030312125,0.0483224194830218
4.0,20.424,22.902998157624907,0.0436624058176889,1.1718808029175746e-05,1.0,20.363351290311552,0.0491078303243621
5.0,20.424,21.76764096312726,0.0459397507379841,7.725061395060073e-06,1.0,20.18072311657273,0.0495522382534838
6.0,20.424,20.530448159991387,0.0487081427646935,5.406329159537088e-06,1.5,20.06855302291768,0.0498292028756647
7.5,20.424,19.19491463193032,0.0520971319318358,3.4883563449943573e-06,1.5,19.946171708506984,0.0501349338917754
9.0,20.424,17.85691405231312,0.0560007175411399,2.127278687451525e-06,nan,19.71476733612504,0.0507233985038015
nan,nan,nan,nan,1.3995711112555372e-06,nan,19.58330094840836,0.051063914231542
nan,nan,nan,nan,9.825101575214767e-07,nan,19.475881471621538,0.051345557912596
nan,nan,nan,nan,6.350627122944844e-07,nan,19.38009941266534,0.0515993225167089
Name:	33.59818286283781_10_80_1
Lambda:	33.59818286283781	Maximal Depth:	10	Filter time:	10 to 80 [us]
Chi2:	0.4349159186799473	RelRMS:	2.823583290008887	AbsRMS:	5.036499194659825e-07	Phi model:	0.0189606315794207
depth_vector,start_model,resistivity_model,conductivity_model,E/I[V/A],modelled_thickness,rhoa,sigma
0.0,20.424,25.47589610041592,0.0392527900121116,6.593515520597592e-05,1.0,21.08769454527919,0.0474210207214835
1.0,20.424,25.199207409241755,0.0396837878175982,4.327932094520956e-05,1.0,20.839849311220423,0.0479849918809915
2.0,20.424,24.65584971324258,0.0405583263862491,2.99586931349836e-05,1.0,20.790752481678428,0.0480983072104406
3.0,20.424,23.872047918376754,0.0418899963429697,1.9211803029623964e-05,1.0,20.694972716197768,0.0483209141521268
4.0,20.424,22.8879656205382,0.043691082754103,1.1717221468244138e-05,1.0,20.365189437613264,0.0491033978870366
5.0,20.424,21.75274327986788,0.0459712132458023,7.723434754194422e-06,1.0,20.1835565395934,0.0495452819743801
6.0,20.424,20.519411018014324,0.0487343422831232,5.4048424275095735e-06,1.5,20.07223307997948,0.0498200671552296
7.5,20.424,19.19404406214413,0.0520994948621729,3.48713390660658e-06,1.5,19.95083294650516,0.0501232205533139
9.0,20.424,17.87146687178925,0.0559551158936223,2.1263772734761025e-06,nan,19.72033859940768,0.0507090684553477
nan,nan,nan,nan,1.3988935451586711e-06,nan,19.58962399798629,0.0510474320539687
nan,nan,nan,nan,9.819864318575642e-07,nan,19.48280560836476,0.0513273098393313
nan,nan,nan,nan,6.346879748918639e-07,nan,19.387727028052925,0.0515790220562244
Name:	42.81332398719393_10_80_1
Lambda:	42.81332398719393	Maximal Depth:	10	Filter time:	10 to 80 [us]
Chi2:	0.4310833656130239	RelRMS:	2.798335208960519	AbsRMS:	5.065483234557913e-07	Phi model:	0.0187484973023181
depth_vector,start_model,resistivity_model,conductivity_model,E/I[V/A],modelled_thickness,rhoa,sigma
0.0,20.424,25.46404511445997,0.0392710582904261,6.595053113346154e-05,1.0,21.08441678079848,0.0474283927507398
1.0,20.424,25.18636198506172,0.0397040271474343,4.328497170581823e-05,1.0,20.83803553987628,0.0479891685608449
2.0,20.424,24.64134204577832,0.040582205228198,2.995970724661953e-05,1.0,20.79028331236408,0.0480993926333507
3.0,20.424,23.85620733102527,0.0419178114158778,1.921026403369172e-05,1.0,20.69607799524813,0.0483183335620209
4.0,20.424,22.872242779443297,0.0437211168857809,1.1715016619873064e-05,1.0,20.36774460521563,0.0490972377837027
5.0,20.424,21.739575508667063,0.0459990582429414,7.721276638457504e-06,1.0,20.187317266752128,0.0495360521056935
6.0,20.424,20.511816690676053,0.0487523857628156,5.402909339969084e-06,1.5,20.077020509348262,0.0498081874018298
7.5,20.424,19.197043481749308,0.0520913546375358,3.485569520325284e-06,1.5,19.956802028455463,0.0501082286918589
9.0,20.424,17.88907764483968,0.055900031284646,2.125237707984993e-06,nan,19.72738741388744,0.0506909495423622
nan,nan,nan,nan,1.3980433309752291e-06,nan,19.597565424935897,0.0510267463491971
nan,nan,nan,nan,9.813323267562829e-07,nan,19.491462130307085,0.0513045144235285
nan,nan,nan,nan,6.342221889706515e-07,nan,19.397218365572115,0.0515537836999808
Name:	54.5559478116852_10_80_1
Lambda:	54.5559478116852	Maximal Depth:	10	Filter time:	10 to 80 [us]
Chi2:	0.4260699019467053	RelRMS:	2.766867787063663	AbsRMS:	5.098761956322788e-07	Phi model:	0.0184856899108259
depth_vector,start_model,resistivity_model,conductivity_model,E/I[V/A],modelled_thickness,rhoa,sigma
0.0,20.424,25.44220525492113,0.0393047689844643,6.596882621876643e-05,1.0,21.080518383555702,0.0474371636316149
1.0,20.424,25.16459942967894,0.0397383635211219,4.329134184794982e-05,1.0,20.835991335838145,0.0479938767434592
2.0,20.424,24.619935729214173,0.0406174902728683,2.9960459865189227e-05,1.0,20.78993513749468,0.0481001981673573
3.0,20.424,23.83609015438013,0.041953189198533,1.920800980755936e-05,1.0,20.697697206116743,0.0483145535487142
4.0,20.424,22.85504694426564,0.0437540120761336,1.1712084172732827e-05,1.0,20.37114421889191,0.0490890442507698
5.0,20.424,21.72750319556572,0.0460246164043407,7.718479349732704e-06,1.0,20.192194422994568,0.0495240873305585
6.0,20.424,20.507327465831484,0.0487630580662527,5.40043316192707e-06,1.5,20.08315711327077,0.0497929680258891
7.5,20.424,19.20411007185793,0.0520721864360389,3.483584794312909e-06,1.5,19.964381390196127,0.0500892053931141
9.0,20.424,17.91064794268709,0.0558327093023063,2.123802887289777e-06,nan,19.7362715018672,0.0506681315113339
nan,nan,nan,nan,1.3969778713792071e-06,nan,19.607528723213548,0.0510008178040351
nan,nan,nan,nan,9.805150748280529e-07,nan,19.5022912842176,0.0512760262589893
nan,nan,nan,nan,6.336420282635492e-07,nan,19.40905658214696,0.0515223393660375
Name:	69.51927961775606_10_80_1
Lambda:	69.51927961775606	Maximal Depth:	10	Filter time:	10 to 80 [us]
Chi2:	0.4198909787214437	RelRMS:	2.72821712961562	AbsRMS:	5.138430015017786e-07	Phi model:	0.0181602186380562
depth_vector,start_model,resistivity_model,conductivity_model,E/I[V/A],modelled_thickness,rhoa,sigma
0.0,20.424,25.40934069570495,0.0393556059551373,6.599099601616743e-05,1.0,21.075796759680827,0.047447791008929
1.0,20.424,25.13288305700508,0.0397885112397114,4.329877995958946e-05,1.0,20.833605050475537,0.0479993739718692
2.0,20.424,24.59060230626442,0.0406659417099861,2.9961011855220805e-05,1.0,20.78967978625695,0.0481007889626588
3.0,20.424,23.8107201465491,0.0419978897675184,1.920494469217293e-05,1.0,20.69989938698829,0.0483094135534102
4.0,20.424,22.83553575321744,0.0437913964798966,1.1708289495892718e-05,1.0,20.3755455298428,0.0490784405519529
5.0,20.424,21.71593108103077,0.0460491422757146,7.714911892551673e-06,1.0,20.1984186667734,0.0495088262352443
6.0,20.424,20.505723171896687,0.048766873112308,5.3972968984646174e-06,1.5,20.090936312702063,0.0497736882162018
7.5,20.424,19.215599932738417,0.0520410501623869,3.481085388160279e-06,1.5,19.97393648059547,0.0500652438226932
9.0,20.424,17.93724875370831,0.0557499097955734,2.122004392704904e-06,nan,19.747421515006955,0.0506395226961684
nan,nan,nan,nan,1.3956462706684157e-06,nan,19.619998573020915,0.0509684032992275
nan,nan,nan,nan,9.794955945003483e-07,nan,19.51582121060288,0.0512404776211366
nan,nan,nan,nan,6.32919725053931e-07,nan,19.42382049627289,0.0514831775855776
Name:	88.58667904100822_10_80_1
Lambda:	88.58667904100822	Maximal Depth:	10	Filter time:	10 to 80 [us]
Chi2:	0.4126670873369038	RelRMS:	2.68152671120157	AbsRMS:	5.18708804951567e-07	Phi model:	0.017758699970473
depth_vector,start_model,resistivity_model,conductivity_model,E/I[V/A],modelled_thickness,rhoa,sigma
0.0,20.424,25.364021916202155,0.0394259239841302,6.6018175412366e-05,1.0,21.070011820012912,0.0474608181780975
1.0,20.424,25.08982156542097,0.0398567999932773,4.330769694071097e-05,1.0,20.83074521644005,0.0480059637621979
2.0,20.424,24.55203317339251,0.0407298244075247,2.996143207808384e-05,1.0,20.78948539592295,0.0481012387250389
3.0,20.424,23.77893914301114,0.0420540207443993,1.9200952857459384e-05,1.0,20.70276826246196,0.0483027191012512
4.0,20.424,22.81279248564933,0.0438350544164666,1.1703472241693209e-05,1.0,20.381136317941227,0.0490649777519869
5.0,20.424,21.704291892351584,0.0460738366844574,7.710419004123153e-06,1.0,20.20626436494865,0.0494896029240653
6.0,20.424,20.50689735485852,0.0487640808209867,5.3933621973264345e-06,1.5,20.100706621490342,0.0497494948227773
7.5,20.424,19.232036490575016,0.0519965735552793,3.4779600031203577e-06,1.5,19.98590075396281,0.050035272981215
9.0,20.424,17.970141865449666,0.0556478634107309,2.119761710859817e-06,nan,19.76134741304409,0.0506038368284502
nan,nan,nan,nan,1.3939887353056347e-06,nan,19.635548387814502,0.0509280403200036
nan,nan,nan,nan,9.782280203586748e-07,nan,19.532676456624703,0.0511962609026291
nan,nan,nan,nan,6.320227307014463e-07,nan,19.44219424326971,0.0514345236698871
Name:	112.88378916846884_10_80_1
Lambda:	112.88378916846884	Maximal Depth:	10	Filter time:	10 to 80 [us]
Chi2:	0.4047034188680922	RelRMS:	2.6262828278806274	AbsRMS:	5.248006637042328e-07	Phi model:	0.0172666186324432
depth_vector,start_model,resistivity_model,conductivity_model,E/I[V/A],modelled_thickness,rhoa,sigma
0.0,20.424,25.30443730239944,0.0395187606050887,6.60517074129447e-05,1.0,21.06288024114664,0.0474768877072417
1.0,20.424,25.03367763617826,0.0399461882721864,4.331858207238117e-05,1.0,20.827255491541205,0.0480140074339675
2.0,20.424,24.502642663689645,0.0408119244003788,2.9961806743123904e-05,1.0,20.78931208395328,0.048101639725341
3.0,20.424,23.73940383123549,0.0421240569943982,1.9195903051946608e-05,1.0,20.70639891114209,0.0482942497288556
4.0,20.424,22.785817757745203,0.0438869480407428,1.1697448619156057e-05,1.0,20.388132586491786,0.0490481409102937
5.0,20.424,21.692036127906164,0.046099867900991,7.704822330598485e-06,1.0,20.21604820970344,0.0494656517251484
6.0,20.424,20.510849572374497,0.0487546845132574,5.388469987950087e-06,1.5,20.11287111240842,0.0497194057681332
7.5,20.424,19.25411148014688,0.0519369590765645,3.474080668420208e-06,1.5,20.00077616677045,0.0499980596583753
9.0,20.424,18.01079309052212,0.0555222635102189,2.1169823470543696e-06,nan,19.77863994035183,0.0505595937342399
nan,nan,nan,nan,1.391936618625898e-06,nan,19.65484262931245,0.0508780466402025
nan,nan,nan,nan,9.766597189093408e-07,nan,19.55358099597892,0.0511415274882715
nan,nan,nan,nan,6.309137157972081e-07,nan,19.46497112569952,0.051374337703471
Name:	143.8449888287663_10_80_1
Lambda:	143.8449888287663	Maximal Depth:	10	Filter time:	10 to 80 [us]
Chi2:	0.3965881216926895	RelRMS:	2.562674811014613	AbsRMS:	5.325240388458403e-07	Phi model:	0.01666893230921
depth_vector,start_model,resistivity_model,conductivity_model,E/I[V/A],modelled_thickness,rhoa,sigma
0.0,20.424,25.22844248493154,0.0396378016834483,6.609314542991277e-05,1.0,21.05407554376245,0.0474967422778276
1.0,20.424,24.96241170791869,0.0400602318277915,4.3332005060206375e-05,1.0,20.82295415304321,0.0480239255511136
2.0,20.424,24.44060127064072,0.0409155236782677,2.9962241216723057e-05,1.0,20.789111110356565,0.0481021047360619
3.0,20.424,23.690605779756595,0.0422108243789397,1.918965011608321e-05,1.0,20.710896778585816,0.0482837614754546
4.0,20.424,22.753536383883304,0.0439492122511697,1.1690012585390492e-05,1.0,20.39677761704681,0.0490273522011751
5.0,20.424,21.678628423516848,0.0461283795479978,7.69792138626361e-06,1.0,20.22812843935736,0.0494361108590909
6.0,20.424,20.51767717389497,0.0487384605735155,5.382441269739362e-06,1.5,20.12788687717062,0.0496823141993219
7.5,20.424,19.282677304148017,0.0518600184106635,3.4693033516817365e-06,1.5,20.019132998553022,0.0499522132188381
9.0,20.424,18.06087976032832,0.0553682884372306,2.113562270949472e-06,nan,19.79997082318016,0.0505051249282288
nan,nan,nan,nan,1.389412757125147e-06,nan,19.678637379656347,0.0508165266073652
nan,nan,nan,nan,9.74731550342784e-07,nan,19.57935915742104,0.0510741946127984
nan,nan,nan,nan,6.295507600298522e-07,nan,19.493054994199483,0.0513003221043375
Name:	183.29807108324357_10_80_1
Lambda:	183.2980710832436	Maximal Depth:	10	Filter time:	10 to 80 [us]
Chi2:	0.3893921071295285	RelRMS:	2.492338584439199	AbsRMS:	5.424143685957156e-07	Phi model:	0.0159515213183148
depth_vector,start_model,resistivity_model,conductivity_model,E/I[V/A],modelled_thickness,rhoa,sigma
0.0,20.424,25.13364280550021,0.0397873084987569,6.614434898766254e-05,1.0,21.043208576528468,0.0475212701695784
1.0,20.424,24.87375496168058,0.0402030172581725,4.334869409589351e-05,1.0,20.817609319561534,0.048036255491659
2.0,20.424,24.363891778378942,0.041044345833428,2.996292404436e-05,1.0,20.78879526593698,0.0481028355519248
3.0,20.424,23.630905590539847,0.0423174641432417,1.9182083645525592e-05,1.0,20.71634276637993,0.0482710684640184
4.0,20.424,22.714808119449923,0.0440241447227429,1.1680970000495972e-05,1.0,20.407302759203134,0.0490020661622725
5.0,20.424,21.663537023731227,0.0461605138119668,7.689518590864823e-06,1.0,20.24286207805616,0.0494001290995322
6.0,20.424,20.52754308028355,0.0487150359928114,5.37509616379055e-06,1.5,20.14621930093945,0.0496371048613259
7.5,20.424,19.31870812518034,0.0517632956365535,3.4634814132921965e-06,1.5,20.04156082321878,0.0498963134069612
9.0,20.424,18.1222155335403,0.05518089099808,2.109394815425285e-06,nan,19.826040970734297,0.0504387134817346
nan,nan,nan,nan,1.3863377059323474e-06,nan,19.707726236539383,0.0507415207618388
nan,nan,nan,nan,9.723824653308848e-07,nan,19.610879731583584,0.0509921030411239
nan,nan,nan,nan,6.278904907525187e-07,nan,19.527402251498,0.0512100886293407
Name:	233.57214690901213_10_80_1
Lambda:	233.57214690901213	Maximal Depth:	10	Filter time:	10 to 80 [us]
Chi2:	0.3847475935417305	RelRMS:	2.419012239600244	AbsRMS:	5.55103823900674e-07	Phi model:	0.0151026619602094
depth_vector,start_model,resistivity_model,conductivity_model,E/I[V/A],modelled_thickness,rhoa,sigma
0.0,20.424,25.01758355631555,0.0399718860836004,6.620733337762731e-05,1.0,21.02986056987473,0.0475514327200295
1.0,20.424,24.76538574731864,0.0403789389837495,4.336944966191549e-05,1.0,20.81096692129444,0.0480515875971514
2.0,20.424,24.270457963124272,0.0412023539695611,2.9964075280596023e-05,1.0,20.788262784569564,0.0481040676829555
3.0,20.424,23.55864453567756,0.0424472638264729,1.917310071588137e-05,1.0,20.72281290472652,0.0482559971272971
4.0,20.424,22.66849727816249,0.0441140843051533,1.1670125222928596e-05,1.0,20.419943491689207,0.0489717319936264
5.0,20.424,21.64626130792472,0.0461973541654465,7.679412242118938e-06,1.0,20.26061834819349,0.0493568351574602
6.0,20.424,20.54067331002616,0.0486838958444408,5.366250098818626e-06,1.5,20.16835342116909,0.049582629732697
7.5,20.424,19.36326386615493,0.0516441859653578,3.45646397372004e-06,1.5,20.06867772594031,0.0498288932462861
9.0,20.424,18.196746398193035,0.0549548791919912,2.104370165056258e-06,nan,19.857587804092063,0.0503585838252685
nan,nan,nan,nan,1.3826296688226087e-06,nan,19.74294625092727,0.0506510014913824
nan,nan,nan,nan,9.695496106108905e-07,nan,19.64906086511648,0.0508930175780221
nan,nan,nan,nan,6.258882682570735e-07,nan,19.56902564202926,0.0511011645798171
Name:	297.63514416313194_10_80_1
Lambda:	297.63514416313194	Maximal Depth:	10	Filter time:	10 to 80 [us]
Chi2:	0.3850573611988883	RelRMS:	2.349726396044368	AbsRMS:	5.713514698161954e-07	Phi model:	0.0141157630523893
depth_vector,start_model,resistivity_model,conductivity_model,E/I[V/A],modelled_thickness,rhoa,sigma
0.0,20.424,24.87799336438005,0.0401961679687472,6.628428254637047e-05,1.0,21.01358176300764,0.0475882698760285
1.0,20.424,24.635152628408168,0.0405924012359007,4.339519410727755e-05,1.0,20.80273529103703,0.0480706015824205
2.0,20.424,24.158389902248604,0.0413934870678994,2.996600741895326e-05,1.0,20.78736918912568,0.0481061355528876
3.0,20.424,23.472278377861773,0.0426034483701064,1.9162664812608925e-05,1.0,20.730335924053048,0.0482384850715186
4.0,20.424,22.61354728249355,0.0442212797270491,1.1657328310297794e-05,1.0,20.434884848152965,0.0489359253761778
5.0,20.424,21.626345291997044,0.0462398979808232,7.66743389893255e-06,1.0,20.28171410611172,0.049305497295155
6.0,20.424,20.557308651582392,0.0486444999658564,5.355743752693943e-06,1.5,20.19472093646115,0.0495178914898754
7.5,20.424,19.417393315225173,0.0515002185806217,3.4481180612390486e-06,1.5,20.10104783445902,0.0497486503308404
9.0,20.424,18.28638543689916,0.0546854928466153,2.098390510354765e-06,nan,19.89529454295489,0.0502631412589018
nan,nan,nan,nan,1.3782153650970591e-06,nan,19.78508040328185,0.0505431355150887
nan,nan,nan,nan,9.661764718914304e-07,nan,19.694767147449145,0.0507749085080967
nan,nan,nan,nan,6.235038361823043e-07,nan,19.618885075776927,0.0509712960821958
Name:	379.26901907322497_10_80_1
Lambda:	379.26901907322497	Maximal Depth:	10	Filter time:	10 to 80 [us]
Chi2:	0.3935864839851355	RelRMS:	2.2957573464482293	AbsRMS:	5.920202133519265e-07	Phi model:	0.0129923615785767
depth_vector,start_model,resistivity_model,conductivity_model,E/I[V/A],modelled_thickness,rhoa,sigma
0.0,20.424,24.713134133764555,0.0404643132104292,6.63774206748946e-05,1.0,20.99392022100072,0.0476328379584712
1.0,20.424,24.48139842822468,0.0408473397846054,4.342694143721748e-05,1.0,20.79259547500812,0.0480940439206813
2.0,20.424,24.026198148276567,0.0416212333648689,2.996913927753476e-05,1.0,20.78592093855608,0.0481094873282754
3.0,20.424,23.37058267830857,0.0427888347400148,1.9150840434810915e-05,1.0,20.738868120747853,0.0482186392322716
4.0,20.424,22.549104673619567,0.0443476587862005,1.164251042840869e-05,1.0,20.452220027822715,0.0488944475777995
5.0,20.424,21.60341519944469,0.0462889774958222,7.653479643939876e-06,1.0,20.306359129574343,0.0492456571667538
6.0,20.424,20.577657484369148,0.0485963963954402,5.34346969625111e-06,1.5,20.22563422704992,0.0494422072887382
7.5,20.424,19.48200782553613,0.0513294116784639,3.438349340670834e-06,1.5,20.139102656019933,0.0496546453474222
9.0,20.424,18.39282033321694,0.0543690408476413,2.0913847198146235e-06,nan,19.93970038970201,0.050151204905589
nan,nan,nan,nan,1.3730407835941109e-06,nan,19.83475861312401,0.0504165449907886
nan,nan,nan,nan,9.622210541022826e-07,nan,19.748703303986527,0.0506362359395078
nan,nan,nan,nan,6.20707081174208e-07,nan,19.67777285553197,0.0508187591828448
Name:	483.2930238571752_10_80_1
Lambda:	483.2930238571752	Maximal Depth:	10	Filter time:	10 to 80 [us]
Chi2:	0.4144101632454031	RelRMS:	2.272682357354895	AbsRMS:	6.180158355818915e-07	Phi model:	0.0117451223786721
depth_vector,start_model,resistivity_model,conductivity_model,E/I[V/A],modelled_thickness,rhoa,sigma
0.0,20.424,24.52222540883521,0.0407793331693177,6.648880457171038e-05,1.0,20.97046726995483,0.0476861095714704
1.0,20.424,24.30335466673096,0.0411465830011075,4.346573299638617e-05,1.0,20.78022255250838,0.0481226799892617
2.0,20.424,23.8731500938518,0.0418880623658264,2.997399762405012e-05,1.0,20.783674815409363,0.0481146865932767
3.0,20.424,23.25290778711924,0.0430053741732009,1.9137828021543905e-05,1.0,20.74826772974032,0.0481967946927257
4.0,20.424,22.47467605235329,0.0444945234214083,1.16257237979026e-05,1.0,20.471902890726472,0.0488474376484556
5.0,20.424,21.57722931141649,0.0463451532894865,7.637546684837602e-06,1.0,20.334590533847447,0.0491772872601233
6.0,20.424,20.601836612760195,0.0485393617470312,5.329404165186155e-06,1.5,20.26120534502458,0.0493554052175658
7.5,20.424,19.55771615470596,0.0511307144499784,3.4271271573944407e-06,1.5,20.183042575597483,0.0495465436519001
9.0,20.424,18.51725184220276,0.0540036938808001,2.0833261940439826e-06,nan,19.991086542214333,0.0500222935801084
nan,nan,nan,nan,1.367084322216157e-06,nan,19.8923309434703,0.050270629562809
nan,nan,nan,nan,9.57665901072616e-07,nan,19.81127711057009,0.050476301674992
nan,nan,nan,nan,6.174851012606776e-07,nan,19.746164658713315,0.050642745934904
Name:	615.8482110660261_10_80_1
Lambda:	615.8482110660261	Maximal Depth:	10	Filter time:	10 to 80 [us]
Chi2:	0.4521199272991013	RelRMS:	2.298293863607831	AbsRMS:	6.501696710483587e-07	Phi model:	0.0103999475587131
depth_vector,start_model,resistivity_model,conductivity_model,E/I[V/A],modelled_thickness,rhoa,sigma
0.0,20.424,24.305891876621526,0.0411422878483979,6.662000717682289e-05,1.0,20.94292515513693,0.0477488217425404
1.0,20.424,24.10155945081275,0.0414910911487214,4.35125123176861e-05,1.0,20.76532631666442,0.0481572013244736
2.0,20.424,23.6996298649894,0.0421947518040044,2.998118326900785e-05,1.0,20.780353841872245,0.0481223759522808
3.0,20.424,23.11945586750519,0.0432536131356585,1.912398060552953e-05,1.0,20.758282215010286,0.0481735429570805
4.0,20.424,22.390302645519448,0.0446621921923914,1.1607172643173225e-05,1.0,20.493709886476942,0.0487954599503657
5.0,20.424,21.54773678322926,0.0464085862037402,7.619765134593665e-06,1.0,20.36621356082981,0.0491009287029815
6.0,20.424,20.629808968240454,0.0484735462911701,5.313636098362485e-06,1.5,20.30126858783527,0.049258005511991
7.5,20.424,19.644636183375948,0.0509044805241157,3.414508244016744e-06,1.5,20.232738643244527,0.0494248464151385
9.0,20.424,18.660094153455592,0.0535902976574645,2.074250098474453e-06,nan,20.04935947333773,0.0498769051115987
nan,nan,nan,nan,1.3603696142552756e-06,nan,19.95773549656439,0.0501058850174732
nan,nan,nan,nan,9.525279476989916e-07,nan,19.882454814070574,0.0502956002843427
nan,nan,nan,nan,6.138492008224795e-07,nan,19.82406044534521,0.0504437525680973
Name:	784.7599703514607_10_80_1
Lambda:	784.7599703514607	Maximal Depth:	10	Filter time:	10 to 80 [us]
Chi2:	0.5112499946428096	RelRMS:	2.3877749142065614	AbsRMS:	6.89083381819017e-07	Phi model:	0.0089962391138258
depth_vector,start_model,resistivity_model,conductivity_model,E/I[V/A],modelled_thickness,rhoa,sigma
0.0,20.424,24.066531917723427,0.0415514791835696,6.67717495222803e-05,1.0,20.911183852440896,0.0478213001739388
1.0,20.424,23.8782039111182,0.0418791967654811,4.3567966239544286e-05,1.0,20.74770230987152,0.0481981081598713
2.0,20.424,23.50744052260081,0.0425397226481788,2.9991313592828877e-05,1.0,20.77567418541987,0.0481332153688561
3.0,20.424,22.9715176696778,0.0435321694621853,1.910980482672257e-05,1.0,20.768546699672733,0.048149734040647
4.0,20.424,22.2967124216038,0.0448496612904724,1.1587233911027032e-05,1.0,20.517212849385643,0.0487395635723466
5.0,20.424,21.515128974492573,0.0464789219337498,7.600422567233043e-06,1.0,20.40075268925881,0.0490177992563239
6.0,20.424,20.6613215881137,0.0483996145036187,5.29639079482339e-06,1.5,20.34531264673712,0.049151370507957
7.5,20.424,19.742209842027105,0.0506528908365266,3.400656659895787e-06,1.5,20.28764285664086,0.0492910885244938
9.0,20.424,18.82066201908384,0.0531330937767235,2.064268075312115e-06,nan,20.113941596154927,0.0497167596524772
nan,nan,nan,nan,1.3529765648001045e-06,nan,20.030372613937278,0.0499241836022657
nan,nan,nan,nan,9.468670366430064e-07,nan,19.96162182843139,0.0500961298933986
nan,nan,nan,nan,6.09840956191979e-07,nan,19.910829400924975,0.0502239248734431
Name:	1000.0_10_80_1
Lambda:	1000.0	Maximal Depth:	10	Filter time:	10.0 to 80.0 [us]
Chi2:	0.5954409845412896	RelRMS:	2.547847088286493	AbsRMS:	7.349488659515221e-07	Phi model:	0.007584310013020829
depth_vector,start_model,resistivity_model,conductivity_model,E/I[V/A],modelled_thickness,rhoa,sigma
0.0,20.424,23.80849098968685,0.042001821973226744,6.69435045653149e-05,1.0,20.875401054480733,0.04790327128998359
1.0,20.424,23.63729919525115,0.04230601777892226,4.363232525665267e-05,1.0,20.72729495967953,0.04824556228612001
2.0,20.424,23.29995650163293,0.042918535059493224,3.000492221639046e-05,1.0,20.769391889396747,0.04814777463516026
3.0,20.424,22.811599462252236,0.043837346945125956,1.9095923280658937e-05,1.0,20.778610439995052,0.04812641359670431
4.0,20.424,22.195407547521317,0.04505436531674209,1.1566447788175293e-05,1.0,20.541786552010066,0.048681257468433166
5.0,20.424,21.47987122651958,0.046555213923506915,7.579964912455744e-06,1.0,20.43744274898669,0.04892980067428353
6.0,20.424,20.69586482088286,0.04831883125710043,5.278034724306069e-06,1.5,20.39245694390664,0.04903773992269257
7.5,20.424,19.849071549951915,0.05038019020100829,3.3858498211777834e-06,1.5,20.34674713865821,0.04914790522461598
9.0,20.424,18.99693589373865,0.05264006814538958,2.053573415467348e-06,nan,20.183714439222545,0.049544894375671666
nan,nan,nan,nan,1.3450455262307472e-06,nan,20.109034607923736,0.04972889149069152
nan,nan,nan,nan,9.407892809065471e-07,nan,20.04750121287795,0.04988152834516993
nan,nan,nan,nan,6.055346930377026e-07,nan,20.00511518060021,0.049987215318297265
