Name:	10.0_10_80_1
Lambda:	10	Maximal Depth:	10	Filter time:	10 to 80 [us]
Chi2:	2.009021470766831	RelRMS:	5.993823525033898	AbsRMS:	2.480300832891088e-06	Phi model:	0.057476201330108
depth_vector,start_model,resistivity_model,conductivity_model,E/I[V/A],modelled_thickness,rhoa,sigma
0.0,18.0346,12.429573250330533,0.0804532850694135,9.892545916657249e-05,1.0,16.090458056926437,0.0621486347040028
1.0,18.0346,13.075707284980416,0.0764776985447405,6.168079314253942e-05,1.0,16.455644631993312,0.0607694212146381
2.0,18.0346,14.323199132168876,0.0698168049450678,4.0651533468612405e-05,1.0,16.962928411111292,0.058952085144978
3.0,18.0346,16.036174091647126,0.0623590137076945,2.4620518752296305e-05,1.0,17.540641627359122,0.0570104572708585
4.0,18.0346,18.006372845112107,0.0555358932419003,1.4274436524597344e-05,1.0,17.85386435414094,0.0560102832733836
5.0,18.0346,19.982182135272648,0.0500445843817425,9.010937651025312e-06,1.0,18.21201616643913,0.0549088025653517
6.0,18.0346,21.729303695469767,0.0460208027838685,6.069935161777758e-06,1.5,18.57783129573477,0.0538275961322561
7.5,18.0346,22.793938184116108,0.0438713131501272,3.748361961557391e-06,1.5,19.01278632020168,0.0525961835976386
9.0,18.0346,23.16527199240181,0.0431680664197683,2.19671569523198e-06,nan,19.29709849152765,0.051821262167421
nan,nan,nan,nan,1.3981332542799342e-06,nan,19.596725115552903,0.0510289343807936
nan,nan,nan,nan,9.547675441313682e-07,nan,19.85135048800535,0.0503744065475154
nan,nan,nan,nan,5.978306299914135e-07,nan,20.17661473790948,0.0495623281204412
Name:	12.742749857031335_10_80_1
Lambda:	12.742749857031336	Maximal Depth:	10	Filter time:	10 to 80 [us]
Chi2:	2.014214708445061	RelRMS:	5.973813578789452	AbsRMS:	2.4996066808267133e-06	Phi model:	0.0522014123919353
depth_vector,start_model,resistivity_model,conductivity_model,E/I[V/A],modelled_thickness,rhoa,sigma
0.0,18.0346,12.66298341539876,0.078970331650593,9.88501600694196e-05,1.0,16.098628289484214,0.0621170935820171
1.0,18.0346,13.242812540553922,0.0755126599381865,6.166312925906028e-05,1.0,16.458787046994917,0.0607578187350435
2.0,18.0346,14.36647244503913,0.0696065094493888,4.065590823895791e-05,1.0,16.961711527754748,0.0589563145419424
3.0,18.0346,15.921978539564492,0.0628062647814216,2.4630776774980268e-05,1.0,17.53577116811987,0.0570262915963459
4.0,18.0346,17.74219775150126,0.0563628031885387,1.4280176219080076e-05,1.0,17.84907997841443,0.0560252966096481
5.0,18.0346,19.62182651944908,0.0509636551423387,9.014044642573543e-06,1.0,18.207831006230823,0.0549214236257901
6.0,18.0346,21.36550919808788,0.0468044075490368,6.071796143275498e-06,1.5,18.574035080598915,0.0538385975723997
7.5,18.0346,22.587560514858133,0.0442721558772227,3.749024469284387e-06,1.5,19.010546361697315,0.0526023808560711
9.0,18.0346,23.234269923750645,0.043039871847997,2.196487570055612e-06,nan,19.298434587653635,0.0518176744055582
nan,nan,nan,nan,1.397650952975457e-06,nan,19.60123314743372,0.0510171983812622
nan,nan,nan,nan,9.54267729012052e-07,nan,19.85828155418603,0.050356824545536
nan,nan,nan,nan,5.973723639087669e-07,nan,20.18693222938633,0.0495369969362798
Name:	16.237767391887218_10_80_1
Lambda:	16.237767391887218	Maximal Depth:	10	Filter time:	10 to 80 [us]
Chi2:	2.0190357524841693	RelRMS:	5.9588585312883735	AbsRMS:	2.517941472494129e-06	Phi model:	0.0483755149199947
depth_vector,start_model,resistivity_model,conductivity_model,E/I[V/A],modelled_thickness,rhoa,sigma
0.0,18.0346,12.87008825893828,0.0776995448578606,9.877761805614728e-05,1.0,16.10650918419953,0.0620866997661416
1.0,18.0346,13.392834124521226,0.0746667949966675,6.164418642695954e-05,1.0,16.462158655274557,0.0607453749499367
2.0,18.0346,14.40994457116103,0.0693965195397992,4.065790446987224e-05,1.0,16.961156329933107,0.0589582443878072
3.0,18.0346,15.833535046012,0.0631570901314214,2.4639024304155743e-05,1.0,17.531857732470467,0.0570390209217769
4.0,18.0346,17.524684440096827,0.0570623684219945,1.4285013073239172e-05,1.0,17.845050661392925,0.0560379468220542
5.0,18.0346,19.318261872648986,0.0517644913705104,9.01677623660611e-06,1.0,18.204153497196984,0.0549325185680277
6.0,18.0346,21.0507171413702,0.0475043198426117,6.073508878859243e-06,1.5,18.570542985466115,0.053848721643876
7.5,18.0346,22.40166255720521,0.0446395439377048,3.7497122456590256e-06,1.5,19.00822166697625,0.0526088140973934
9.0,18.0346,23.291891483925617,0.042933395971303,2.19638277422181e-06,nan,19.299048439205485,0.0518160262227503
nan,nan,nan,nan,1.3973058670675614e-06,nan,19.60446022944916,0.0510088004615314
nan,nan,nan,nan,9.538921675858105e-07,nan,19.863493544593663,0.0503436113972093
nan,nan,nan,nan,5.970168465826112e-07,nan,20.19494550641374,0.0495173408456293
Name:	20.6913808111479_10_80_1
Lambda:	20.6913808111479	Maximal Depth:	10	Filter time:	10 to 80 [us]
Chi2:	2.02344765286055	RelRMS:	5.949351027113114	AbsRMS:	2.535225998725883e-06	Phi model:	0.0456355758088248
depth_vector,start_model,resistivity_model,conductivity_model,E/I[V/A],modelled_thickness,rhoa,sigma
0.0,18.0346,13.050651759261076,0.0766245256134717,9.870844124160978e-05,1.0,16.11403347751785,0.0620577089774072
1.0,18.0346,13.525416200078658,0.073934878247531,6.162456752608241e-05,1.0,16.46565241690698,0.0607324857029774
2.0,18.0346,14.45424238243054,0.069183840532211,4.065804308942279e-05,1.0,16.96111777832848,0.0589583783963647
3.0,18.0346,15.765084898174218,0.0634313108022534,2.464563794321955e-05,1.0,17.52872115130701,0.0570492274574997
4.0,18.0346,17.346400245722357,0.0576488485123362,1.4289168842671354e-05,1.0,17.841590534260547,0.0560488145986613
5.0,18.0346,19.06362679051913,0.0524559157073578,9.019273653039053e-06,1.0,18.20079288286406,0.0549426613684228
6.0,18.0346,20.78199434221005,0.0481185772420749,6.075171126671488e-06,1.5,18.56715539888184,0.053858546369479
7.5,18.0346,22.2375826089514,0.0449689167021898,3.750485986214297e-06,1.5,19.00560726130753,0.0526160509501764
9.0,18.0346,23.33790916806121,0.042848739910623,2.1964351252885342e-06,nan,19.29874178175727,0.0518168495805918
nan,nan,nan,nan,1.3971187292169997e-06,nan,19.60621081063937,0.0510042460350037
nan,nan,nan,nan,9.536547961761688e-07,nan,19.86678951703087,0.0503352592094835
nan,nan,nan,nan,5.967725352693957e-07,nan,20.200456838100457,0.0495038309289065
Name:	26.366508987303583_10_80_1
Lambda:	26.366508987303583	Maximal Depth:	10	Filter time:	10 to 80 [us]
Chi2:	2.027470696107844	RelRMS:	5.945583987757773	AbsRMS:	2.551879834067821e-06	Phi model:	0.0436812667958293
depth_vector,start_model,resistivity_model,conductivity_model,E/I[V/A],modelled_thickness,rhoa,sigma
0.0,18.0346,13.206456709820502,0.0757205374592555,9.864080133255916e-05,1.0,16.12139910590721,0.0620293557296512
1.0,18.0346,13.641702705866436,0.0733046322413963,6.160352107196391e-05,1.0,16.46940246087291,0.0607186570597047
2.0,18.0346,14.496625880712491,0.0689815691064003,4.065605717173175e-05,1.0,16.961670104549697,0.058956458523018
3.0,18.0346,15.71333809949478,0.0636402013161132,2.465058940365741e-05,1.0,17.526373792284154,0.0570568682290823
4.0,18.0346,17.201868490785685,0.0581332196868995,1.4292663502612034e-05,1.0,17.838682150163923,0.0560579526885516
5.0,18.0346,18.85297890676547,0.0530420155321526,9.021567961751476e-06,1.0,18.19770694421789,0.0549519784588979
6.0,18.0346,20.555471106173574,0.0486488485150633,6.076816708349419e-06,1.5,18.56380329844892,0.0538682717072074
7.5,18.0346,22.09460637516845,0.0452599147058747,3.751373779067625e-06,1.5,19.00260858955205,0.0526243539294819
9.0,18.0346,23.37205606101907,0.042786137316684,2.1966624016204e-06,nan,19.297410603791693,0.0518204240212162
nan,nan,nan,nan,1.3971016588010626e-06,nan,19.606370515310747,0.0510038305773673
nan,nan,nan,nan,9.535646017786818e-07,nan,19.86804225149724,0.050332085433563
nan,nan,nan,nan,5.966454236747009e-07,nan,20.203325790654727,0.0494968011881767
Name:	33.59818286283781_10_80_1
Lambda:	33.59818286283781	Maximal Depth:	10	Filter time:	10 to 80 [us]
Chi2:	2.03119979157432	RelRMS:	5.947793871049068	AbsRMS:	2.568753742716785e-06	Phi model:	0.0422656187332423
depth_vector,start_model,resistivity_model,conductivity_model,E/I[V/A],modelled_thickness,rhoa,sigma
0.0,18.0346,13.34042357982953,0.0749601385605162,9.857086037632456e-05,1.0,16.129024163761102,0.0620000311145179
1.0,18.0346,13.742939755440444,0.0727646353542463,6.157921484506883e-05,1.0,16.473735986982508,0.0607026846120513
2.0,18.0346,14.536689870639837,0.0687914517609492,4.065107384959479e-05,1.0,16.963056271116983,0.0589516407902685
3.0,18.0346,15.675374356174784,0.0637943297096495,2.465355250901536e-05,1.0,17.52496943666662,0.0570614404557961
4.0,18.0346,17.086367095935667,0.0585261919274735,1.4295371303067726e-05,1.0,17.836429434200245,0.0560650327291718
5.0,18.0346,18.68075732326065,0.0535310203272558,9.02361185958886e-06,1.0,18.19495891983431,0.0549602779762201
6.0,18.0346,20.366624717687927,0.0490999374644304,6.078434869869973e-06,1.5,18.560508528684245,0.0538778341366323
7.5,18.0346,21.970915502445543,0.0455147169397056,3.752381285435359e-06,1.5,18.99920699741691,0.0526337757221108
9.0,18.0346,23.3941064770834,0.0427458086924409,2.1970710278965163e-06,nan,19.29501782013115,0.0518268502948292
nan,nan,nan,nan,1.397260462886096e-06,nan,19.60488492700208,0.0510076954658727
nan,nan,nan,nan,9.536268304511404e-07,nan,19.867177919453862,0.0503342751574597
nan,nan,nan,nan,5.966395163822859e-07,nan,20.2034591450538,0.0494964744809464
Name:	42.81332398719393_10_80_1
Lambda:	42.81332398719393	Maximal Depth:	10	Filter time:	10 to 80 [us]
Chi2:	2.034737527058794	RelRMS:	5.955608892647196	AbsRMS:	2.583975092395458e-06	Phi model:	0.0412122682304741
depth_vector,start_model,resistivity_model,conductivity_model,E/I[V/A],modelled_thickness,rhoa,sigma
0.0,18.0346,13.457348759265072,0.0743088418000256,9.85082712876672e-05,1.0,16.135855360366314,0.0619737830853547
1.0,18.0346,13.83182157158017,0.0722970575368518,6.155780028287662e-05,1.0,16.477556324848937,0.0606886106340873
2.0,18.0346,14.573301818398074,0.0686186296325482,4.064714320392256e-05,1.0,16.96414982380648,0.0589478406160183
3.0,18.0346,15.645475728891718,0.0639162411759298,2.465685985124728e-05,1.0,17.52340226313023,0.0570665436417008
4.0,18.0346,16.990321801116696,0.0588570370653176,1.4298462591911472e-05,1.0,17.833858549770127,0.0560731149240212
5.0,18.0346,18.535780041983053,0.0539497122718885,9.026032489546446e-06,1.0,18.191705719971623,0.0549701064536327
6.0,18.0346,20.2058562086378,0.0494906026091836,6.080382611197745e-06,1.5,18.556544633408787,0.0538893430730429
7.5,18.0346,21.86263221323265,0.0457401464858717,3.753672840173664e-06,1.5,18.994848613104807,0.0526458525871107
9.0,18.0346,23.40723310807729,0.0427218371083305,2.197717643208652e-06,nan,19.291232964542324,0.0518370184963304
nan,nan,nan,nan,1.3976097159822456e-06,nan,19.60161870664204,0.0510161948850249
nan,nan,nan,nan,9.53839710930482e-07,nan,19.864221803141508,0.0503417657087302
nan,nan,nan,nan,5.967446142398528e-07,nan,20.20108693808013,0.0495022868356131
Name:	54.5559478116852_10_80_1
Lambda:	54.5559478116852	Maximal Depth:	10	Filter time:	10 to 80 [us]
Chi2:	2.038409851238153	RelRMS:	5.971056423113413	AbsRMS:	2.602352980840578e-06	Phi model:	0.0403549865171055
depth_vector,start_model,resistivity_model,conductivity_model,E/I[V/A],modelled_thickness,rhoa,sigma
0.0,18.0346,13.558071460176826,0.0737568025760322,9.842999586875038e-05,1.0,16.144408806448027,0.0619409488441969
1.0,18.0346,13.910020595813693,0.0718906196516313,6.15263675523588e-05,1.0,16.48316790806184,0.0606679496063923
2.0,18.0346,14.609366612714744,0.0684492371578714,4.063674747035584e-05,1.0,16.9670428910322,0.0589377893615476
3.0,18.0346,15.627499745002252,0.0639897626822745,2.465673033159376e-05,1.0,17.523463629012134,0.0570663437988585
4.0,18.0346,16.917654616695348,0.0591098484191266,1.4300197124717556e-05,1.0,17.83241642335193,0.0560776496162616
5.0,18.0346,18.42090715238834,0.0542861430073679,9.027986562353745e-06,1.0,18.18908060899317,0.0549780399293834
6.0,18.0346,20.07399627888333,0.0498156912110191,6.08224703024997e-06,1.5,18.552752291207494,0.0539003585184457
7.5,18.0346,21.7678699210424,0.0459392675363852,3.755109151033019e-06,1.5,18.99000467989795,0.0526592813880956
9.0,18.0346,23.40620749240455,0.0427237090983024,2.1985858262739174e-06,nan,19.28615411672688,0.0518506693427644
nan,nan,nan,nan,1.3981742086784957e-06,nan,19.59634243743644,0.0510299308757547
nan,nan,nan,nan,9.542403292703956e-07,nan,19.858661688458824,0.0503558606157818
nan,nan,nan,nan,5.969987644394063e-07,nan,20.19535328621168,0.0495163410031924
Name:	69.51927961775606_10_80_1
Lambda:	69.51927961775606	Maximal Depth:	10	Filter time:	10 to 80 [us]
Chi2:	2.0425673459731244	RelRMS:	5.994704543488833	AbsRMS:	2.623113034923143e-06	Phi model:	0.0395910839541682
depth_vector,start_model,resistivity_model,conductivity_model,E/I[V/A],modelled_thickness,rhoa,sigma
0.0,18.0346,13.647440078261235,0.0732738150353107,9.834062633185765e-05,1.0,16.154188419394792,0.0619034503026716
1.0,18.0346,13.980680941926131,0.0715272742546565,6.148820667457295e-05,1.0,16.489987070575356,0.0606428613752156
2.0,18.0346,14.644952332644968,0.0682829125889953,4.0622263033245024e-05,1.0,16.971075875983953,0.0589237834600171
3.0,18.0346,15.617836346714409,0.0640293557827153,2.4654662948245848e-05,1.0,17.524443219517856,0.0570631538744837
4.0,18.0346,16.861553797342598,0.0593065154029637,1.4301381172460277e-05,1.0,17.831432149011693,0.0560807450373763
5.0,18.0346,18.32765944825643,0.0545623407518701,9.029939445558292e-06,1.0,18.18645804208964,0.0549859680035365
6.0,18.0346,19.963130847599203,0.0500923431116147,6.084316979176024e-06,1.5,18.54854415766534,0.0539125869663868
7.5,18.0346,21.68253335086222,0.0461200720330142,3.7568437174664897e-06,1.5,18.98415899977887,0.052675496450048
9.0,18.0346,23.392633951402512,0.0427484994668607,2.199744395656829e-06,nan,19.279381720934733,0.0518688832699514
nan,nan,nan,nan,1.398986255775152e-06,nan,19.588758520730845,0.0510496874491406
nan,nan,nan,nan,9.548446618986154e-07,nan,19.85028161436525,0.050377119046831
nan,nan,nan,nan,5.974070787381591e-07,nan,20.186150191230183,0.0495389160650576
Name:	88.58667904100822_10_80_1
Lambda:	88.58667904100822	Maximal Depth:	10	Filter time:	10 to 80 [us]
Chi2:	2.0477267916018334	RelRMS:	6.027457571395527	AbsRMS:	2.6470971390964846e-06	Phi model:	0.038842686564954
depth_vector,start_model,resistivity_model,conductivity_model,E/I[V/A],modelled_thickness,rhoa,sigma
0.0,18.0346,13.729432941318652,0.0728362201318967,9.823689764309795e-05,1.0,16.16555792904114,0.0618599125616022
1.0,18.0346,14.046790131811225,0.0711906414644395,6.14419709742425e-05,1.0,16.498258620660863,0.0606124575321964
2.0,18.0346,14.68120248258806,0.0681143115617404,4.06032124728588e-05,1.0,16.976383883393066,0.0589053597555741
3.0,18.0346,15.615305468416182,0.0640397334539897,2.4650614768004088e-05,1.0,17.526361769728094,0.0570569073683747
4.0,18.0346,16.818599104664578,0.0594579842100317,1.430206377362786e-05,1.0,17.830864778529573,0.0560825295026697
5.0,18.0346,18.251082073891634,0.0547912718791895,9.03195785532463e-06,1.0,18.18374847144017,0.0549941614937439
6.0,18.0346,19.867987102269243,0.0503322251445283,6.086660378608801e-06,1.5,18.543782987633048,0.0539264291793592
7.5,18.0346,21.603157161755394,0.0462895303918968,3.7589309036852735e-06,1.5,18.97713091229823,0.0526950045621461
9.0,18.0346,23.36643420867862,0.042796431456734,2.201227075772681e-06,nan,19.27072340902752,0.0518921878942822
nan,nan,nan,nan,1.4000682752222563e-06,nan,19.578664656469623,0.0510760063337392
nan,nan,nan,nan,9.556689035873693e-07,nan,19.83886637604632,0.0504061059258613
nan,nan,nan,nan,5.979800537923443e-07,nan,20.173253430656867,0.0495705862932511
Name:	112.88378916846884_10_80_1
Lambda:	112.88378916846884	Maximal Depth:	10	Filter time:	10 to 80 [us]
Chi2:	2.054796078693196	RelRMS:	6.072255293047429	AbsRMS:	2.676327241943724e-06	Phi model:	0.0380319352532106
depth_vector,start_model,resistivity_model,conductivity_model,E/I[V/A],modelled_thickness,rhoa,sigma
0.0,18.0346,13.80708609836136,0.0724265781263347,9.811032395237292e-05,1.0,16.179458570285007,0.0618067653905667
1.0,18.0346,14.11102036369529,0.0708665974696479,6.138344505112497e-05,1.0,16.508743776086327,0.0605739608999532
2.0,18.0346,14.72003960104172,0.067934599845046,4.05775121639817e-05,1.0,16.983551273132207,0.0588805005453711
3.0,18.0346,15.620718078664927,0.0640175435574769,2.464381812101869e-05,1.0,17.529584079369034,0.0570464190976968
4.0,18.0346,16.78824314962642,0.0595654942025456,1.430204417832573e-05,1.0,17.83088106529709,0.0560824782767591
5.0,18.0346,18.189244543915112,0.0549775444266338,9.03404915521058e-06,1.0,18.180942115340155,0.0550026502287937
6.0,18.0346,19.78550424455124,0.0505420527897534,6.089364452629744e-06,1.5,18.53829281711999,0.0539423996516284
7.5,18.0346,21.526386538921766,0.046454615046139,3.761482882325907e-06,1.5,18.96854658318255,0.0527188520013756
9.0,18.0346,23.32478761348168,0.042872844828049,2.2031291785893264e-06,nan,19.25963004416656,0.0519220773040178
nan,nan,nan,nan,1.401496879932759e-06,nan,19.56535749088573,0.0511107451251957
nan,nan,nan,nan,9.56774716507576e-07,nan,19.82357729948896,0.050444981997562
nan,nan,nan,nan,5.987629882293525e-07,nan,20.155664079270245,0.0496138453224412
Name:	143.8449888287663_10_80_1
Lambda:	143.8449888287663	Maximal Depth:	10	Filter time:	10 to 80 [us]
Chi2:	2.065372227434958	RelRMS:	6.133547985573911	AbsRMS:	2.7137561005907214e-06	Phi model:	0.0370778297522334
depth_vector,start_model,resistivity_model,conductivity_model,E/I[V/A],modelled_thickness,rhoa,sigma
0.0,18.0346,13.883360563606956,0.0720286702501512,9.79487461565064e-05,1.0,16.197246941817237,0.0617388870832271
1.0,18.0346,14.176171969446472,0.0705409049886861,6.130639761068519e-05,1.0,16.522572568589233,0.0605232626970622
2.0,18.0346,14.76390113845283,0.06773277541093,4.054194692361222e-05,1.0,16.993482317407704,0.0588460905964885
3.0,18.0346,15.635875079588764,0.0639554866555189,2.4632986224403488e-05,1.0,17.534722574759243,0.0570297018237102
4.0,18.0346,16.771337235793162,0.0596255376623048,1.4300930156992718e-05,1.0,17.831807052804578,0.0560795659710057
5.0,18.0346,18.14176104761356,0.0551214403814201,9.036162853707532e-06,1.0,18.17810680209261,0.0550112292158434
6.0,18.0346,19.71386261291328,0.050725726339645,6.0925156374050905e-06,1.5,18.531899987345017,0.0539610078126298
7.5,18.0346,21.44900501687772,0.0466222092452831,3.764640690934655e-06,1.5,18.957937794421127,0.0527483532673198
9.0,18.0346,23.26325103532251,0.0429862532318297,2.205580431589352e-06,nan,19.24535746709345,0.0519605833100187
nan,nan,nan,nan,1.4033800817422849e-06,nan,19.547850348639088,0.0511565201372446
nan,nan,nan,nan,9.582505908175578e-07,nan,19.80321754246533,0.050496844659492
nan,nan,nan,nan,5.998220048462484e-07,nan,20.13193318471713,0.0496723285749396
Name:	183.29807108324357_10_80_1
Lambda:	183.2980710832436	Maximal Depth:	10	Filter time:	10 to 80 [us]
Chi2:	2.0811571032947973	RelRMS:	6.214426369709135	AbsRMS:	2.7584022430376683e-06	Phi model:	0.0359616627822119
depth_vector,start_model,resistivity_model,conductivity_model,E/I[V/A],modelled_thickness,rhoa,sigma
0.0,18.0346,13.962752823362091,0.0716191149876138,9.775861571430842e-05,1.0,16.21824145853483,0.0616589660819084
1.0,18.0346,14.24536591125326,0.0701982670174895,6.121536497985888e-05,1.0,16.538948857005444,0.0604633346802101
2.0,18.0346,14.813398578806304,0.067506453342227,4.04997824723607e-05,1.0,17.005274917134397,0.0588052827650793
3.0,18.0346,15.658351839728606,0.063863681838007,2.4620220354088385e-05,1.0,17.54078335599732,0.0570099966292607
4.0,18.0346,16.762675269278766,0.0596563486398091,1.4299924553558504e-05,1.0,17.832643025338708,0.0560769370294175
5.0,18.0346,18.101678069487527,0.0552434971034876,9.0390421114239e-06,1.0,18.174246346328136,0.0550229143450582
6.0,18.0346,19.645982875565,0.0509009911254562,6.096606322749388e-06,1.5,18.52360940208154,0.0539851590634181
7.5,18.0346,21.36658825855402,0.0468020438218373,3.7686964372341823e-06,1.5,18.94433408382564,0.0527862312591807
9.0,18.0346,23.18239239386073,0.0431361864215888,2.208738934643027e-06,nan,19.22700581370613,0.0520101782716028
nan,nan,nan,nan,1.405811397089711e-06,nan,19.525305504356428,0.0512155878829595
nan,nan,nan,nan,9.601567659429778e-07,nan,19.77699897537695,0.0505637888359621
nan,nan,nan,nan,6.011918083683786e-07,nan,20.10134142191768,0.0497479237335694
Name:	233.57214690901213_10_80_1
Lambda:	233.57214690901213	Maximal Depth:	10	Filter time:	10 to 80 [us]
Chi2:	2.1055994475878577	RelRMS:	6.321766751414744	AbsRMS:	2.814222236213863e-06	Phi model:	0.0346088264719444
depth_vector,start_model,resistivity_model,conductivity_model,E/I[V/A],modelled_thickness,rhoa,sigma
0.0,18.0346,14.048215617659796,0.0711834176820944,9.752432090845385e-05,1.0,16.244206468052123,0.0615604093660545
1.0,18.0346,14.321634591331016,0.0698244319545275,6.110224317542088e-05,1.0,16.55935551561582,0.0603888236505931
2.0,18.0346,14.871641904113964,0.0672420709460041,4.044677106665418e-05,1.0,17.02013027228932,0.0587539568735329
3.0,18.0346,15.691124366149118,0.0637302959727555,2.4603779182842564e-05,1.0,17.548596760363058,0.0569846132802308
4.0,18.0346,16.764668042882903,0.0596492574408313,1.4298484900101152e-05,1.0,17.833840000429394,0.0560731732468118
5.0,18.0346,18.070239554874977,0.0553396094702142,9.042607080507696e-06,1.0,18.16946934019077,0.0550373806343372
6.0,18.0346,19.58128467432546,0.0510691722546262,6.101742990619772e-06,1.5,18.513212046826464,0.0540154781066973
7.5,18.0346,21.27602085451786,0.0470012699666843,3.773834293310671e-06,1.5,18.927135773320213,0.0528341959383841
9.0,18.0346,23.07622616487641,0.0433346420188093,2.2127781793773336e-06,nan,19.203600476566297,0.0520735682467606
nan,nan,nan,nan,1.4089367704015372e-06,nan,19.49642015226664,0.0512914674689004
nan,nan,nan,nan,9.626133758728791e-07,nan,19.74333709790568,0.050649998783948
nan,nan,nan,nan,6.029626483780991e-07,nan,20.061965067751665,0.0498455658068828
Name:	297.63514416313194_10_80_1
Lambda:	297.63514416313194	Maximal Depth:	10	Filter time:	10 to 80 [us]
Chi2:	2.1424329752977176	RelRMS:	6.458197716441353	AbsRMS:	2.8823220761985923e-06	Phi model:	0.0330146052611864
depth_vector,start_model,resistivity_model,conductivity_model,E/I[V/A],modelled_thickness,rhoa,sigma
0.0,18.0346,14.14444238691302,0.0706991461837504,9.724359319217828e-05,1.0,16.27545450913559,0.0614422165254241
1.0,18.0346,14.408589425646026,0.0694030463676123,6.096618025658873e-05,1.0,16.583984219501627,0.0602991408315541
2.0,18.0346,14.940261529402289,0.0669332325964983,4.03826793243591e-05,1.0,17.038134054688406,0.0586918729944391
3.0,18.0346,15.733401052651924,0.0635590484634246,2.4583708961534626e-05,1.0,17.558146616193937,0.0569536194143461
4.0,18.0346,16.774260643245654,0.0596151461616081,1.4296683035047105e-05,1.0,17.835338413174817,0.0560684623321365
5.0,18.0346,18.04288653923276,0.0554235043170937,9.046923544957055e-06,1.0,18.16368954068341,0.0550548938727552
6.0,18.0346,19.51493234487016,0.0512428115213459,6.107983912447387e-06,1.5,18.50059913499869,0.0540523035336861
7.5,18.0346,21.17433692732463,0.047226980633785,3.780096576743525e-06,1.5,18.90622628300377,0.0528926283347711
9.0,18.0346,22.94554628416831,0.0435814422378763,2.217722081853193e-06,nan,19.175049848431524,0.0521511030169132
nan,nan,nan,nan,1.4127710235563989e-06,nan,19.46112872200287,0.0513844810485937
nan,nan,nan,nan,9.65630694328924e-07,nan,19.702187478891453,0.0507557854208514
nan,nan,nan,nan,6.051408550285411e-07,nan,20.01379406398877,0.0499655386081602
Name:	379.26901907322497_10_80_1
Lambda:	379.26901907322497	Maximal Depth:	10	Filter time:	10 to 80 [us]
Chi2:	2.197382571560664	RelRMS:	6.629452944299717	AbsRMS:	2.965800088358217e-06	Phi model:	0.0311509023382024
depth_vector,start_model,resistivity_model,conductivity_model,E/I[V/A],modelled_thickness,rhoa,sigma
0.0,18.0346,14.255116666076702,0.0701502501470035,9.690623451995858e-05,1.0,16.313205674152737,0.0613000301703078
1.0,18.0346,14.509562223640666,0.0689200669590626,6.0801886962858224e-05,1.0,16.613845264431035,0.0601907616258424
2.0,18.0346,15.021902083566236,0.0665694659995145,4.030472473246084e-05,1.0,17.06009629379131,0.0586163162727241
3.0,18.0346,15.78686588342069,0.063343795239953,2.455884218507352e-05,1.0,17.569996818124345,0.056915206664605
4.0,18.0346,16.792001958872834,0.0595521607518395,1.4294116612282463e-05,1.0,17.83747316787414,0.0560617521657177
5.0,18.0346,18.018986188616257,0.0554970179527505,9.051891163305985e-06,1.0,18.15704352378699,0.055075045598141
6.0,18.0346,19.44520302170028,0.0514265651474057,6.115356111256976e-06,1.5,18.48572755481233,0.0540957880632441
7.5,18.0346,21.059113174824507,0.0474853804003232,3.787569094355069e-06,1.5,18.8813512949335,0.0529623110327031
9.0,18.0346,22.78771882625107,0.0438832867662039,2.223658301772448e-06,nan,19.140908506354627,0.0522441241317259
nan,nan,nan,nan,1.4173903452508164e-06,nan,19.418822749890296,0.0514964276094259
nan,nan,nan,nan,9.692726675924884e-07,nan,19.65280347288481,0.05088332569853
nan,nan,nan,nan,6.077752124793075e-07,nan,19.955919981956672,0.0501104434625995
Name:	483.2930238571752_10_80_1
Lambda:	483.2930238571752	Maximal Depth:	10	Filter time:	10 to 80 [us]
Chi2:	2.27862996951478	RelRMS:	6.844256943934407	AbsRMS:	3.067784719455844e-06	Phi model:	0.0289892790369597
depth_vector,start_model,resistivity_model,conductivity_model,E/I[V/A],modelled_thickness,rhoa,sigma
0.0,18.0346,14.38338658207456,0.06952465570565,9.65030641431217e-05,1.0,16.358609622414313,0.0611298895860816
1.0,18.0346,14.627578864437394,0.0683640135710498,6.0604860840606485e-05,1.0,16.649833471831474,0.0600606607682785
2.0,18.0346,15.119313932996132,0.066140567252699,4.021075826962729e-05,1.0,17.086663863645743,0.058525175422198
3.0,18.0346,15.85378305843332,0.063076427645959,2.4528498470790004e-05,1.0,17.58448415963719,0.0568683158926757
4.0,18.0346,16.81939965339218,0.0594551542033379,1.4290739922221474e-05,1.0,17.84028287760986,0.0560529228634055
5.0,18.0346,17.998989585256666,0.0555586742946459,9.057678418487229e-06,1.0,18.14930860303205,0.0550985176279904
6.0,18.0346,19.37120907137289,0.0516230038257042,6.124094437351701e-06,1.5,18.468138804189675,0.0541473079990681
7.5,18.0346,20.927891819646508,0.0477831216167329,3.796487123715352e-06,1.5,18.851771241628185,0.0530454134618298
9.0,18.0346,22.598685793112946,0.0442503608021646,2.230775283663972e-06,nan,19.100175870212976,0.0523555388596979
nan,nan,nan,nan,1.4229423304220627e-06,nan,19.36827806949664,0.051630815935822
nan,nan,nan,nan,9.73656152821434e-07,nan,19.59377336321945,0.0510366217605208
nan,nan,nan,nan,6.10950795588456e-07,nan,19.886709052932414,0.0502848408622211
Name:	615.8482110660261_10_80_1
Lambda:	615.8482110660261	Maximal Depth:	10	Filter time:	10 to 80 [us]
Chi2:	2.395416070245464	RelRMS:	7.106772788043009	AbsRMS:	3.190715908371607e-06	Phi model:	0.0265500711704046
depth_vector,start_model,resistivity_model,conductivity_model,E/I[V/A],modelled_thickness,rhoa,sigma
0.0,18.0346,14.53306077454941,0.0688086298896664,9.602825959613349e-05,1.0,16.412487898200524,0.0609292147663755
1.0,18.0346,14.765893201222791,0.0677236376000056,6.037189213261426e-05,1.0,16.69263926130478,0.0599066441409358
2.0,18.0346,15.23472559684318,0.0656395150436587,4.0098931887801214e-05,1.0,17.118416210597204,0.0584166191368187
3.0,18.0346,15.935092968996312,0.0627545758249182,2.449174374554507e-05,1.0,17.602072436046512,0.0568114921486258
4.0,18.0346,16.856125424623034,0.0593256145649713,1.4286098888935076e-05,1.0,17.844146440597008,0.0560407864466361
5.0,18.0346,17.981615194012896,0.0556123567994579,9.06404828566601e-06,1.0,18.140804512536626,0.0551243468451978
6.0,18.0346,19.291285871975493,0.0518368763304007,6.13407115924595e-06,1.5,18.448108445679235,0.0542060993919521
7.5,18.0346,20.779671247341632,0.0481239567314103,3.80679511190394e-06,1.5,18.81772481794045,0.0531413871589098
9.0,18.0346,22.379136444405443,0.0446844766545936,2.239053019711217e-06,nan,19.05307149391158,0.052484975995579
nan,nan,nan,nan,1.4294214196377609e-06,nan,19.309707148834484,0.0517874244436875
nan,nan,nan,nan,9.787817663831627e-07,nan,19.52530868413037,0.0512155795422979
nan,nan,nan,nan,6.146713217797251e-07,nan,19.8063800903644,0.0504887816672007
Name:	784.7599703514607_10_80_1
Lambda:	784.7599703514607	Maximal Depth:	10	Filter time:	10 to 80 [us]
Chi2:	2.560229507882657	RelRMS:	7.425660217764999	AbsRMS:	3.336826187256994e-06	Phi model:	0.0238454086555347
depth_vector,start_model,resistivity_model,conductivity_model,E/I[V/A],modelled_thickness,rhoa,sigma
0.0,18.0346,14.706099251706757,0.0679989970749002,9.54773764166955e-05,1.0,16.47555827594256,0.0606959705553765
1.0,18.0346,14.92654419786266,0.0669947435082254,6.010088169039628e-05,1.0,16.74278257951669,0.0597272284490758
2.0,18.0346,15.37028968062616,0.0650605825120182,3.996832928912853e-05,1.0,17.155687284303397,0.0582897078635229
3.0,18.0346,16.03299021967811,0.0623713971192129,2.4448399614097394e-05,1.0,17.622870560400614,0.0567444444747296
4.0,18.0346,16.90421137229633,0.0591568561215971,1.4280324277284494e-05,1.0,17.848956605525157,0.056025683859327
5.0,18.0346,17.968416227498906,0.0556532076805744,9.07121967992341e-06,1.0,18.131242254954014,0.0551534189405455
6.0,18.0346,19.206135606200466,0.0520666947533767,6.145518434680395e-06,1.5,18.42519243012333,0.0542735172939144
7.5,18.0346,20.61378507106148,0.0485112266647158,3.818701831351446e-06,1.5,18.778588661761045,0.0532521382736449
9.0,18.0346,22.12672966196312,0.0451942069739771,2.248653088762557e-06,nan,18.99880457913397,0.0526348905708668
nan,nan,nan,nan,1.4369522584501586e-06,nan,19.24218200687845,0.0519691581569352
nan,nan,nan,nan,9.847473347571298e-07,nan,19.446373047511333,0.0514234709761456
nan,nan,nan,nan,6.19007701946682e-07,nan,19.71377102522722,0.050725962004952
Name:	1000.0_10_80_1
Lambda:	1000.0	Maximal Depth:	10	Filter time:	10.0 to 80.0 [us]
Chi2:	2.7843564008506925	RelRMS:	7.800493111685829	AbsRMS:	3.506847161131968e-06	Phi model:	0.02095408813375662
depth_vector,start_model,resistivity_model,conductivity_model,E/I[V/A],modelled_thickness,rhoa,sigma
0.0,18.0346,14.90188736725291,0.06710559376508998,9.48513398223687e-05,1.0,16.547973274773135,0.06043036107173732
1.0,18.0346,15.109139861694954,0.06618510445688729,5.979149942648933e-05,1.0,16.80048825282975,0.05952207965334384
2.0,18.0346,15.526071956735787,0.06440779115197665,3.9818157927501043e-05,1.0,17.19879452276308,0.058143609930130416
3.0,18.0346,16.148218686787786,0.061926334996824386,2.4397591610906877e-05,1.0,17.6473285039725,0.056665800706032936
4.0,18.0346,16.965248973416067,0.05894402148574206,1.4272731494255933e-05,1.0,17.855286215793154,0.05600582303270454
5.0,18.0346,17.961916249063204,0.05567334721606636,9.078667931080255e-06,1.0,18.12132416862712,0.05518360527600233
6.0,18.0346,19.1191937273732,0.05230346081844899,6.158027925530114e-06,1.5,18.40023120486894,0.05434714318890661
7.5,18.0346,20.43421796968971,0.04893752241868569,3.831919209127484e-06,1.5,18.73538200845696,0.053374945840368254
9.0,18.0346,21.845545143830424,0.0457759233480341,2.259391783400579e-06,nan,18.938557002330658,0.05280233334973387
nan,nan,nan,nan,1.4454105577515611e-06,nan,19.167040594666226,0.0521728951874959
nan,nan,nan,nan,9.914638296614706e-07,nan,19.35844959891946,0.0516570293963943
nan,nan,nan,nan,6.239016201603754e-07,nan,19.610545184342886,0.05099297294388341
