Name:	10.0_10_80_1
Lambda:	10	Maximal Depth:	10	Filter time:	10 to 80 [us]
Chi2:	2.1938979272663808	RelRMS:	11.609464566844812	AbsRMS:	2.4303520185691145e-06	Phi model:	0.0901967878318479
depth_vector,start_model,resistivity_model,conductivity_model,E/I[V/A],modelled_thickness,rhoa,sigma
0.0,17.076,12.184943439681666,0.0820684974821783,0.0001177161902155,1.0,14.58604582789171,0.0685586766831474
1.0,17.076,12.481389003292753,0.0801192879843891,7.282836809671336e-05,1.0,14.994629144235471,0.0666905456867827
2.0,17.076,13.056161621540388,0.0765921891124704,4.75833858080565e-05,1.0,15.546637492410444,0.0643225906880622
3.0,17.076,13.897518299858872,0.0719552929108325,2.8460709619835226e-05,1.0,16.210672822898232,0.0616877541681958
4.0,17.076,15.017774291990026,0.0665877633101308,1.6258305036729084e-05,1.0,16.663873114746675,0.0600100584728439
5.0,17.076,16.476114833287657,0.0606939202669091,1.01236218208525e-05,1.0,17.15412840059436,0.0582950049485085
6.0,17.076,18.39541239166084,0.0543613798217064,6.735308904289689e-06,1.5,17.644145019483112,0.0566760247603822
7.5,17.076,21.25899558607752,0.0470389109377725,4.094460720799276e-06,1.5,18.24722767538042,0.0548028455494761
9.0,17.076,25.701966552185954,0.0389075286503689,2.3608142680598022e-06,nan,18.72210240325656,0.0534128047406715
nan,nan,nan,nan,1.4817135525986824e-06,nan,19.19085352333996,0.0521081565644695
nan,nan,nan,nan,1.0001214974015526e-06,nan,19.591810081140164,0.0510417361059782
nan,nan,nan,nan,6.175125173303878e-07,nan,20.09977277608612,0.0497518062089616
Name:	12.742749857031335_10_80_1
Lambda:	12.742749857031336	Maximal Depth:	10	Filter time:	10 to 80 [us]
Chi2:	2.1961580885854928	RelRMS:	11.654553062626013	AbsRMS:	2.423202651085769e-06	Phi model:	0.0879523483824072
depth_vector,start_model,resistivity_model,conductivity_model,E/I[V/A],modelled_thickness,rhoa,sigma
0.0,17.076,12.11634787022554,0.0825331205995974,0.0001177407581959,1.0,14.58401672509721,0.0685682153860348
1.0,17.076,12.418450236491555,0.0805253458327275,7.282727861718881e-05,1.0,14.994778688023736,0.0666898805781438
2.0,17.076,13.01191402828747,0.0768526442632523,4.7574162523123474e-05,1.0,15.548646796437282,0.0643142784765767
3.0,17.076,13.891685057163684,0.0719855075813368,2.8451819825903344e-05,1.0,16.21404933890067,0.0616749079207995
4.0,17.076,15.072039693134204,0.066348020597075,1.6254433738923268e-05,1.0,16.66651888537105,0.0600005320173815
5.0,17.076,16.6047273636964,0.0602238132609356,1.0122234986067775e-05,1.0,17.15569520863593,0.0582896809391096
6.0,17.076,18.592377965537285,0.053785481440491,6.734995248668446e-06,1.5,17.64469281915814,0.0566742651883532
7.5,17.076,21.4352547433912,0.0466521164302147,4.094956971604631e-06,1.5,18.24575344184622,0.0548072735492809
9.0,17.076,25.621722674520463,0.0390293819312333,2.3617359364667902e-06,nan,18.71723121435465,0.0534267055072268
nan,nan,nan,nan,1.4826452958849411e-06,nan,19.18281257008309,0.0521299989950153
nan,nan,nan,nan,1.0009397820245552e-06,nan,19.58113087587873,0.0510695733734083
nan,nan,nan,nan,6.181718408845865e-07,nan,20.085478357599417,0.0497872135378665
Name:	16.237767391887218_10_80_1
Lambda:	16.237767391887218	Maximal Depth:	10	Filter time:	10 to 80 [us]
Chi2:	2.198388773525895	RelRMS:	11.700955921178402	AbsRMS:	2.417697080655831e-06	Phi model:	0.0862118310337947
depth_vector,start_model,resistivity_model,conductivity_model,E/I[V/A],modelled_thickness,rhoa,sigma
0.0,17.076,12.052776976256576,0.082968431422066,0.0001177586937444,1.0,14.582535849411194,0.0685751785784485
1.0,17.076,12.361966036609164,0.0808932816219171,7.28249006715141e-05,1.0,14.995105101789257,0.0666884288714106
2.0,17.076,12.97535716198888,0.0770691694660618,4.7565730892306567e-05,1.0,15.550484205767235,0.0643066792498415
3.0,17.076,13.892129693479092,0.0719832035882443,2.8444315917881343e-05,1.0,16.216900837393393,0.061664063314377
4.0,17.076,15.127007431373682,0.0661069285869445,1.625153312712525e-05,1.0,16.668501946004227,0.0599933937218467
5.0,17.076,16.72380584095279,0.0597950017783169,1.0121512746458207e-05,1.0,17.156511316897358,0.058286908190659
6.0,17.076,18.766909472728063,0.0532852786151706,6.735159935294551e-06,1.5,17.64440518859462,0.0566751890648261
7.5,17.076,21.584452113718665,0.0463296448170866,4.095744072047867e-06,1.5,18.243415779403296,0.0548142964065421
9.0,17.076,25.545672346208374,0.0391455737178287,2.362796609509433e-06,nan,18.71162927972555,0.0534427005286771
nan,nan,nan,nan,1.4836474158434784e-06,nan,19.174173660395965,0.0521534861273051
nan,nan,nan,nan,1.0017972357972222e-06,nan,19.56995608589209,0.051098735000274
nan,nan,nan,nan,6.188474800398029e-07,nan,20.070856546804546,0.049823483998704
Name:	20.6913808111479_10_80_1
Lambda:	20.6913808111479	Maximal Depth:	10	Filter time:	10 to 80 [us]
Chi2:	2.2006248590333644	RelRMS:	11.747209422371744	AbsRMS:	2.415962717795459e-06	Phi model:	0.0848393208867127
depth_vector,start_model,resistivity_model,conductivity_model,E/I[V/A],modelled_thickness,rhoa,sigma
0.0,17.076,11.998286528310452,0.0833452341415966,0.0001177580020366,1.0,14.582592954342672,0.0685749100404123
1.0,17.076,12.314836719434814,0.0812028630815573,7.281451065956254e-05,1.0,14.996531517255438,0.0666820857109106
2.0,17.076,12.94701531267275,0.0772378788353778,4.755412873526695e-05,1.0,15.5530134193744,0.0642962217697503
3.0,17.076,13.897230432780276,0.0719567833919797,2.8436107817411083e-05,1.0,16.220021366390156,0.0616521999207794
4.0,17.076,15.179401041989973,0.0658787522138556,1.624851961637656e-05,1.0,16.670562817124818,0.0599859771364618
5.0,17.076,16.82982820639065,0.0594183129938473,1.0120839701393645e-05,1.0,17.157271924227008,0.0582843242455081
6.0,17.076,18.916910903888887,0.0528627536007701,6.735431545307813e-06,1.5,17.643930838455365,0.0566767127549874
7.5,17.076,21.706958444586665,0.0460681768269281,4.096621446994739e-06,1.5,18.24081088696397,0.0548221242025299
9.0,17.076,25.47369183871597,0.039256186591696,2.3638912300178136e-06,nan,18.705852444774045,0.0534592049708686
nan,nan,nan,nan,1.4846598071066552e-06,nan,19.16545607511959,0.0521772086237066
nan,nan,nan,nan,1.0026569542393786e-06,nan,19.55876777443589,0.0511279652958015
nan,nan,nan,nan,6.195191536082116e-07,nan,20.05634690554588,0.0498595284928725
Name:	26.366508987303583_10_80_1
Lambda:	26.366508987303583	Maximal Depth:	10	Filter time:	10 to 80 [us]
Chi2:	2.2029613267271144	RelRMS:	11.795792083715224	AbsRMS:	2.4175729978494827e-06	Phi model:	0.0837120113048971
depth_vector,start_model,resistivity_model,conductivity_model,E/I[V/A],modelled_thickness,rhoa,sigma
0.0,17.076,11.953330110954596,0.0836586951684328,0.0001177414945333,1.0,14.583955920888776,0.0685685012643029
1.0,17.076,12.2768035242697,0.0814544272882697,7.279796625055452e-05,1.0,14.998803552836678,0.0666719846337925
2.0,17.076,12.92624617516216,0.0773619801486919,4.7540655279257954e-05,1.0,15.55595185797929,0.0642840765470136
3.0,17.076,13.90564361711732,0.0719132481411387,2.842804549908944e-05,1.0,16.223087934227642,0.061640546118855
4.0,17.076,15.227539430123093,0.0656704915845958,1.624592816544874e-05,1.0,16.67233556069462,0.0599795989205928
5.0,17.076,16.92166318549189,0.0590958459010913,1.012057891484451e-05,1.0,17.157566661419388,0.058283323022058
6.0,17.076,19.04242348129382,0.0525143241868527,6.736070662490939e-06,1.5,17.64281478546556,0.0566802980227291
7.5,17.076,21.804188178863363,0.0458627485599021,4.097762584382003e-06,1.5,18.237424284793025,0.054832304407911
9.0,17.076,25.40402213010595,0.0393638454130818,2.365129142865271e-06,nan,18.699324757380545,0.0534778668735246
nan,nan,nan,nan,1.4857562864035465e-06,nan,19.15602558659413,0.0522028954012164
nan,nan,nan,nan,1.0035717604634834e-06,nan,19.546880099752794,0.0511590593944783
nan,nan,nan,nan,6.202217436693182e-07,nan,20.04119742935992,0.0498972181440127
Name:	33.59818286283781_10_80_1
Lambda:	33.59818286283781	Maximal Depth:	10	Filter time:	10 to 80 [us]
Chi2:	2.205577542806332	RelRMS:	11.848504837308925	AbsRMS:	2.422998495758636e-06	Phi model:	0.0827202322901612
depth_vector,start_model,resistivity_model,conductivity_model,E/I[V/A],modelled_thickness,rhoa,sigma
0.0,17.076,11.91886421230672,0.0839006118525504,0.0001177068594612,1.0,14.586816652473548,0.0685550537738764
1.0,17.076,12.248356083365808,0.0816436094112315,7.277407693088133e-05,1.0,15.00208578031054,0.0666573978208049
2.0,17.076,12.91230670918487,0.0774454961861054,4.752470451849307e-05,1.0,15.559432369026675,0.0642696967526043
3.0,17.076,13.915971815754812,0.0718598753461013,2.8419911004994806e-05,1.0,16.22618342406254,0.0616287868727685
4.0,17.076,15.27035070450498,0.0654863807224142,1.6243729785149877e-05,1.0,16.673839784491925,0.0599741878850295
5.0,17.076,16.999113502265295,0.058826597037942,1.0120768999990637e-05,1.0,17.157351828681204,0.0582840528063511
6.0,17.076,19.144498582274355,0.0522343270419151,6.737138350734844e-06,1.5,17.64095073750409,0.056686287200725
7.5,17.076,21.877781902842965,0.0457084728443175,4.09923221812434e-06,1.5,18.233065104921447,0.054845413771384
9.0,17.076,25.33466532661231,0.0394716088453542,2.366564384396017e-06,nan,18.69176365287376,0.0534994994892445
nan,nan,nan,nan,1.486979990580029e-06,nan,19.145514562014025,0.0522315551645745
nan,nan,nan,nan,1.00457607047688e-06,nan,19.53385012592659,0.0511931848331699
nan,nan,nan,nan,6.209804812683463e-07,nan,20.024869371063154,0.0499379037870302
Name:	42.81332398719393_10_80_1
Lambda:	42.81332398719393	Maximal Depth:	10	Filter time:	10 to 80 [us]
Chi2:	2.208769852769641	RelRMS:	11.90766477349666	AbsRMS:	2.432864929071562e-06	Phi model:	0.0817698960556116
depth_vector,start_model,resistivity_model,conductivity_model,E/I[V/A],modelled_thickness,rhoa,sigma
0.0,17.076,11.894964962746286,0.0840691841574892,0.0001176511237223,1.0,14.591423169328335,0.0685334109219746
1.0,17.076,12.229404572912737,0.0817701298569293,7.274129089313669e-05,1.0,15.00659327991142,0.0666373760751316
2.0,17.076,12.90518517054594,0.0774882333561817,4.7505473493752656e-05,1.0,15.563631234574563,0.0642523576232327
3.0,17.076,13.928203882888823,0.0717967663604154,2.8411406978854307e-05,1.0,16.22942111436355,0.0616164922305804
4.0,17.076,15.307798657479823,0.0653261793139258,1.624187990193349e-05,1.0,16.67510581490518,0.0599696344419081
5.0,17.076,17.062391510607416,0.0586084312611345,1.0121455950919065e-05,1.0,17.156575498203786,0.0582866901442362
6.0,17.076,19.22424428381701,0.0520176494449667,6.738710599315109e-06,1.5,17.638206687486917,0.0566951061249004
7.5,17.076,21.92868326707372,0.0456023732852905,4.101111996976652e-06,1.5,18.227493161009427,0.0548621794103375
9.0,17.076,25.263157408080936,0.0395833340958454,2.368265581517986e-06,nan,18.682811339712227,0.0535251350461585
nan,nan,nan,nan,1.4883858019151082e-06,nan,19.133457105722748,0.0522644702666359
nan,nan,nan,nan,1.0057136592926057e-06,nan,19.51911718443072,0.0512318252178762
nan,nan,nan,nan,6.218274481972378e-07,nan,20.006681844734405,0.0499833009671812
Name:	54.5559478116852_10_80_1
Lambda:	54.5559478116852	Maximal Depth:	10	Filter time:	10 to 80 [us]
Chi2:	2.2130164418239686	RelRMS:	11.976103171061297	AbsRMS:	2.448012122315414e-06	Phi model:	0.0807775148301716
depth_vector,start_model,resistivity_model,conductivity_model,E/I[V/A],modelled_thickness,rhoa,sigma
0.0,17.076,11.881812493582938,0.0841622438108726,0.0001175704455812,1.0,14.598097603517582,0.0685020765828444
1.0,17.076,12.220052142975597,0.0818327113747076,7.269758802559484e-05,1.0,15.012606917904458,0.066610682972547
2.0,17.076,12.90479627736298,0.0774905685070097,4.748190379910855e-05,1.0,15.568781262472088,0.0642311034589752
3.0,17.076,13.942212337549908,0.0717246284728247,2.8402126872000485e-05,1.0,16.232956121025317,0.0616030741748125
4.0,17.076,15.340147837723048,0.0651884199929869,1.6240301146786805e-05,1.0,16.676186479702142,0.0599657482372949
5.0,17.076,17.112483657637025,0.0584368710005292,1.0122682587042169e-05,1.0,17.15518948218662,0.058291399289898
6.0,17.076,19.283015649925392,0.0518591084586849,6.740871812994675e-06,1.5,17.63443645599125,0.0567072275031648
7.5,17.076,21.95807295804428,0.0455413369793751,4.103496861270964e-06,1.5,18.22043019157625,0.0548834461912059
9.0,17.076,25.18655588741151,0.0397037214802286,2.370313956667878e-06,nan,18.672046262108907,0.0535559941295397
nan,nan,nan,nan,1.490039201928432e-06,nan,19.119300381219848,0.0523031690522662
nan,nan,nan,nan,1.00703698940365e-06,nan,19.502013611428524,0.0512767563352526
nan,nan,nan,nan,6.228012409062008e-07,nan,19.9858218547784,0.0500354705083549
Name:	69.51927961775606_10_80_1
Lambda:	69.51927961775606	Maximal Depth:	10	Filter time:	10 to 80 [us]
Chi2:	2.219063348567627	RelRMS:	12.057444359415594	AbsRMS:	2.4694387679961973e-06	Phi model:	0.0796685198512116
depth_vector,start_model,resistivity_model,conductivity_model,E/I[V/A],modelled_thickness,rhoa,sigma
0.0,17.076,11.879683851922913,0.084177324284445,0.0001174606323738,1.0,14.607194632930726,0.068459415043706
1.0,17.076,12.220408722630523,0.0818303235756866,7.264084467001188e-05,1.0,15.020423960131774,0.0665760169389537
2.0,17.076,12.911164787592536,0.0774523458147623,4.745294565633335e-05,1.0,15.575114513827652,0.0642049854023349
3.0,17.076,13.958221428619808,0.0716423654054956,2.8391727199237143e-05,1.0,16.2369198842733,0.0615880356081929
4.0,17.076,15.367951670993428,0.0650704805304321,1.6238984432965988e-05,1.0,16.677087909984813,0.0599625069674955
5.0,17.076,17.15037892848971,0.0583077495937322,1.012455230933387e-05,1.0,17.153077360647213,0.0582985769244072
6.0,17.076,19.322297766272666,0.0517536791998679,6.743757697588709e-06,1.5,17.62940517806693,0.0567234112495252
7.5,17.076,21.966459298694367,0.0455239502371434,4.106521022869243e-06,1.5,18.2114837232221,0.0549104079161252
9.0,17.076,25.10144778694226,0.0398383395447093,2.372817790624735e-06,nan,18.658908596642192,0.0535937026981287
nan,nan,nan,nan,1.4920250455243362e-06,nan,19.102331779744105,0.0523496299577619
nan,nan,nan,nan,1.008612979836149e-06,nan,19.48169329887197,0.0513302403779194
nan,nan,nan,nan,6.239503909527256e-07,nan,19.9612752840022,0.0500969996041005
Name:	88.58667904100822_10_80_1
Lambda:	88.58667904100822	Maximal Depth:	10	Filter time:	10 to 80 [us]
Chi2:	2.228071030601718	RelRMS:	12.155853788179822	AbsRMS:	2.498646282449476e-06	Phi model:	0.0783719889958161
depth_vector,start_model,resistivity_model,conductivity_model,E/I[V/A],modelled_thickness,rhoa,sigma
0.0,17.076,11.88900254113338,0.0841113454673944,0.0001173154653306,1.0,14.619242184500113,0.0684029984167194
1.0,17.076,12.230931239414488,0.0817599232981929,7.256786305313395e-05,1.0,15.030492982594348,0.0665314172434678
2.0,17.076,12.92480490366398,0.0773706069417353,4.741696535523443e-05,1.0,15.582992516385945,0.0641725264867112
3.0,17.076,13.976845484254142,0.0715469024199035,2.837960134782188e-05,1.0,16.241544625297166,0.0615704985622143
4.0,17.076,15.392035838536678,0.0649686636966062,1.6237815105043957e-05,1.0,16.677888541119803,0.0599596284346469
5.0,17.076,17.17712883122108,0.0582169470710613,1.0127127605564697e-05,1.0,17.150169255497374,0.0583084624473578
6.0,17.076,19.34312090084142,0.0516979656554026,6.747491948761338e-06,1.5,17.622900173321153,0.0567443491233
7.5,17.076,21.95382663008549,0.0455501456237976,4.110322369058902e-06,1.5,18.20025365039016,0.0549442891955828
9.0,17.076,25.004016121547345,0.0399935752376293,2.3758932427887675e-06,nan,18.64280322426568,0.0536400018801029
nan,nan,nan,nan,1.4944362558675565e-06,nan,19.08177904195345,0.0524060150681646
nan,nan,nan,nan,1.0105158194062175e-06,nan,19.457229106004284,0.0513947795213765
nan,nan,nan,nan,6.253292406045653e-07,nan,19.931921443363265,0.0501707777065803
Name:	112.88378916846884_10_80_1
Lambda:	112.88378916846884	Maximal Depth:	10	Filter time:	10 to 80 [us]
Chi2:	2.241820750721281	RelRMS:	12.2765661116585	AbsRMS:	2.5374498060634725e-06	Phi model:	0.0768186715683472
depth_vector,start_model,resistivity_model,conductivity_model,E/I[V/A],modelled_thickness,rhoa,sigma
0.0,17.076,11.910501047317789,0.0839595241230592,0.0001171280714971,1.0,14.63483096587256,0.068330136667238
1.0,17.076,12.25231452709789,0.0816172322207649,7.247520419577363e-05,1.0,15.04330114899705,0.0664747710688934
2.0,17.076,12.946408590526447,0.0772414985212,4.737227940899334e-05,1.0,15.592790529694456,0.064132202513439
3.0,17.076,13.99881664394521,0.0714346094698312,2.836519227062573e-05,1.0,16.247044461362957,0.0615496561468823
4.0,17.076,15.413291360292805,0.0648790694099357,1.6236748690421293e-05,1.0,16.67861879197936,0.0599570031830749
5.0,17.076,17.193731244300896,0.0581607322919778,1.0130538119962437e-05,1.0,17.14631989225783,0.0583215527462272
6.0,17.076,19.34630287361184,0.0516894626602786,6.752257410902081e-06,1.5,17.6146075249037,0.0567710633680705
7.5,17.076,21.91964543419273,0.045621175899136,4.115085300775094e-06,1.5,18.18620723499788,0.0549867263183706
9.0,17.076,24.88991475330648,0.0401769154258415,2.3796889502833463e-06,nan,18.622973895216383,0.0536971165629387
nan,nan,nan,nan,1.4973892321633488e-06,nan,19.056683550530355,0.0524750278477584
nan,nan,nan,nan,1.012837353625485e-06,nan,19.42748566850459,0.0514734648149131
nan,nan,nan,nan,6.270043588913577e-07,nan,19.896405251558843,0.0502603353398047
Name:	143.8449888287663_10_80_1
Lambda:	143.8449888287663	Maximal Depth:	10	Filter time:	10 to 80 [us]
Chi2:	2.263023475242379	RelRMS:	12.425779025051742	AbsRMS:	2.5882710018879806e-06	Phi model:	0.074938493083821
depth_vector,start_model,resistivity_model,conductivity_model,E/I[V/A],modelled_thickness,rhoa,sigma
0.0,17.076,11.945378654933933,0.0837143826819553,0.0001168897419625,1.0,14.654717103595276,0.0682374141330007
1.0,17.076,12.285721324822056,0.0813953022017194,7.235852732274371e-05,1.0,15.059468181268164,0.066403407342356
2.0,17.076,12.977112873502293,0.0770587425529664,4.731676586236414e-05,1.0,15.604984120642966,0.0640820902007298
3.0,17.076,14.025234041898134,0.0713000579535899,2.834778691815197e-05,1.0,16.253694165768326,0.0615244749778844
4.0,17.076,15.432660801275048,0.0647976400749623,1.6235702878244126e-05,1.0,16.679335012500974,0.0599544285938564
5.0,17.076,17.200849232558443,0.0581366644448671,1.013491814164196e-05,1.0,17.14137943707261,0.0583383620712137
6.0,17.076,19.33193878996229,0.051727869142604,6.758257479781043e-06,1.5,17.60418032986882,0.0568046896397278
7.5,17.076,21.86255937678489,0.0457402988719548,4.12101908065846e-06,1.5,18.16874571846521,0.0550395726538064
9.0,17.076,24.754406551148143,0.0403968480494079,2.384374104578992e-06,nan,18.59857053642936,0.0537675730530624
nan,nan,nan,nan,1.501016669823221e-06,nan,19.025968899780764,0.0525597411236976
nan,nan,nan,nan,1.0156824471570078e-06,nan,19.391188988741792,0.051569813515849
nan,nan,nan,nan,6.290518083072035e-07,nan,19.853209006749204,0.0503696908474617
Name:	183.29807108324357_10_80_1
Lambda:	183.2980710832436	Maximal Depth:	10	Filter time:	10 to 80 [us]
Chi2:	2.29574211817777	RelRMS:	12.610801258526724	AbsRMS:	2.654162256778311e-06	Phi model:	0.0726608381669153
depth_vector,start_model,resistivity_model,conductivity_model,E/I[V/A],modelled_thickness,rhoa,sigma
0.0,17.076,11.995253555358175,0.0833663077970793,0.0001165902240504,1.0,14.679804816220145,0.0681207967353265
1.0,17.076,12.332709126147336,0.0810851849152785,7.221270783321976e-05,1.0,15.079734471763944,0.0663141650055211
2.0,17.076,13.01833422549906,0.0768147431674704,4.72479048913768e-05,1.0,15.620142655312044,0.0640199018707376
3.0,17.076,14.05735479298352,0.0711371388662063,2.8326520109410126e-05,1.0,16.261828379823072,0.0614937002557937
4.0,17.076,15.451199962089028,0.0647198924648955,1.6234555704653575e-05,1.0,16.680120738440372,0.0599516044086802
5.0,17.076,17.1991752915606,0.058142322701408,1.0140404164040435e-05,1.0,17.135196483465016,0.058359412508924
6.0,17.076,19.30001500954281,0.0518134312074655,6.76571373087032e-06,1.5,17.591243994742474,0.056846462950481
7.5,17.076,21.78087720628823,0.0459118331428495,4.128356469544807e-06,1.5,18.147211616547377,0.0551048844930071
9.0,17.076,24.592353471643072,0.0406630459810639,2.3901383902413285e-06,nan,18.568655779990745,0.0538541945011217
nan,nan,nan,nan,1.505467962982844e-06,nan,18.988447032004665,0.0526636010998961
nan,nan,nan,nan,1.0191694887620457e-06,nan,19.346933019639955,0.0516877790906111
nan,nan,nan,nan,6.315576762988584e-07,nan,19.80065906553793,0.0505033694429116
Name:	233.57214690901213_10_80_1
Lambda:	233.57214690901213	Maximal Depth:	10	Filter time:	10 to 80 [us]
Chi2:	2.3444432357032934	RelRMS:	12.8379390105425	AbsRMS:	2.7344167085548515e-06	Phi model:	0.0699918012358252
depth_vector,start_model,resistivity_model,conductivity_model,E/I[V/A],modelled_thickness,rhoa,sigma
0.0,17.076,12.06530628182312,0.0828822722475384,0.0001162383232217,1.0,14.709417725987109,0.0679836563641334
1.0,17.076,12.396512524874709,0.0806678489610211,7.204404326613566e-05,1.0,15.10326105717106,0.0662108663959826
2.0,17.076,13.070013126316708,0.0765110172679537,4.717029993595245e-05,1.0,15.637270216962117,0.0639497806282887
3.0,17.076,14.091585039290235,0.0709643377385719,2.8304413037787168e-05,1.0,16.270294777449628,0.0614617014429255
4.0,17.076,15.462739054240831,0.0646715951483213,1.623508123855427e-05,1.0,16.679760776533175,0.0599528982098414
5.0,17.076,17.18171050884817,0.0582014229307974,1.0148120052161415e-05,1.0,17.12650981583942,0.0583890127499971
6.0,17.076,19.244640696875635,0.0519625185915967,6.7753883939708735e-06,1.5,17.574494166532194,0.0569006419487361
7.5,17.076,21.67163083491872,0.046143274016496,4.137564922235034e-06,1.5,18.120276323407143,0.0551867963905293
9.0,17.076,24.403867685295925,0.0409771112061278,2.3972461747249697e-06,nan,18.53193383585168,0.0539609092530543
nan,nan,nan,nan,1.5109063732891924e-06,nan,18.94285452424556,0.052790354205596
nan,nan,nan,nan,1.0234077997493498e-06,nan,19.29348086967228,0.051830978907073
nan,nan,nan,nan,6.345884552923975e-07,nan,19.7375637984861,0.0506648140677169
Name:	297.63514416313194_10_80_1
Lambda:	297.63514416313194	Maximal Depth:	10	Filter time:	10 to 80 [us]
Chi2:	2.4200734158458737	RelRMS:	13.122150005105146	AbsRMS:	2.840741676004898e-06	Phi model:	0.0667277584804112
depth_vector,start_model,resistivity_model,conductivity_model,E/I[V/A],modelled_thickness,rhoa,sigma
0.0,17.076,12.15171917106472,0.0822928826713809,0.0001157866204528,1.0,14.747648810529093,0.067807418853509
1.0,17.076,12.476804242841329,0.0801487288360525,7.182567076138457e-05,1.0,15.133857991278182,0.0660770043287251
2.0,17.076,13.13766858028827,0.0761170061406784,4.706823864432929e-05,1.0,15.659866966211046,0.0638575028866897
3.0,17.076,14.139387321228671,0.0707244223021328,2.8273688909079826e-05,1.0,16.282079588886834,0.0614172160589695
4.0,17.076,15.48235084219303,0.064589674410088,1.6233966527845028e-05,1.0,16.6805243153416,0.0599501539097466
5.0,17.076,17.16309157191614,0.0582645612423518,1.0156663041471324e-05,1.0,17.116904816748587,0.0584217772258403
6.0,17.076,19.17530861086236,0.0521503992605117,6.786750391500169e-06,1.5,17.554873866666977,0.0569642372594194
7.5,17.076,21.533586966801,0.0464390814935631,4.148635727980172e-06,1.5,18.08802549859114,0.055285194068191
9.0,17.076,24.1730204039881,0.0413684340346239,2.405883919073269e-06,nan,18.487550967333267,0.0540904526384786
nan,nan,nan,nan,1.5175536110002345e-06,nan,18.88749799066868,0.0529450751229224
nan,nan,nan,nan,1.0286065275109447e-06,nan,19.228417937724053,0.0520063586738516
nan,nan,nan,nan,6.383180567448386e-07,nan,19.660606219206027,0.0508631315255742
Name:	379.26901907322497_10_80_1
Lambda:	379.26901907322497	Maximal Depth:	10	Filter time:	10 to 80 [us]
Chi2:	2.5334427461796656	RelRMS:	13.471148270929287	AbsRMS:	2.9749714814924502e-06	Phi model:	0.0628867897538608
depth_vector,start_model,resistivity_model,conductivity_model,E/I[V/A],modelled_thickness,rhoa,sigma
0.0,17.076,12.26104273565435,0.0815591317606342,0.0001152368817554,1.0,14.794514135342345,0.0675926218902396
1.0,17.076,12.57810818204858,0.0795032118921663,7.155982135557059e-05,1.0,15.17131700136718,0.0659138557258993
2.0,17.076,13.222365670276972,0.0756294315961882,4.69438638228917e-05,1.0,15.68751465661996,0.0637449603642608
3.0,17.076,14.19808726364685,0.0704320223865947,2.823604959680673e-05,1.0,16.296545970481965,0.0613626962309256
4.0,17.076,15.504551760426429,0.0644971886612281,1.6232321534071957e-05,1.0,16.681651239593315,0.059946103993982
5.0,17.076,17.136758718865323,0.0583540922997959,1.0166796029895862e-05,1.0,17.105529602631837,0.0584606278338287
6.0,17.076,19.08632968741485,0.0523935201988772,6.800355087720664e-06,1.5,17.53145269459986,0.0570403387226448
7.5,17.076,21.363858538260924,0.0468080238506111,4.161936289700648e-06,1.5,18.049468249424283,0.0554032942234681
9.0,17.076,23.90029334785363,0.0418404906352249,2.416273612659578e-06,nan,18.43451671215957,0.0542460654441996
nan,nan,nan,nan,1.5255550081331276e-06,nan,18.82139798653696,0.0531310161293706
nan,nan,nan,nan,1.034868045848136e-06,nan,19.15077787333482,0.0522172000852446
nan,nan,nan,nan,6.428126273605096e-07,nan,19.568853944962605,0.0511016129412841
Name:	483.2930238571752_10_80_1
Lambda:	483.2930238571752	Maximal Depth:	10	Filter time:	10 to 80 [us]
Chi2:	2.698609979204715	RelRMS:	13.894128745127611	AbsRMS:	3.139038313980331e-06	Phi model:	0.0584893502386563
depth_vector,start_model,resistivity_model,conductivity_model,E/I[V/A],modelled_thickness,rhoa,sigma
0.0,17.076,12.396307930383362,0.0806691803411077,0.0001145894882974,1.0,14.850184602935771,0.0673392302343707
1.0,17.076,12.7029390003032,0.0787219398578653,7.124748361022854e-05,1.0,15.215623777693231,0.0657219194303452
2.0,17.076,13.325672236187645,0.07504311844654,4.679831564062686e-05,1.0,15.720024478042776,0.063613132498411
3.0,17.076,14.26807679202974,0.0700865305517985,2.8192538864784707e-05,1.0,16.313309090734208,0.0612996415649348
4.0,17.076,15.528595774666158,0.064397323139252,1.6230933493083812e-05,1.0,16.682602283091676,0.0599426865803502
5.0,17.076,17.10112927765846,0.0584756704521517,1.0179119426014923e-05,1.0,17.091720891867237,0.0585078592335211
6.0,17.076,18.97578261867664,0.0526987487206859,6.816672166497965e-06,1.5,17.50346481098759,0.057131545713867
7.5,17.076,21.160895374884984,0.0472569795504428,4.177804901159528e-06,1.5,18.0037342445978,0.0555440324998165
9.0,17.076,23.58487797068162,0.0424000497794858,2.4286401828024275e-06,nan,18.371884776333147,0.054430996719956
nan,nan,nan,nan,1.5350686733780478e-06,nan,18.74355306647903,0.0533516775849932
nan,nan,nan,nan,1.0423092748277085e-06,nan,19.05952189729613,0.0524672132589991
nan,nan,nan,nan,6.481520878570775e-07,nan,19.46123402803901,0.0513842030037374
Name:	615.8482110660261_10_80_1
Lambda:	615.8482110660261	Maximal Depth:	10	Filter time:	10 to 80 [us]
Chi2:	2.930865269902468	RelRMS:	14.389883263432848	AbsRMS:	3.336968487205315e-06	Phi model:	0.053613055110609
depth_vector,start_model,resistivity_model,conductivity_model,E/I[V/A],modelled_thickness,rhoa,sigma
0.0,17.076,12.561287297318952,0.0796096750540398,0.0001138353836474,1.0,14.91569595773091,0.0670434690297969
1.0,17.076,12.854476552153294,0.077793910622715,7.088291542619919e-05,1.0,15.267750942515669,0.0654975316118976
2.0,17.076,13.449707007953563,0.0743510620274957,4.662774280509006e-05,1.0,15.758338963416223,0.0634584649004917
3.0,17.076,14.350241643290117,0.0696852377024312,2.81407705665616e-05,1.0,16.333309811263028,0.061224577967071
4.0,17.076,15.554359691942093,0.0642906567550992,1.622838876549759e-05,1.0,16.684346205196324,0.0599364211040257
5.0,17.076,17.05569294705555,0.0586314495168393,1.019272809834264e-05,1.0,17.076504329928607,0.0585599945210906
6.0,17.076,18.84370145620407,0.0530681300764697,6.8350870941591736e-06,1.5,17.47201240071607,0.0572343916124404
7.5,17.076,20.92661363899496,0.0477860401711906,4.195860474845941e-06,1.5,17.952048170168965,0.0557039503526793
9.0,17.076,23.231529622287976,0.043044948664965,2.442761411351264e-06,nan,18.30101302040662,0.0546417839758348
nan,nan,nan,nan,1.545954606608097e-06,nan,18.655460233709967,0.053603609209974
nan,nan,nan,nan,1.0508358369908654e-06,nan,18.956281688193428,0.0527529616012633
nan,nan,nan,nan,6.542785893576339e-07,nan,19.33955687883485,0.0517074928999224
Name:	784.7599703514607_10_80_1
Lambda:	784.7599703514607	Maximal Depth:	10	Filter time:	10 to 80 [us]
Chi2:	3.242082011845716	RelRMS:	14.933087302085324	AbsRMS:	3.578267855733435e-06	Phi model:	0.048426386250675
depth_vector,start_model,resistivity_model,conductivity_model,E/I[V/A],modelled_thickness,rhoa,sigma
0.0,17.076,12.758528922513186,0.0783789421236048,0.0001129453458837,1.0,14.993953027411136,0.0666935529390984
1.0,17.076,13.035131026326882,0.0767157612746901,7.044561922237357e-05,1.0,15.330869520928983,0.0652278723418033
2.0,17.076,13.596764718549778,0.0735469077166365,4.641717451373842e-05,1.0,15.80596074403827,0.0632672708855855
3.0,17.076,14.447082108167896,0.0692181294819826,2.8070650939267305e-05,1.0,16.360498571813167,0.0611228316551953
4.0,17.076,15.585193670593902,0.0641634631648368,1.6218345588830928e-05,1.0,16.69123332556343,0.0599116901965807
5.0,17.076,17.005523141236388,0.0588044244034526,1.0203358118260885e-05,1.0,17.06464188799638,0.0586007023507138
6.0,17.076,18.697818111100403,0.0534821760516713,6.852571682334981e-06,1.5,17.442279426972256,0.057331956192241
7.5,17.076,20.672108966316703,0.0483743580120155,4.214126999634914e-06,1.5,17.90013407399655,0.0558655033457372
9.0,17.076,22.854706605954384,0.0437546636341184,2.457430381339154e-06,nan,18.22811172097092,0.0548603176954159
nan,nan,nan,nan,1.5574194665713282e-06,nan,18.56379342214211,0.0538683003661979
nan,nan,nan,nan,1.0598915881610855e-06,nan,18.84815191683166,0.0530555995310599
nan,nan,nan,nan,6.608342413539209e-07,nan,19.211442093831387,0.052052313153581
Name:	1000.0_10_80_1
Lambda:	1000.0	Maximal Depth:	10	Filter time:	10.0 to 80.0 [us]
Chi2:	3.69628205337524	RelRMS:	15.598655290239675	AbsRMS:	3.888755850782664e-06	Phi model:	0.04244753129418587
depth_vector,start_model,resistivity_model,conductivity_model,E/I[V/A],modelled_thickness,rhoa,sigma
0.0,17.076,12.985816324005041,0.07700709566879069,0.00011183691995851492,1.0,15.092861052259718,0.06625649017356315
1.0,17.076,13.247597287616172,0.07548538639039082,6.989321114473019e-05,1.0,15.411542872298336,0.06488643014434733
2.0,17.076,13.77836095557792,0.07257757313979847,4.61451103578753e-05,1.0,15.86802612555605,0.0630198105351908
3.0,17.076,14.58013798280438,0.06858645653281105,2.7974527433063302e-05,1.0,16.39795477173331,0.06098321491432539
4.0,17.076,15.650058978427094,0.06389752277473557,1.6199854220257224e-05,1.0,16.70393241350589,0.05986614260911727
5.0,17.076,16.980326743308037,0.058891681833749224,1.0212414749952837e-05,1.0,17.054551487752537,0.058635373713470836
6.0,17.076,18.558373779860194,0.05388403164318276,6.871288857819603e-06,1.5,17.41059021435282,0.05743630673563422
7.5,17.076,20.39083372207501,0.0490416435948573,4.234871989388642e-06,1.5,17.84162904963264,0.05604869360405125
9.0,17.076,22.404923491394786,0.044633046856155385,2.474527971275041e-06,nan,18.144050764676898,0.05511448424443424
nan,nan,nan,nan,1.5709596038447294e-06,nan,18.45697175929716,0.05418006881309114
nan,nan,nan,nan,1.0706681574409658e-06,nan,18.72146424224984,0.05341462542995118
nan,nan,nan,nan,6.68691765776688e-07,nan,19.06064858757414,0.052464111879797826
