Name:	10.0_10_80_1
Lambda:	10	Maximal Depth:	10	Filter time:	10 to 80 [us]
Chi2:	4.855048112902466	RelRMS:	9.59584609446516	AbsRMS:	4.864697233854402e-06	Phi model:	0.2235237490448717
depth_vector,start_model,resistivity_model,conductivity_model,E/I[V/A],modelled_thickness,rhoa,sigma
0.0,18.4801,9.3291431177289,0.1071909807128611,0.000107927534123,1.0,15.455161088184866,0.064703304889166
1.0,18.4801,10.674071750779651,0.0936849614044386,6.598414049422286e-05,1.0,16.014365590708138,0.0624439347494489
2.0,18.4801,13.351057840263747,0.0749004320080337,4.266932870524297e-05,1.0,16.71845571807264,0.0598141369551854
3.0,18.4801,17.078672225385905,0.0585525611595022,2.529594164070219e-05,1.0,17.536016940306443,0.0570254923569049
4.0,18.4801,21.27214588063892,0.047009831805928,1.4433312467807997e-05,1.0,18.040508965541704,0.0554308086268547
5.0,18.4801,25.15451304349835,0.0397542976988166,8.987456181832234e-06,1.0,18.5709765378878,0.0538474645078484
6.0,18.4801,27.96464172563714,0.035759442577919,5.977472848107436e-06,1.5,19.105594519910404,0.0523406899983078
7.5,18.4801,28.2199948835311,0.0354358675161769,3.640031106846782e-06,1.5,19.73594685322127,0.0506689649823809
9.0,18.4801,25.944608376316733,0.0385436536753755,2.110773120209373e-06,nan,20.17289031626217,0.0495714785696257
nan,nan,nan,nan,1.3313673182147069e-06,nan,20.609709240921465,0.0485208203721019
nan,nan,nan,nan,9.01846752039205e-07,nan,20.990425393948883,0.0476407686472271
nan,nan,nan,nan,5.596715245348406e-07,nan,21.46180200981216,0.0465944098982372
Name:	12.742749857031335_10_80_1
Lambda:	12.742749857031336	Maximal Depth:	10	Filter time:	10 to 80 [us]
Chi2:	4.892295026429563	RelRMS:	9.533779557778336	AbsRMS:	4.931565161230504e-06	Phi model:	0.1858616629848929
depth_vector,start_model,resistivity_model,conductivity_model,E/I[V/A],modelled_thickness,rhoa,sigma
0.0,18.4801,9.739846784592096,0.1026710195874893,0.0001076722169776,1.0,15.479583419143507,0.0646012216816704
1.0,18.4801,10.914936860166703,0.0916175707483411,6.59120231427009e-05,1.0,16.026044826885066,0.0623984277344846
2.0,18.4801,13.26288981041566,0.0753983494015517,4.266937404730069e-05,1.0,16.71844387430358,0.0598141793290349
3.0,18.4801,16.568296607683504,0.0603562347825335,2.5318533003044645e-05,1.0,17.525583964823284,0.057059439617371
4.0,18.4801,20.36216884650894,0.0491106820465958,1.4445835135786504e-05,1.0,18.03008160225528,0.0554628660069356
5.0,18.4801,23.99486299908575,0.0416755869803508,8.994012114399331e-06,1.0,18.561950913269875,0.0538736474777068
6.0,18.4801,26.823617679846578,0.0372805790753322,5.981415465452796e-06,1.5,19.097198031784423,0.0523637026927012
7.5,18.4801,27.57296767009249,0.0362674055243124,3.6412431866127616e-06,1.5,19.731566871264228,0.0506802123989623
9.0,18.4801,26.159657476031864,0.0382268002138875,2.109839442792393e-06,nan,20.1788413483095,0.0495568592239204
nan,nan,nan,nan,1.3298988715279546e-06,nan,20.62487765866178,0.0484851360841906
nan,nan,nan,nan,9.004228727184263e-07,nan,21.01254830376985,0.0475906104078099
nan,nan,nan,nan,5.584203324876905e-07,nan,21.493848142681006,0.0465249402229779
Name:	16.237767391887218_10_80_1
Lambda:	16.237767391887218	Maximal Depth:	10	Filter time:	10 to 80 [us]
Chi2:	4.9314007303776295	RelRMS:	9.468720548309278	AbsRMS:	4.991560108619676e-06	Phi model:	0.154684020220314
depth_vector,start_model,resistivity_model,conductivity_model,E/I[V/A],modelled_thickness,rhoa,sigma
0.0,18.4801,10.145577895586372,0.09856510987265,0.0001074476946636,1.0,15.501139970408092,0.0645113844471448
1.0,18.4801,11.18329285397714,0.0894191016060504,6.585610564223562e-05,1.0,16.035115204308806,0.062363131618243
2.0,18.4801,13.240630834294574,0.0755251024301575,4.26782339676391e-05,1.0,16.71612998276908,0.0598224589681221
3.0,18.4801,16.134172600282238,0.0619802468198776,2.534522936775087e-05,1.0,17.51327523016056,0.0570995423105008
4.0,18.4801,19.50380091936433,0.0512720573868835,1.44602027632249e-05,1.0,18.01813652251473,0.0554996349789247
5.0,18.4801,22.862265086876786,0.04374019792877,9.001413438380688e-06,1.0,18.551774596907133,0.0539031991131843
6.0,18.4801,25.70226930548927,0.0389070703490928,5.985709673936312e-06,1.5,19.088063257699886,0.0523887618402884
7.5,18.4801,26.94977726799161,0.0371060580596228,3.642514801719536e-06,1.5,19.726974363066454,0.0506920109285606
9.0,18.4801,26.38740301468414,0.0378968706940776,2.10885969393038e-06,nan,20.18509074978815,0.0495415161812188
nan,nan,nan,nan,1.32835487717084e-06,nan,20.640856585887345,0.0484476017668629
nan,nan,nan,nan,8.989189372688292e-07,nan,21.035978455775894,0.0475376033542869
nan,nan,nan,nan,5.570983800379597e-07,nan,21.52783689672069,0.0464514853395386
Name:	20.6913808111479_10_80_1
Lambda:	20.6913808111479	Maximal Depth:	10	Filter time:	10 to 80 [us]
Chi2:	4.965477451164284	RelRMS:	9.424805290605685	AbsRMS:	5.050860886415489e-06	Phi model:	0.1335465979457002
depth_vector,start_model,resistivity_model,conductivity_model,E/I[V/A],modelled_thickness,rhoa,sigma
0.0,18.4801,10.508923330039815,0.0951572267295446,0.0001072209428619,1.0,15.52298690685391,0.0644205916039565
1.0,18.4801,11.422627474835291,0.0875455320768411,6.57876650027322e-05,1.0,16.046234445198003,0.0623199170755765
2.0,18.4801,13.237719788927144,0.075541710804036,4.267328583503485e-05,1.0,16.717422157764187,0.0598178349845381
3.0,18.4801,15.810036725540348,0.06325095996675,2.536173902149484e-05,1.0,17.50567402981966,0.0571243357037593
4.0,18.4801,18.85850125282339,0.0530264832074227,1.4469962968796766e-05,1.0,18.010033277058277,0.0555246059025237
5.0,18.4801,21.997594751503023,0.045459515519608,9.0067951052981e-06,1.0,18.54438392385594,0.0539246816775388
6.0,18.4801,24.817587880068444,0.0402940045919258,5.989111090367971e-06,1.5,19.0808354072186,0.0524086067857219
7.5,18.4801,26.42605910528336,0.0378414350780011,3.6437272190072338e-06,1.5,19.7225981387794,0.0507032589197139
9.0,18.4801,26.563479259551347,0.0376456709691157,2.108281644242364e-06,nan,20.188780153215603,0.0495324627050695
nan,nan,nan,nan,1.3272978604001465e-06,nan,20.651813602357333,0.0484218974301537
nan,nan,nan,nan,8.978653753630684e-07,nan,21.052431088211577,0.0475004523615306
nan,nan,nan,nan,5.561530799450008e-07,nan,21.55222407400676,0.0463989236825937
Name:	26.366508987303583_10_80_1
Lambda:	26.366508987303583	Maximal Depth:	10	Filter time:	10 to 80 [us]
Chi2:	4.996197506599969	RelRMS:	9.394922886315214	AbsRMS:	5.100534404846773e-06	Phi model:	0.1185873841741086
depth_vector,start_model,resistivity_model,conductivity_model,E/I[V/A],modelled_thickness,rhoa,sigma
0.0,18.4801,10.828518941727983,0.092348732581191,0.000107033235374,1.0,15.541130367091334,0.0643453839186318
1.0,18.4801,11.643492301660595,0.0858848852296127,6.573418037324702e-05,1.0,16.054937279942205,0.0622861355708516
2.0,18.4801,13.260192053501424,0.0754136890299371,4.267313893266186e-05,1.0,16.71746052425011,0.0598176977029145
3.0,18.4801,15.564298702636227,0.0642496021893118,2.537886985196877e-05,1.0,17.497795547090966,0.0571500562633017
4.0,18.4801,18.336138439127005,0.0545371100529065,1.448030726605267e-05,1.0,18.001455037073313,0.0555510650633817
5.0,18.4801,21.27786986580637,0.0469971856349683,9.012775695218154e-06,1.0,18.536179375957087,0.0539485500068628
6.0,18.4801,24.065268612408264,0.0415536604268107,5.993008761726835e-06,1.5,19.07256144529839,0.0524313424218387
7.5,18.4801,25.96935048136864,0.0385069314967055,3.645410553835524e-06,1.5,19.716526158411583,0.0507188736984163
9.0,18.4801,26.71208686917873,0.037436236445975,2.108177825039988e-06,nan,20.189442958103253,0.0495308365899535
nan,nan,nan,nan,1.326647031804365e-06,nan,20.6585673164436,0.0484060673076796
nan,nan,nan,nan,8.971394407722335e-07,nan,21.06378616261534,0.0474748457983698
nan,nan,nan,nan,5.554553018647356e-07,nan,21.57026995766488,0.0463601059218387
Name:	33.59818286283781_10_80_1
Lambda:	33.59818286283781	Maximal Depth:	10	Filter time:	10 to 80 [us]
Chi2:	5.023264613411546	RelRMS:	9.379781849901883	AbsRMS:	5.14670485733596e-06	Phi model:	0.1082703696117626
depth_vector,start_model,resistivity_model,conductivity_model,E/I[V/A],modelled_thickness,rhoa,sigma
0.0,18.4801,11.107861724928116,0.0900263277274881,0.0001068576231334,1.0,15.558152804046555,0.0642749825506217
1.0,18.4801,11.840143772666073,0.0844584338839348,6.568045102192156e-05,1.0,16.063691825979298,0.0622521902706532
2.0,18.4801,13.294474283080534,0.0752192210618413,4.266883924299568e-05,1.0,16.718583571519595,0.0598136795334455
3.0,18.4801,15.379611503838468,0.0650211482748064,2.53919965863882e-05,1.0,17.49176454675934,0.0571697610796657
4.0,18.4801,17.924828948772724,0.0557885379468833,1.4488995498686254e-05,1.0,17.994258013461945,0.0555732833913949
5.0,18.4801,20.69907853444186,0.0483113293345917,9.018195677428514e-06,1.0,18.52875173875516,0.0539701764101235
6.0,18.4801,23.44704433448517,0.0426492988086021,5.996781317213737e-06,1.5,19.06456161574624,0.0524533435468066
7.5,18.4801,25.580903000132857,0.0390916614630377,3.6472999093140034e-06,1.5,19.709716601657902,0.0507363966824304
9.0,18.4801,26.82614550439164,0.0372770661307377,2.1084590539350306e-06,nan,20.187647656157846,0.0495352414026787
nan,nan,nan,nan,1.326381743870162e-06,nan,20.661321820566453,0.0483996139590929
nan,nan,nan,nan,8.967479751644297e-07,nan,21.06991582837469,0.0474610344030567
nan,nan,nan,nan,5.550246371191847e-07,nan,21.581426644248378,0.0463361397040222
Name:	42.81332398719393_10_80_1
Lambda:	42.81332398719393	Maximal Depth:	10	Filter time:	10 to 80 [us]
Chi2:	5.047184419352744	RelRMS:	9.37926107290828	AbsRMS:	5.191878669016926e-06	Phi model:	0.1011280179205857
depth_vector,start_model,resistivity_model,conductivity_model,E/I[V/A],modelled_thickness,rhoa,sigma
0.0,18.4801,11.350202302177449,0.0881041565054887,0.0001066838755566,1.0,15.575040442838857,0.0642052907451539
1.0,18.4801,12.01413640179364,0.0832352793872646,6.562181837488977e-05,1.0,16.073258934346093,0.0622151365870895
2.0,18.4801,13.335202349837092,0.0749894882556631,4.265830988646159e-05,1.0,16.721334558554382,0.0598038390116663
3.0,18.4801,15.241966402851585,0.0656083325188876,2.540041599305315e-05,1.0,17.48789903484212,0.0571823978402233
4.0,18.4801,17.601935616532746,0.0568119337432834,1.4495738636585063e-05,1.0,17.988677192988185,0.0555905244878033
5.0,18.4801,20.23576710153548,0.0494174495576261,9.022928337314642e-06,1.0,18.52227210195936,0.0539890567688084
6.0,18.4801,22.94255484181533,0.0435871247511366,6.000384906873757e-06,1.5,19.056927912630112,0.0524743549739327
7.5,18.4801,25.252029732408552,0.0396007770700743,3.649386987281608e-06,1.5,19.70220125048349,0.0507557499431927
9.0,18.4801,26.90581091503944,0.0371666924724069,2.1091173447394103e-06,nan,20.18344683592768,0.049545551269268
nan,nan,nan,nan,1.3264956788936582e-06,nan,20.660138712359004,0.0484023855755525
nan,nan,nan,nan,8.966872262927132e-07,nan,21.07086744905431,0.0474588909269077
nan,nan,nan,nan,5.548584170589596e-07,nan,21.585736556882765,0.0463268880061052
Name:	54.5559478116852_10_80_1
Lambda:	54.5559478116852	Maximal Depth:	10	Filter time:	10 to 80 [us]
Chi2:	5.068844877588807	RelRMS:	9.394256873586508	AbsRMS:	5.237552543110128e-06	Phi model:	0.0960577776486139
depth_vector,start_model,resistivity_model,conductivity_model,E/I[V/A],modelled_thickness,rhoa,sigma
0.0,18.4801,11.56038586209812,0.0865023029446274,0.0001065064394783,1.0,15.59233396574744,0.06413408038827
1.0,18.4801,12.167875804941104,0.0821836133135023,6.55565778599964e-05,1.0,16.08392101048786,0.0621738939993505
2.0,18.4801,13.379660974960052,0.0747403093300714,4.2641427956833735e-05,1.0,16.725747634187883,0.0597880598147955
3.0,18.4801,15.140776390561625,0.066046811220551,2.5404590342501367e-05,1.0,17.4859833022907,0.0571886626398069
4.0,18.4801,17.348755555891934,0.0576410219613926,1.4500889092821775e-05,1.0,17.984417436706618,0.055603691557947
5.0,18.4801,19.864330741818083,0.0503414896276779,9.027228340949312e-06,1.0,18.51638973816427,0.0540062082371755
6.0,18.4801,22.52953432134988,0.0443861815222856,6.004017389814349e-06,1.5,19.04924073218527,0.052495530612431
7.5,18.4801,24.97103206945666,0.0400464024561944,3.6517993755910014e-06,1.5,19.693523410763493,0.0507781151773709
9.0,18.4801,26.952020282944027,0.0371029700000941,2.1102147568541284e-06,nan,20.1764486605838,0.0495627360801891
nan,nan,nan,nan,1.32702176749823e-06,nan,20.654677972076225,0.0484151823307017
nan,nan,nan,nan,8.969772564869255e-07,nan,21.066325143501377,0.0474691239781079
nan,nan,nan,nan,5.549665701449792e-07,nan,21.582932015753894,0.0463329078398651
Name:	69.51927961775606_10_80_1
Lambda:	69.51927961775606	Maximal Depth:	10	Filter time:	10 to 80 [us]
Chi2:	5.0893560148963	RelRMS:	9.4243074791648	AbsRMS:	5.285999446244694e-06	Phi model:	0.0922920810027305
depth_vector,start_model,resistivity_model,conductivity_model,E/I[V/A],modelled_thickness,rhoa,sigma
0.0,18.4801,11.74402012563734,0.0851497178395486,0.0001063163529805,1.0,15.61091379577615,0.0640577491543493
1.0,18.4801,12.304691597089947,0.0812698142094434,6.548067826729163e-05,1.0,16.09634734625089,0.0621258959246376
2.0,18.4801,13.426377456896626,0.0744802537549946,4.261640128086844e-05,1.0,16.73229517448734,0.0597646640566534
3.0,18.4801,15.067921720863067,0.0663661531115733,2.540390978255056e-05,1.0,17.486295595605775,0.0571876412892903
4.0,18.4801,17.150697263250528,0.0583066673413179,1.450417415886155e-05,1.0,17.981701794127872,0.055612088969608
5.0,18.4801,19.56655188612781,0.0511076251870915,9.030955379709384e-06,1.0,18.511294961587435,0.0540210721116533
6.0,18.4801,22.19101471189425,0.0450632840806511,6.007609075486044e-06,1.5,19.041647505729955,0.0525164642239639
7.5,18.4801,24.729116852884708,0.040438160648804,3.654500229536794e-06,1.5,19.683819232206066,0.05080314893178
9.0,18.4801,26.966525481937925,0.037083012443327,2.111719576268392e-06,nan,20.16686231236426,0.0495862958010529
nan,nan,nan,nan,1.3279345826188714e-06,nan,20.64521161066365,0.0484373819391359
nan,nan,nan,nan,8.975988343280416e-07,nan,21.056598546903,0.0474910512147784
nan,nan,nan,nan,5.55334947984255e-07,nan,21.57338636148527,0.046353408929128
Name:	88.58667904100822_10_80_1
Lambda:	88.58667904100822	Maximal Depth:	10	Filter time:	10 to 80 [us]
Chi2:	5.110352237966596	RelRMS:	9.475877723652973	AbsRMS:	5.338351989330636e-06	Phi model:	0.0892650512414908
depth_vector,start_model,resistivity_model,conductivity_model,E/I[V/A],modelled_thickness,rhoa,sigma
0.0,18.4801,11.90322930813766,0.0840108153941341,0.000106110078816,1.0,15.63113861534544,0.0639748661059327
1.0,18.4801,12.426665707945098,0.0804721092127425,6.539387460698479e-05,1.0,16.110588363434747,0.0620709794975359
2.0,18.4801,13.476423337927333,0.0742036647947718,4.25842687994448e-05,1.0,16.740711155108112,0.0597346188423344
3.0,18.4801,15.021354408965076,0.0665718931046043,2.539977182928953e-05,1.0,17.48819470739962,0.0571814310585688
4.0,18.4801,17.000549148903385,0.0588216293039277,1.450669374861328e-05,1.0,17.979619637023802,0.0556185292118633
5.0,18.4801,19.3297163365443,0.0517338166059593,9.034953452735304e-06,1.0,18.50583358178304,0.0540370146300456
6.0,18.4801,21.910973421846247,0.045639232029872,6.011822100238996e-06,1.5,19.03275033570229,0.0525410139029757
7.5,18.4801,24.51343536906681,0.0407939558427574,3.6579573258577776e-06,1.5,19.67141529995635,0.0508351831706902
9.0,18.4801,26.944905472786576,0.0371127670501559,2.1139272720007022e-06,nan,20.15281892510045,0.0496208497539018
nan,nan,nan,nan,1.3294335441017543e-06,nan,20.62969011506053,0.0484738255602762
nan,nan,nan,nan,8.986953981445013e-07,nan,21.039466600400026,0.0475297220691415
nan,nan,nan,nan,5.560579996710009e-07,nan,21.55468081170609,0.046393635272804
Name:	112.88378916846884_10_80_1
Lambda:	112.88378916846884	Maximal Depth:	10	Filter time:	10 to 80 [us]
Chi2:	5.134454840055271	RelRMS:	9.550163219553552	AbsRMS:	5.397299394192802e-06	Phi model:	0.086538243354677
depth_vector,start_model,resistivity_model,conductivity_model,E/I[V/A],modelled_thickness,rhoa,sigma
0.0,18.4801,12.05029481322082,0.0829855215577683,0.0001058775685522,1.0,15.6540145420786,0.0638813767108725
1.0,18.4801,12.541728503693426,0.0797338261393163,6.529215160793696e-05,1.0,16.12731719512065,0.0620065934030585
2.0,18.4801,13.529760109293,0.0739111404727082,4.254367725026781e-05,1.0,16.751357835278295,0.0596966532404915
3.0,18.4801,14.991861098078571,0.0667028592019282,2.5392068229978755e-05,1.0,17.491731644794434,0.0571698686160441
4.0,18.4801,16.88157518177016,0.0592361784509224,1.4508519387558152e-05,1.0,17.978111328634906,0.0556231954358428
5.0,18.4801,19.13347451278544,0.0522644227179844,9.039321554580274e-06,1.0,18.49987134393787,0.0540544299691946
6.0,18.4801,21.67047068338778,0.0461457443453954,6.016762298975638e-06,1.5,19.0223307294802,0.0525697935873984
7.5,18.4801,24.3133154589136,0.0411297258775699,3.662247108109186e-06,1.5,19.65605085865138,0.0508749192394291
9.0,18.4801,26.889485266296862,0.0371892578119892,2.11686907347207e-06,nan,20.134143755853287,0.0496668749426846
nan,nan,nan,nan,1.3315313533990444e-06,nan,20.60801655985264,0.0485248057276964
nan,nan,nan,nan,9.002730678405615e-07,nan,21.01487922243073,0.0475853317744803
nan,nan,nan,nan,5.57136617225574e-07,nan,21.52685189193128,0.0464536108215071
Name:	143.8449888287663_10_80_1
Lambda:	143.8449888287663	Maximal Depth:	10	Filter time:	10 to 80 [us]
Chi2:	5.164731807411831	RelRMS:	9.65176958516513	AbsRMS:	5.465925480850359e-06	Phi model:	0.0838522767364844
depth_vector,start_model,resistivity_model,conductivity_model,E/I[V/A],modelled_thickness,rhoa,sigma
0.0,18.4801,12.188038065610131,0.0820476597313564,0.0001056071459414,1.0,15.680726086237849,0.0637725571188726
1.0,18.4801,12.652477190513364,0.0790359061662474,6.516983244423061e-05,1.0,16.147490776419495,0.0619291265649967
2.0,18.4801,13.588344356827209,0.0735924829206708,4.249190041377418e-05,1.0,16.76496287938121,0.0596482084210203
3.0,18.4801,14.979797404942726,0.0667565770729342,2.5379843590534828e-05,1.0,17.49734799016162,0.0571515180793271
4.0,18.4801,16.79150326304894,0.0595539294090827,1.4509412756306056e-05,1.0,17.977373359524808,0.0556254787616222
5.0,18.4801,18.97254206629189,0.052707749784183,9.04407895061254e-06,1.0,18.493383199756806,0.054073394207997
6.0,18.4801,21.46196215929816,0.0465940622100463,6.02254694096747e-06,1.5,19.01014817650289,0.0526034826617516
7.5,18.4801,24.1217788334684,0.0414563124429498,3.667513319171119e-06,1.5,19.63723016794028,0.0509236787188347
9.0,18.4801,26.796628323874096,0.0373181277850939,2.120662451940809e-06,nan,20.110126350208848,0.0497261917993675
nan,nan,nan,nan,1.3343205624757184e-06,nan,20.57928777570654,0.0485925465885404
nan,nan,nan,nan,9.024056143279732e-07,nan,20.98175821358856,0.0476604481769484
nan,nan,nan,nan,5.586243381231128e-07,nan,21.48861489047068,0.0465362707227564
Name:	183.29807108324357_10_80_1
Lambda:	183.2980710832436	Maximal Depth:	10	Filter time:	10 to 80 [us]
Chi2:	5.20590654932307	RelRMS:	9.787454932006888	AbsRMS:	5.546755384849842e-06	Phi model:	0.0809863582105496
depth_vector,start_model,resistivity_model,conductivity_model,E/I[V/A],modelled_thickness,rhoa,sigma
0.0,18.4801,12.322360125667698,0.0811532847442903,0.0001052901514112,1.0,15.71218337176856,0.063644878393972
1.0,18.4801,12.763597916799204,0.0783478143481642,6.502351621967605e-05,1.0,16.171705141089934,0.0618363982817833
2.0,18.4801,13.654320802686687,0.073236890684686,4.242793163740142e-05,1.0,16.781809719261872,0.0595883290734858
3.0,18.4801,14.983689480287849,0.0667392367758003,2.536329384384732e-05,1.0,17.504958599835398,0.0571266703829509
4.0,18.4801,16.72480524285265,0.0597914286880769,1.4509808973622072e-05,1.0,17.977046087628835,0.0556264914227574
5.0,18.4801,18.837874167930032,0.0530845461162714,9.049668692664796e-06,1.0,18.48576716503294,0.0540956721499536
6.0,18.4801,21.27447000765672,0.0470046962222841,6.029579232143085e-06,1.5,18.99536429284205,0.0526444233752771
7.5,18.4801,23.92970530980116,0.0417890645561113,3.674072907707841e-06,1.5,19.61385002766252,0.0509843808629944
9.0,18.4801,26.66296924486635,0.0375052002204345,2.12552043968754e-06,nan,20.07947283814697,0.049802104271393
nan,nan,nan,nan,1.3379513894809342e-06,nan,20.542039950404146,0.0486806569558991
nan,nan,nan,nan,9.052047208764872e-07,nan,20.9384821935826,0.0477589536220771
nan,nan,nan,nan,5.605971607442465e-07,nan,21.43817090901261,0.046645770492463
Name:	233.57214690901213_10_80_1
Lambda:	233.57214690901213	Maximal Depth:	10	Filter time:	10 to 80 [us]
Chi2:	5.264764284426488	RelRMS:	9.96248185082284	AbsRMS:	5.645394689358477e-06	Phi model:	0.0777705765158023
depth_vector,start_model,resistivity_model,conductivity_model,E/I[V/A],modelled_thickness,rhoa,sigma
0.0,18.4801,12.459639678564704,0.0802591427840709,0.0001049056562609,1.0,15.750551648974424,0.0634898397393664
1.0,18.4801,12.880255841917975,0.0776382093859939,6.484220112677104e-05,1.0,16.201837877164564,0.0617213928186156
2.0,18.4801,13.730610558001336,0.0728299732758251,4.234582455638094e-05,1.0,16.803495611915288,0.0595114268539996
3.0,18.4801,15.00366437019886,0.066650384554473,2.5339722791948017e-05,1.0,17.515812345132435,0.0570912716062464
4.0,18.4801,16.678856350650296,0.0599561492092958,1.4508568051046408e-05,1.0,17.978071128109008,0.0556233198141308
5.0,18.4801,18.72465989029084,0.0534055094116034,9.055600856873692e-06,1.0,18.4776931502614,0.0541193098006313
6.0,18.4801,21.101934314528915,0.0473890206032671,6.037670531410814e-06,1.5,18.97838958645032,0.052691509753491
7.5,18.4801,23.73152512292692,0.0421380419008091,3.68190757956306e-06,1.5,19.586016153502023,0.0510568352523898
9.0,18.4801,26.485101553638373,0.0377570762934313,2.131479816544541e-06,nan,20.042028750696183,0.0498951484622166
nan,nan,nan,nan,1.342472821132169e-06,nan,20.495890465428268,0.0487902685509938
nan,nan,nan,nan,9.087189831424422e-07,nan,20.884464153744407,0.0478824830092999
nan,nan,nan,nan,5.63096200098458e-07,nan,21.37469503052532,0.0467842932295358
Name:	297.63514416313194_10_80_1
Lambda:	297.63514416313194	Maximal Depth:	10	Filter time:	10 to 80 [us]
Chi2:	5.350849196473601	RelRMS:	10.171024913617597	AbsRMS:	5.776020107886204e-06	Phi model:	0.0740866600688934
depth_vector,start_model,resistivity_model,conductivity_model,E/I[V/A],modelled_thickness,rhoa,sigma
0.0,18.4801,12.60898703006846,0.079308512064872,0.0001043992517233,1.0,15.801444200396944,0.0632853546370704
1.0,18.4801,13.009773128904625,0.0768652912000623,6.459375405001002e-05,1.0,16.2433560631443,0.0615636323006531
2.0,18.4801,13.821704422854117,0.0723499772102278,4.222558742399186e-05,1.0,16.835379067940263,0.0593987219393418
3.0,18.4801,15.041685476656678,0.0664819113224983,2.5297905110857583e-05,1.0,17.535109568960483,0.0570284431966216
4.0,18.4801,16.65450228375671,0.0600438237638184,1.4499659483566983e-05,1.0,17.985434172932163,0.0556005482205698
5.0,18.4801,18.63426219561439,0.0536645878169167,9.058336354866548e-06,1.0,18.47397295007537,0.0541302080880182
6.0,18.4801,20.94718378870354,0.0477391142450033,6.044601119211419e-06,1.5,18.963880049684697,0.0527318247837486
7.5,18.4801,23.53065817264677,0.0424977487949083,3.689766883354993e-06,1.5,19.558193772593413,0.051129465820166
9.0,18.4801,26.26461753286956,0.0380740362485204,2.137873076910331e-06,nan,20.00205199122089,0.0499948705482272
nan,nan,nan,nan,1.3474954255886191e-06,nan,20.44492835906985,0.0489118857467835
nan,nan,nan,nan,9.127029680035888e-07,nan,20.823645507963377,0.0480223311339784
nan,nan,nan,nan,5.659827369780301e-07,nan,21.30195852560833,0.0469440403237027
Name:	379.26901907322497_10_80_1
Lambda:	379.26901907322497	Maximal Depth:	10	Filter time:	10 to 80 [us]
Chi2:	5.477715217352742	RelRMS:	10.459341937891915	AbsRMS:	5.918005769885043e-06	Phi model:	0.0698082316294412
depth_vector,start_model,resistivity_model,conductivity_model,E/I[V/A],modelled_thickness,rhoa,sigma
0.0,18.4801,12.770366842747448,0.0783062861320949,0.0001038589817615,1.0,15.856195755587695,0.0630668298635
1.0,18.4801,13.152817538271384,0.0760293372192119,6.433576559333757e-05,1.0,16.28675134066001,0.0613995989183853
2.0,18.4801,13.92798507153086,0.0717978943015974,4.210675946030756e-05,1.0,16.867037865509896,0.0592872327656786
3.0,18.4801,15.094340321624838,0.0662499969321186,2.5262708891006964e-05,1.0,17.551392498216025,0.0569755362773434
4.0,18.4801,16.639878838662753,0.0600965914292897,1.4497739980880294e-05,1.0,17.987021653808323,0.0555956410820394
5.0,18.4801,18.54336064435914,0.0539276574068141,9.06723434527225e-06,1.0,18.461884873745827,0.0541656503026987
6.0,18.4801,20.77652461742153,0.0481312451631819,6.056744504088592e-06,1.5,18.938523995339253,0.0528024253762383
7.5,18.4801,23.29385025468347,0.0429297857188267,3.7016176948098256e-06,1.5,19.516427471608893,0.0512388858798429
9.0,18.4801,25.98431238333992,0.038484759005636,2.147020545757732e-06,nan,19.94519853186968,0.0501373801018895
nan,nan,nan,nan,1.3544934681651248e-06,nan,20.374447909507325,0.04908108452516
nan,nan,nan,nan,9.181635293619908e-07,nan,20.741000969022224,0.0482136807906982
nan,nan,nan,nan,5.698861400407672e-07,nan,21.2045760996034,0.0471596317371656
Name:	483.2930238571752_10_80_1
Lambda:	483.2930238571752	Maximal Depth:	10	Filter time:	10 to 80 [us]
Chi2:	5.66052130788011	RelRMS:	10.824818789928424	AbsRMS:	6.079290442852541e-06	Phi model:	0.0649638063231625
depth_vector,start_model,resistivity_model,conductivity_model,E/I[V/A],modelled_thickness,rhoa,sigma
0.0,18.4801,12.95358414700111,0.0771987110788569,0.0001032543267726,1.0,15.918037843623722,0.0628218132048586
1.0,18.4801,13.3162521205436,0.0750962050693868,6.404986389595454e-05,1.0,16.335181862970387,0.061217561481018
2.0,18.4801,14.051674036636433,0.0711658979131408,4.197764702602908e-05,1.0,16.90160593736008,0.0591659753343056
3.0,18.4801,15.159812507849754,0.065963876497958,2.52273349130182e-05,1.0,17.567795804866126,0.0569223373898169
4.0,18.4801,16.6316855651103,0.0601261968358628,1.449899755910892e-05,1.0,17.985981562875864,0.0555988560593245
5.0,18.4801,18.450274582469945,0.0541997353768449,9.079963203629883e-06,1.0,18.44462682599729,0.0542163313703111
6.0,18.4801,20.592109740974195,0.0485622897594703,6.07257907201905e-06,1.5,18.90558754232786,0.0528944153553066
7.5,18.4801,23.02676275599753,0.0434277284478271,3.716556254952657e-06,1.5,19.46409533653814,0.0513766492975809
9.0,18.4801,25.650688957334268,0.0389853076329971,2.1584118571351336e-06,nan,19.874960999082298,0.0503145641415937
nan,nan,nan,nan,1.36315320727207e-06,nan,20.288067429522755,0.0492900569989639
nan,nan,nan,nan,9.248932670245492e-07,nan,20.64026767627995,0.048448984077334
nan,nan,nan,nan,5.746816959973053e-07,nan,21.086447304831967,0.0474238256233353
Name:	615.8482110660261_10_80_1
Lambda:	615.8482110660261	Maximal Depth:	10	Filter time:	10 to 80 [us]
Chi2:	5.925340620928967	RelRMS:	11.263715224479029	AbsRMS:	6.284702764783388e-06	Phi model:	0.0594487118554667
depth_vector,start_model,resistivity_model,conductivity_model,E/I[V/A],modelled_thickness,rhoa,sigma
0.0,18.4801,13.162883549623622,0.0759711955385789,0.0001024929918134,1.0,15.996768458535508,0.0625126257588871
1.0,18.4801,13.50626509072126,0.0740397136649565,6.368081863618678e-05,1.0,16.3982318658232,0.0609821844319798
2.0,18.4801,14.202523551389747,0.0704100223021385,4.180355571644437e-05,1.0,16.948498028091834,0.0590022784521978
3.0,18.4801,15.252110441362124,0.0655646970197714,2.5172259833745203e-05,1.0,17.59341117869229,0.0568394605141224
4.0,18.4801,16.647522126659933,0.0600689996019626,1.4493138939333473e-05,1.0,17.99082826676586,0.0555838778055195
5.0,18.4801,18.37404943674513,0.0544245841638023,9.09061969098342e-06,1.0,18.43020952104147,0.0542587429002538
6.0,18.4801,20.411013216208644,0.0489931582233207,6.088488217127649e-06,1.5,18.872639804162613,0.0529867580993855
7.5,18.4801,22.73865698540839,0.0439779711106821,3.732628611422032e-06,1.5,19.40818142213889,0.0515246626280657
9.0,18.4801,25.26009913670316,0.039588126498957,2.171071300875927e-06,nan,19.797625567492272,0.0505111078392148
nan,nan,nan,nan,1.3729455478496892e-06,nan,20.19148453662745,0.0495258284840817
nan,nan,nan,nan,9.325828030229664e-07,nan,20.52665274604249,0.0487171489853745
nan,nan,nan,nan,5.802146268014516e-07,nan,20.952179666440056,0.0477277312394251
Name:	784.7599703514607_10_80_1
Lambda:	784.7599703514607	Maximal Depth:	10	Filter time:	10 to 80 [us]
Chi2:	6.2898458422028165	RelRMS:	11.782292918646109	AbsRMS:	6.522418576324781e-06	Phi model:	0.0534733122577988
depth_vector,start_model,resistivity_model,conductivity_model,E/I[V/A],modelled_thickness,rhoa,sigma
0.0,18.4801,13.40603118895126,0.0745932920717178,0.0001016257305545,1.0,16.08764911556061,0.0621594860017652
1.0,18.4801,13.72741590372553,0.072846922320508,6.325893596044215e-05,1.0,16.47105913124238,0.0607125499357351
2.0,18.4801,14.379174967228195,0.069545019257302,4.1603402399243126e-05,1.0,17.002813839738128,0.0588137945533962
3.0,18.4801,15.362631947941068,0.0650930129282972,2.5107938875060903e-05,1.0,17.623445303661708,0.0567425939008773
4.0,18.4801,16.672257585620518,0.0599798794413109,1.4485473315746097e-05,1.0,17.99717479770162,0.0555642766845664
5.0,18.4801,18.29602962183968,0.0546566670840058,9.10212308565846e-06,1.0,18.414678005002205,0.0543045064229935
6.0,18.4801,20.216144954924783,0.0494654150051686,6.106183609094819e-06,1.5,18.83616090699102,0.0530893744716765
7.5,18.4801,22.42308237421324,0.0445969016797623,3.7506939847783895e-06,1.5,19.345811078827616,0.0516907766712566
9.0,18.4801,24.82549355764436,0.040281172967539,2.185382222347408e-06,nan,19.71110145382647,0.0507328320714351
nan,nan,nan,nan,1.3840508977231185e-06,nan,20.08333126830764,0.0497925362401427
nan,nan,nan,nan,9.41320538588175e-07,nan,20.39943069684431,0.0490209758723656
nan,nan,nan,nan,5.86514621093793e-07,nan,20.801872465962084,0.0480725954664077
Name:	1000.0_10_80_1
Lambda:	1000	Maximal Depth:	10	Filter time:	10 to 80 [us]
Chi2:	6.770918087435651	RelRMS:	12.35113148358291	AbsRMS:	6.8070583369358216e-06	Phi model:	0.0472312563317975
depth_vector,start_model,resistivity_model,conductivity_model,E/I[V/A],modelled_thickness,rhoa,sigma
0.0,18.4801,13.684221005817667,0.0730768671139455,0.0001006028309577,1.0,16.196514762197236,0.0617416780512561
1.0,18.4801,13.981887671410863,0.0715211009772826,6.27506131434438e-05,1.0,16.559890685026314,0.0603868720524957
2.0,18.4801,14.585802925181628,0.0685598184158619,4.135343411414921e-05,1.0,17.071262711552784,0.0585779749803312
3.0,18.4801,15.498404042739072,0.0645227726185455,2.501894493275086e-05,1.0,17.665212360363565,0.0566084335472669
4.0,18.4801,16.716317060376554,0.0598217894760051,1.446665320100995e-05,1.0,18.012780134696133,0.0555161386816577
5.0,18.4801,18.23013162202334,0.0548542391647862,9.108369911605228e-06,1.0,18.4062574392707,0.0543293498582959
6.0,18.4801,20.02451089483159,0.0499387977689934,6.121432023276946e-06,1.5,18.804867471241234,0.0531777212218764
7.5,18.4801,22.09847722745165,0.0452519868091978,3.7680643782976615e-06,1.5,19.286310490652934,0.0518502489361377
9.0,18.4801,24.364951259129885,0.0410425610691622,2.199745849686707e-06,nan,19.6252030669194,0.0509548867642352
nan,nan,nan,nan,1.3954404564079351e-06,nan,19.973902222454143,0.0500653296918528
nan,nan,nan,nan,9.5039712103836e-07,nan,20.269342556956506,0.0493355912847206
nan,nan,nan,nan,5.931338882982492e-07,nan,20.64681974386725,0.0484336092630939
Name:	200_10_80_1
Lambda:	200	Maximal Depth:	10	Filter time:	10 to 80 [us]
Chi2:	5.224613239226031	RelRMS:	9.845334271553137	AbsRMS:	5.580110706347648e-06	Phi model:	0.0798772240182817
depth_vector,start_model,resistivity_model,conductivity_model,E/I[V/A],modelled_thickness,rhoa,sigma
0.0,18.4801,12.371102123582292,0.0808335417499916,0.0001051597706518,1.0,15.72516769905246,0.0635923265899578
1.0,18.4801,12.80467605744984,0.0780964700327732,6.496231760869395e-05,1.0,16.181860059635355,0.0617975928795996
2.0,18.4801,13.680437674025164,0.0730970765576224,4.2400416182295245e-05,1.0,16.789069226680883,0.0595625633856353
3.0,18.4801,14.989054829881766,0.0667153473884442,2.535553944057425e-05,1.0,17.508527408160237,0.0571150261063033
4.0,18.4801,16.706130143882202,0.0598582670784592,1.4509485132020764e-05,1.0,17.97731357673144,0.0556256637417911
5.0,18.4801,18.795126101944124,0.0532052828257727,9.0517124100912e-06,1.0,18.48298455296344,0.0541038162497228
6.0,18.4801,21.211267386847773,0.0471447548023489,6.032328015578957e-06,1.5,18.98959337445643,0.0526604219627543
7.5,18.4801,23.85963573158124,0.0419117882288694,3.676716016979201e-06,1.5,19.60444892771532,0.0510088298675039
9.0,18.4801,26.604292522232257,0.0375879192864961,2.1275191462103875e-06,nan,20.066895039922485,0.0498333199037783
nan,nan,nan,nan,1.339462876579389e-06,nan,20.52658357045491,0.0487173131645422
nan,nan,nan,nan,9.063775269702612e-07,nan,20.920416080440127,0.0478001965235751
nan,nan,nan,nan,5.614295361884427e-07,nan,21.41697618115794,0.0466919322102889
Name:	200_10_80_2
Lambda:	200	Maximal Depth:	10	Filter time:	10 to 80 [us]
Chi2:	5.224613239226031	RelRMS:	9.845334271553137	AbsRMS:	5.580110706347648e-06	Phi model:	0.0798772240182817
depth_vector,start_model,resistivity_model,conductivity_model,E/I[V/A],modelled_thickness,rhoa,sigma
0.0,18.4801,12.371102123582292,0.0808335417499916,0.0001051597706518,1.0,15.72516769905246,0.0635923265899578
1.0,18.4801,12.80467605744984,0.0780964700327732,6.496231760869395e-05,1.0,16.181860059635355,0.0617975928795996
2.0,18.4801,13.680437674025164,0.0730970765576224,4.2400416182295245e-05,1.0,16.789069226680883,0.0595625633856353
3.0,18.4801,14.989054829881766,0.0667153473884442,2.535553944057425e-05,1.0,17.508527408160237,0.0571150261063033
4.0,18.4801,16.706130143882202,0.0598582670784592,1.4509485132020764e-05,1.0,17.97731357673144,0.0556256637417911
5.0,18.4801,18.795126101944124,0.0532052828257727,9.0517124100912e-06,1.0,18.48298455296344,0.0541038162497228
6.0,18.4801,21.211267386847773,0.0471447548023489,6.032328015578957e-06,1.5,18.98959337445643,0.0526604219627543
7.5,18.4801,23.85963573158124,0.0419117882288694,3.676716016979201e-06,1.5,19.60444892771532,0.0510088298675039
9.0,18.4801,26.604292522232257,0.0375879192864961,2.1275191462103875e-06,nan,20.066895039922485,0.0498333199037783
nan,nan,nan,nan,1.339462876579389e-06,nan,20.52658357045491,0.0487173131645422
nan,nan,nan,nan,9.063775269702612e-07,nan,20.920416080440127,0.0478001965235751
nan,nan,nan,nan,5.614295361884427e-07,nan,21.41697618115794,0.0466919322102889
Name:	200_10_80_3
Lambda:	200	Maximal Depth:	10	Filter time:	10 to 80 [us]
Chi2:	5.224613239226031	RelRMS:	9.845334271553137	AbsRMS:	5.580110706347648e-06	Phi model:	0.0798772240182817
depth_vector,start_model,resistivity_model,conductivity_model,E/I[V/A],modelled_thickness,rhoa,sigma
0.0,18.4801,12.371102123582292,0.0808335417499916,0.0001051597706518,1.0,15.72516769905246,0.0635923265899578
1.0,18.4801,12.80467605744984,0.0780964700327732,6.496231760869395e-05,1.0,16.181860059635355,0.0617975928795996
2.0,18.4801,13.680437674025164,0.0730970765576224,4.2400416182295245e-05,1.0,16.789069226680883,0.0595625633856353
3.0,18.4801,14.989054829881766,0.0667153473884442,2.535553944057425e-05,1.0,17.508527408160237,0.0571150261063033
4.0,18.4801,16.706130143882202,0.0598582670784592,1.4509485132020764e-05,1.0,17.97731357673144,0.0556256637417911
5.0,18.4801,18.795126101944124,0.0532052828257727,9.0517124100912e-06,1.0,18.48298455296344,0.0541038162497228
6.0,18.4801,21.211267386847773,0.0471447548023489,6.032328015578957e-06,1.5,18.98959337445643,0.0526604219627543
7.5,18.4801,23.85963573158124,0.0419117882288694,3.676716016979201e-06,1.5,19.60444892771532,0.0510088298675039
9.0,18.4801,26.604292522232257,0.0375879192864961,2.1275191462103875e-06,nan,20.066895039922485,0.0498333199037783
nan,nan,nan,nan,1.339462876579389e-06,nan,20.52658357045491,0.0487173131645422
nan,nan,nan,nan,9.063775269702612e-07,nan,20.920416080440127,0.0478001965235751
nan,nan,nan,nan,5.614295361884427e-07,nan,21.41697618115794,0.0466919322102889
Name:	200_10_80_4
Lambda:	200	Maximal Depth:	10	Filter time:	10 to 80 [us]
Chi2:	5.224613239226031	RelRMS:	9.845334271553137	AbsRMS:	5.580110706347648e-06	Phi model:	0.0798772240182817
depth_vector,start_model,resistivity_model,conductivity_model,E/I[V/A],modelled_thickness,rhoa,sigma
0.0,18.4801,12.371102123582292,0.0808335417499916,0.0001051597706518,1.0,15.72516769905246,0.0635923265899578
1.0,18.4801,12.80467605744984,0.0780964700327732,6.496231760869395e-05,1.0,16.181860059635355,0.0617975928795996
2.0,18.4801,13.680437674025164,0.0730970765576224,4.2400416182295245e-05,1.0,16.789069226680883,0.0595625633856353
3.0,18.4801,14.989054829881766,0.0667153473884442,2.535553944057425e-05,1.0,17.508527408160237,0.0571150261063033
4.0,18.4801,16.706130143882202,0.0598582670784592,1.4509485132020764e-05,1.0,17.97731357673144,0.0556256637417911
5.0,18.4801,18.795126101944124,0.0532052828257727,9.0517124100912e-06,1.0,18.48298455296344,0.0541038162497228
6.0,18.4801,21.211267386847773,0.0471447548023489,6.032328015578957e-06,1.5,18.98959337445643,0.0526604219627543
7.5,18.4801,23.85963573158124,0.0419117882288694,3.676716016979201e-06,1.5,19.60444892771532,0.0510088298675039
9.0,18.4801,26.604292522232257,0.0375879192864961,2.1275191462103875e-06,nan,20.066895039922485,0.0498333199037783
nan,nan,nan,nan,1.339462876579389e-06,nan,20.52658357045491,0.0487173131645422
nan,nan,nan,nan,9.063775269702612e-07,nan,20.920416080440127,0.0478001965235751
nan,nan,nan,nan,5.614295361884427e-07,nan,21.41697618115794,0.0466919322102889
Name:	200_10_80_5
Lambda:	200	Maximal Depth:	10	Filter time:	10 to 80 [us]
Chi2:	5.224613239226031	RelRMS:	9.845334271553137	AbsRMS:	5.580110706347648e-06	Phi model:	0.0798772240182817
depth_vector,start_model,resistivity_model,conductivity_model,E/I[V/A],modelled_thickness,rhoa,sigma
0.0,18.4801,12.371102123582292,0.0808335417499916,0.0001051597706518,1.0,15.72516769905246,0.0635923265899578
1.0,18.4801,12.80467605744984,0.0780964700327732,6.496231760869395e-05,1.0,16.181860059635355,0.0617975928795996
2.0,18.4801,13.680437674025164,0.0730970765576224,4.2400416182295245e-05,1.0,16.789069226680883,0.0595625633856353
3.0,18.4801,14.989054829881766,0.0667153473884442,2.535553944057425e-05,1.0,17.508527408160237,0.0571150261063033
4.0,18.4801,16.706130143882202,0.0598582670784592,1.4509485132020764e-05,1.0,17.97731357673144,0.0556256637417911
5.0,18.4801,18.795126101944124,0.0532052828257727,9.0517124100912e-06,1.0,18.48298455296344,0.0541038162497228
6.0,18.4801,21.211267386847773,0.0471447548023489,6.032328015578957e-06,1.5,18.98959337445643,0.0526604219627543
7.5,18.4801,23.85963573158124,0.0419117882288694,3.676716016979201e-06,1.5,19.60444892771532,0.0510088298675039
9.0,18.4801,26.604292522232257,0.0375879192864961,2.1275191462103875e-06,nan,20.066895039922485,0.0498333199037783
nan,nan,nan,nan,1.339462876579389e-06,nan,20.52658357045491,0.0487173131645422
nan,nan,nan,nan,9.063775269702612e-07,nan,20.920416080440127,0.0478001965235751
nan,nan,nan,nan,5.614295361884427e-07,nan,21.41697618115794,0.0466919322102889
Name:	200_10_80_6
Lambda:	200	Maximal Depth:	10	Filter time:	10 to 80 [us]
Chi2:	5.224613239226031	RelRMS:	9.845334271553137	AbsRMS:	5.580110706347648e-06	Phi model:	0.0798772240182817
depth_vector,start_model,resistivity_model,conductivity_model,E/I[V/A],modelled_thickness,rhoa,sigma
0.0,18.4801,12.371102123582292,0.0808335417499916,0.0001051597706518,1.0,15.72516769905246,0.0635923265899578
1.0,18.4801,12.80467605744984,0.0780964700327732,6.496231760869395e-05,1.0,16.181860059635355,0.0617975928795996
2.0,18.4801,13.680437674025164,0.0730970765576224,4.2400416182295245e-05,1.0,16.789069226680883,0.0595625633856353
3.0,18.4801,14.989054829881766,0.0667153473884442,2.535553944057425e-05,1.0,17.508527408160237,0.0571150261063033
4.0,18.4801,16.706130143882202,0.0598582670784592,1.4509485132020764e-05,1.0,17.97731357673144,0.0556256637417911
5.0,18.4801,18.795126101944124,0.0532052828257727,9.0517124100912e-06,1.0,18.48298455296344,0.0541038162497228
6.0,18.4801,21.211267386847773,0.0471447548023489,6.032328015578957e-06,1.5,18.98959337445643,0.0526604219627543
7.5,18.4801,23.85963573158124,0.0419117882288694,3.676716016979201e-06,1.5,19.60444892771532,0.0510088298675039
9.0,18.4801,26.604292522232257,0.0375879192864961,2.1275191462103875e-06,nan,20.066895039922485,0.0498333199037783
nan,nan,nan,nan,1.339462876579389e-06,nan,20.52658357045491,0.0487173131645422
nan,nan,nan,nan,9.063775269702612e-07,nan,20.920416080440127,0.0478001965235751
nan,nan,nan,nan,5.614295361884427e-07,nan,21.41697618115794,0.0466919322102889
Name:	200_10_80_7
Lambda:	200	Maximal Depth:	10	Filter time:	10 to 80 [us]
Chi2:	5.224613239226031	RelRMS:	9.845334271553137	AbsRMS:	5.580110706347648e-06	Phi model:	0.0798772240182817
depth_vector,start_model,resistivity_model,conductivity_model,E/I[V/A],modelled_thickness,rhoa,sigma
0.0,18.4801,12.371102123582292,0.0808335417499916,0.0001051597706518,1.0,15.72516769905246,0.0635923265899578
1.0,18.4801,12.80467605744984,0.0780964700327732,6.496231760869395e-05,1.0,16.181860059635355,0.0617975928795996
2.0,18.4801,13.680437674025164,0.0730970765576224,4.2400416182295245e-05,1.0,16.789069226680883,0.0595625633856353
3.0,18.4801,14.989054829881766,0.0667153473884442,2.535553944057425e-05,1.0,17.508527408160237,0.0571150261063033
4.0,18.4801,16.706130143882202,0.0598582670784592,1.4509485132020764e-05,1.0,17.97731357673144,0.0556256637417911
5.0,18.4801,18.795126101944124,0.0532052828257727,9.0517124100912e-06,1.0,18.48298455296344,0.0541038162497228
6.0,18.4801,21.211267386847773,0.0471447548023489,6.032328015578957e-06,1.5,18.98959337445643,0.0526604219627543
7.5,18.4801,23.85963573158124,0.0419117882288694,3.676716016979201e-06,1.5,19.60444892771532,0.0510088298675039
9.0,18.4801,26.604292522232257,0.0375879192864961,2.1275191462103875e-06,nan,20.066895039922485,0.0498333199037783
nan,nan,nan,nan,1.339462876579389e-06,nan,20.52658357045491,0.0487173131645422
nan,nan,nan,nan,9.063775269702612e-07,nan,20.920416080440127,0.0478001965235751
nan,nan,nan,nan,5.614295361884427e-07,nan,21.41697618115794,0.0466919322102889
Name:	200_10_80_8
Lambda:	200	Maximal Depth:	10	Filter time:	10 to 80 [us]
Chi2:	5.224613239226031	RelRMS:	9.845334271553137	AbsRMS:	5.580110706347648e-06	Phi model:	0.0798772240182817
depth_vector,start_model,resistivity_model,conductivity_model,E/I[V/A],modelled_thickness,rhoa,sigma
0.0,18.4801,12.371102123582292,0.0808335417499916,0.0001051597706518,1.0,15.72516769905246,0.0635923265899578
1.0,18.4801,12.80467605744984,0.0780964700327732,6.496231760869395e-05,1.0,16.181860059635355,0.0617975928795996
2.0,18.4801,13.680437674025164,0.0730970765576224,4.2400416182295245e-05,1.0,16.789069226680883,0.0595625633856353
3.0,18.4801,14.989054829881766,0.0667153473884442,2.535553944057425e-05,1.0,17.508527408160237,0.0571150261063033
4.0,18.4801,16.706130143882202,0.0598582670784592,1.4509485132020764e-05,1.0,17.97731357673144,0.0556256637417911
5.0,18.4801,18.795126101944124,0.0532052828257727,9.0517124100912e-06,1.0,18.48298455296344,0.0541038162497228
6.0,18.4801,21.211267386847773,0.0471447548023489,6.032328015578957e-06,1.5,18.98959337445643,0.0526604219627543
7.5,18.4801,23.85963573158124,0.0419117882288694,3.676716016979201e-06,1.5,19.60444892771532,0.0510088298675039
9.0,18.4801,26.604292522232257,0.0375879192864961,2.1275191462103875e-06,nan,20.066895039922485,0.0498333199037783
nan,nan,nan,nan,1.339462876579389e-06,nan,20.52658357045491,0.0487173131645422
nan,nan,nan,nan,9.063775269702612e-07,nan,20.920416080440127,0.0478001965235751
nan,nan,nan,nan,5.614295361884427e-07,nan,21.41697618115794,0.0466919322102889
Name:	200_10_80_9
Lambda:	200	Maximal Depth:	10	Filter time:	10 to 80 [us]
Chi2:	5.224613239226031	RelRMS:	9.845334271553137	AbsRMS:	5.580110706347648e-06	Phi model:	0.0798772240182817
depth_vector,start_model,resistivity_model,conductivity_model,E/I[V/A],modelled_thickness,rhoa,sigma
0.0,18.4801,12.371102123582292,0.0808335417499916,0.0001051597706518,1.0,15.72516769905246,0.0635923265899578
1.0,18.4801,12.80467605744984,0.0780964700327732,6.496231760869395e-05,1.0,16.181860059635355,0.0617975928795996
2.0,18.4801,13.680437674025164,0.0730970765576224,4.2400416182295245e-05,1.0,16.789069226680883,0.0595625633856353
3.0,18.4801,14.989054829881766,0.0667153473884442,2.535553944057425e-05,1.0,17.508527408160237,0.0571150261063033
4.0,18.4801,16.706130143882202,0.0598582670784592,1.4509485132020764e-05,1.0,17.97731357673144,0.0556256637417911
5.0,18.4801,18.795126101944124,0.0532052828257727,9.0517124100912e-06,1.0,18.48298455296344,0.0541038162497228
6.0,18.4801,21.211267386847773,0.0471447548023489,6.032328015578957e-06,1.5,18.98959337445643,0.0526604219627543
7.5,18.4801,23.85963573158124,0.0419117882288694,3.676716016979201e-06,1.5,19.60444892771532,0.0510088298675039
9.0,18.4801,26.604292522232257,0.0375879192864961,2.1275191462103875e-06,nan,20.066895039922485,0.0498333199037783
nan,nan,nan,nan,1.339462876579389e-06,nan,20.52658357045491,0.0487173131645422
nan,nan,nan,nan,9.063775269702612e-07,nan,20.920416080440127,0.0478001965235751
nan,nan,nan,nan,5.614295361884427e-07,nan,21.41697618115794,0.0466919322102889
Name:	200_10_80_10
Lambda:	200	Maximal Depth:	10	Filter time:	10 to 80 [us]
Chi2:	5.224613239226031	RelRMS:	9.845334271553137	AbsRMS:	5.580110706347648e-06	Phi model:	0.0798772240182817
depth_vector,start_model,resistivity_model,conductivity_model,E/I[V/A],modelled_thickness,rhoa,sigma
0.0,18.4801,12.371102123582292,0.0808335417499916,0.0001051597706518,1.0,15.72516769905246,0.0635923265899578
1.0,18.4801,12.80467605744984,0.0780964700327732,6.496231760869395e-05,1.0,16.181860059635355,0.0617975928795996
2.0,18.4801,13.680437674025164,0.0730970765576224,4.2400416182295245e-05,1.0,16.789069226680883,0.0595625633856353
3.0,18.4801,14.989054829881766,0.0667153473884442,2.535553944057425e-05,1.0,17.508527408160237,0.0571150261063033
4.0,18.4801,16.706130143882202,0.0598582670784592,1.4509485132020764e-05,1.0,17.97731357673144,0.0556256637417911
5.0,18.4801,18.795126101944124,0.0532052828257727,9.0517124100912e-06,1.0,18.48298455296344,0.0541038162497228
6.0,18.4801,21.211267386847773,0.0471447548023489,6.032328015578957e-06,1.5,18.98959337445643,0.0526604219627543
7.5,18.4801,23.85963573158124,0.0419117882288694,3.676716016979201e-06,1.5,19.60444892771532,0.0510088298675039
9.0,18.4801,26.604292522232257,0.0375879192864961,2.1275191462103875e-06,nan,20.066895039922485,0.0498333199037783
nan,nan,nan,nan,1.339462876579389e-06,nan,20.52658357045491,0.0487173131645422
nan,nan,nan,nan,9.063775269702612e-07,nan,20.920416080440127,0.0478001965235751
nan,nan,nan,nan,5.614295361884427e-07,nan,21.41697618115794,0.0466919322102889
Name:	200_10_80_11
Lambda:	200	Maximal Depth:	10	Filter time:	10 to 80 [us]
Chi2:	5.224613239226031	RelRMS:	9.845334271553137	AbsRMS:	5.580110706347648e-06	Phi model:	0.0798772240182817
depth_vector,start_model,resistivity_model,conductivity_model,E/I[V/A],modelled_thickness,rhoa,sigma
0.0,18.4801,12.371102123582292,0.0808335417499916,0.0001051597706518,1.0,15.72516769905246,0.0635923265899578
1.0,18.4801,12.80467605744984,0.0780964700327732,6.496231760869395e-05,1.0,16.181860059635355,0.0617975928795996
2.0,18.4801,13.680437674025164,0.0730970765576224,4.2400416182295245e-05,1.0,16.789069226680883,0.0595625633856353
3.0,18.4801,14.989054829881766,0.0667153473884442,2.535553944057425e-05,1.0,17.508527408160237,0.0571150261063033
4.0,18.4801,16.706130143882202,0.0598582670784592,1.4509485132020764e-05,1.0,17.97731357673144,0.0556256637417911
5.0,18.4801,18.795126101944124,0.0532052828257727,9.0517124100912e-06,1.0,18.48298455296344,0.0541038162497228
6.0,18.4801,21.211267386847773,0.0471447548023489,6.032328015578957e-06,1.5,18.98959337445643,0.0526604219627543
7.5,18.4801,23.85963573158124,0.0419117882288694,3.676716016979201e-06,1.5,19.60444892771532,0.0510088298675039
9.0,18.4801,26.604292522232257,0.0375879192864961,2.1275191462103875e-06,nan,20.066895039922485,0.0498333199037783
nan,nan,nan,nan,1.339462876579389e-06,nan,20.52658357045491,0.0487173131645422
nan,nan,nan,nan,9.063775269702612e-07,nan,20.920416080440127,0.0478001965235751
nan,nan,nan,nan,5.614295361884427e-07,nan,21.41697618115794,0.0466919322102889
Name:	200_10_80_12
Lambda:	200	Maximal Depth:	10	Filter time:	10 to 80 [us]
Chi2:	5.224613239226031	RelRMS:	9.845334271553137	AbsRMS:	5.580110706347648e-06	Phi model:	0.0798772240182817
depth_vector,start_model,resistivity_model,conductivity_model,E/I[V/A],modelled_thickness,rhoa,sigma
0.0,18.4801,12.371102123582292,0.0808335417499916,0.0001051597706518,1.0,15.72516769905246,0.0635923265899578
1.0,18.4801,12.80467605744984,0.0780964700327732,6.496231760869395e-05,1.0,16.181860059635355,0.0617975928795996
2.0,18.4801,13.680437674025164,0.0730970765576224,4.2400416182295245e-05,1.0,16.789069226680883,0.0595625633856353
3.0,18.4801,14.989054829881766,0.0667153473884442,2.535553944057425e-05,1.0,17.508527408160237,0.0571150261063033
4.0,18.4801,16.706130143882202,0.0598582670784592,1.4509485132020764e-05,1.0,17.97731357673144,0.0556256637417911
5.0,18.4801,18.795126101944124,0.0532052828257727,9.0517124100912e-06,1.0,18.48298455296344,0.0541038162497228
6.0,18.4801,21.211267386847773,0.0471447548023489,6.032328015578957e-06,1.5,18.98959337445643,0.0526604219627543
7.5,18.4801,23.85963573158124,0.0419117882288694,3.676716016979201e-06,1.5,19.60444892771532,0.0510088298675039
9.0,18.4801,26.604292522232257,0.0375879192864961,2.1275191462103875e-06,nan,20.066895039922485,0.0498333199037783
nan,nan,nan,nan,1.339462876579389e-06,nan,20.52658357045491,0.0487173131645422
nan,nan,nan,nan,9.063775269702612e-07,nan,20.920416080440127,0.0478001965235751
nan,nan,nan,nan,5.614295361884427e-07,nan,21.41697618115794,0.0466919322102889
Name:	200_10_80_13
Lambda:	200	Maximal Depth:	10	Filter time:	10 to 80 [us]
Chi2:	5.224613239226031	RelRMS:	9.845334271553137	AbsRMS:	5.580110706347648e-06	Phi model:	0.0798772240182817
depth_vector,start_model,resistivity_model,conductivity_model,E/I[V/A],modelled_thickness,rhoa,sigma
0.0,18.4801,12.371102123582292,0.0808335417499916,0.0001051597706518,1.0,15.72516769905246,0.0635923265899578
1.0,18.4801,12.80467605744984,0.0780964700327732,6.496231760869395e-05,1.0,16.181860059635355,0.0617975928795996
2.0,18.4801,13.680437674025164,0.0730970765576224,4.2400416182295245e-05,1.0,16.789069226680883,0.0595625633856353
3.0,18.4801,14.989054829881766,0.0667153473884442,2.535553944057425e-05,1.0,17.508527408160237,0.0571150261063033
4.0,18.4801,16.706130143882202,0.0598582670784592,1.4509485132020764e-05,1.0,17.97731357673144,0.0556256637417911
5.0,18.4801,18.795126101944124,0.0532052828257727,9.0517124100912e-06,1.0,18.48298455296344,0.0541038162497228
6.0,18.4801,21.211267386847773,0.0471447548023489,6.032328015578957e-06,1.5,18.98959337445643,0.0526604219627543
7.5,18.4801,23.85963573158124,0.0419117882288694,3.676716016979201e-06,1.5,19.60444892771532,0.0510088298675039
9.0,18.4801,26.604292522232257,0.0375879192864961,2.1275191462103875e-06,nan,20.066895039922485,0.0498333199037783
nan,nan,nan,nan,1.339462876579389e-06,nan,20.52658357045491,0.0487173131645422
nan,nan,nan,nan,9.063775269702612e-07,nan,20.920416080440127,0.0478001965235751
nan,nan,nan,nan,5.614295361884427e-07,nan,21.41697618115794,0.0466919322102889
Name:	200_10_80_14
Lambda:	200	Maximal Depth:	10	Filter time:	10 to 80 [us]
Chi2:	5.224613239226031	RelRMS:	9.845334271553137	AbsRMS:	5.580110706347648e-06	Phi model:	0.0798772240182817
depth_vector,start_model,resistivity_model,conductivity_model,E/I[V/A],modelled_thickness,rhoa,sigma
0.0,18.4801,12.371102123582292,0.0808335417499916,0.0001051597706518,1.0,15.72516769905246,0.0635923265899578
1.0,18.4801,12.80467605744984,0.0780964700327732,6.496231760869395e-05,1.0,16.181860059635355,0.0617975928795996
2.0,18.4801,13.680437674025164,0.0730970765576224,4.2400416182295245e-05,1.0,16.789069226680883,0.0595625633856353
3.0,18.4801,14.989054829881766,0.0667153473884442,2.535553944057425e-05,1.0,17.508527408160237,0.0571150261063033
4.0,18.4801,16.706130143882202,0.0598582670784592,1.4509485132020764e-05,1.0,17.97731357673144,0.0556256637417911
5.0,18.4801,18.795126101944124,0.0532052828257727,9.0517124100912e-06,1.0,18.48298455296344,0.0541038162497228
6.0,18.4801,21.211267386847773,0.0471447548023489,6.032328015578957e-06,1.5,18.98959337445643,0.0526604219627543
7.5,18.4801,23.85963573158124,0.0419117882288694,3.676716016979201e-06,1.5,19.60444892771532,0.0510088298675039
9.0,18.4801,26.604292522232257,0.0375879192864961,2.1275191462103875e-06,nan,20.066895039922485,0.0498333199037783
nan,nan,nan,nan,1.339462876579389e-06,nan,20.52658357045491,0.0487173131645422
nan,nan,nan,nan,9.063775269702612e-07,nan,20.920416080440127,0.0478001965235751
nan,nan,nan,nan,5.614295361884427e-07,nan,21.41697618115794,0.0466919322102889
Name:	200_10_80_15
Lambda:	200	Maximal Depth:	10	Filter time:	10 to 80 [us]
Chi2:	5.224613239226031	RelRMS:	9.845334271553137	AbsRMS:	5.580110706347648e-06	Phi model:	0.0798772240182817
depth_vector,start_model,resistivity_model,conductivity_model,E/I[V/A],modelled_thickness,rhoa,sigma
0.0,18.4801,12.371102123582292,0.0808335417499916,0.0001051597706518,1.0,15.72516769905246,0.0635923265899578
1.0,18.4801,12.80467605744984,0.0780964700327732,6.496231760869395e-05,1.0,16.181860059635355,0.0617975928795996
2.0,18.4801,13.680437674025164,0.0730970765576224,4.2400416182295245e-05,1.0,16.789069226680883,0.0595625633856353
3.0,18.4801,14.989054829881766,0.0667153473884442,2.535553944057425e-05,1.0,17.508527408160237,0.0571150261063033
4.0,18.4801,16.706130143882202,0.0598582670784592,1.4509485132020764e-05,1.0,17.97731357673144,0.0556256637417911
5.0,18.4801,18.795126101944124,0.0532052828257727,9.0517124100912e-06,1.0,18.48298455296344,0.0541038162497228
6.0,18.4801,21.211267386847773,0.0471447548023489,6.032328015578957e-06,1.5,18.98959337445643,0.0526604219627543
7.5,18.4801,23.85963573158124,0.0419117882288694,3.676716016979201e-06,1.5,19.60444892771532,0.0510088298675039
9.0,18.4801,26.604292522232257,0.0375879192864961,2.1275191462103875e-06,nan,20.066895039922485,0.0498333199037783
nan,nan,nan,nan,1.339462876579389e-06,nan,20.52658357045491,0.0487173131645422
nan,nan,nan,nan,9.063775269702612e-07,nan,20.920416080440127,0.0478001965235751
nan,nan,nan,nan,5.614295361884427e-07,nan,21.41697618115794,0.0466919322102889
Name:	200_10_80_16
Lambda:	200	Maximal Depth:	10	Filter time:	10 to 80 [us]
Chi2:	5.224613239226031	RelRMS:	9.845334271553137	AbsRMS:	5.580110706347648e-06	Phi model:	0.0798772240182817
depth_vector,start_model,resistivity_model,conductivity_model,E/I[V/A],modelled_thickness,rhoa,sigma
0.0,18.4801,12.371102123582292,0.0808335417499916,0.0001051597706518,1.0,15.72516769905246,0.0635923265899578
1.0,18.4801,12.80467605744984,0.0780964700327732,6.496231760869395e-05,1.0,16.181860059635355,0.0617975928795996
2.0,18.4801,13.680437674025164,0.0730970765576224,4.2400416182295245e-05,1.0,16.789069226680883,0.0595625633856353
3.0,18.4801,14.989054829881766,0.0667153473884442,2.535553944057425e-05,1.0,17.508527408160237,0.0571150261063033
4.0,18.4801,16.706130143882202,0.0598582670784592,1.4509485132020764e-05,1.0,17.97731357673144,0.0556256637417911
5.0,18.4801,18.795126101944124,0.0532052828257727,9.0517124100912e-06,1.0,18.48298455296344,0.0541038162497228
6.0,18.4801,21.211267386847773,0.0471447548023489,6.032328015578957e-06,1.5,18.98959337445643,0.0526604219627543
7.5,18.4801,23.85963573158124,0.0419117882288694,3.676716016979201e-06,1.5,19.60444892771532,0.0510088298675039
9.0,18.4801,26.604292522232257,0.0375879192864961,2.1275191462103875e-06,nan,20.066895039922485,0.0498333199037783
nan,nan,nan,nan,1.339462876579389e-06,nan,20.52658357045491,0.0487173131645422
nan,nan,nan,nan,9.063775269702612e-07,nan,20.920416080440127,0.0478001965235751
nan,nan,nan,nan,5.614295361884427e-07,nan,21.41697618115794,0.0466919322102889
Name:	200_10_80_17
Lambda:	200	Maximal Depth:	10	Filter time:	10 to 80 [us]
Chi2:	5.224613239226031	RelRMS:	9.845334271553137	AbsRMS:	5.580110706347648e-06	Phi model:	0.0798772240182817
depth_vector,start_model,resistivity_model,conductivity_model,E/I[V/A],modelled_thickness,rhoa,sigma
0.0,18.4801,12.371102123582292,0.0808335417499916,0.0001051597706518,1.0,15.72516769905246,0.0635923265899578
1.0,18.4801,12.80467605744984,0.0780964700327732,6.496231760869395e-05,1.0,16.181860059635355,0.0617975928795996
2.0,18.4801,13.680437674025164,0.0730970765576224,4.2400416182295245e-05,1.0,16.789069226680883,0.0595625633856353
3.0,18.4801,14.989054829881766,0.0667153473884442,2.535553944057425e-05,1.0,17.508527408160237,0.0571150261063033
4.0,18.4801,16.706130143882202,0.0598582670784592,1.4509485132020764e-05,1.0,17.97731357673144,0.0556256637417911
5.0,18.4801,18.795126101944124,0.0532052828257727,9.0517124100912e-06,1.0,18.48298455296344,0.0541038162497228
6.0,18.4801,21.211267386847773,0.0471447548023489,6.032328015578957e-06,1.5,18.98959337445643,0.0526604219627543
7.5,18.4801,23.85963573158124,0.0419117882288694,3.676716016979201e-06,1.5,19.60444892771532,0.0510088298675039
9.0,18.4801,26.604292522232257,0.0375879192864961,2.1275191462103875e-06,nan,20.066895039922485,0.0498333199037783
nan,nan,nan,nan,1.339462876579389e-06,nan,20.52658357045491,0.0487173131645422
nan,nan,nan,nan,9.063775269702612e-07,nan,20.920416080440127,0.0478001965235751
nan,nan,nan,nan,5.614295361884427e-07,nan,21.41697618115794,0.0466919322102889
Name:	200_10_80_18
Lambda:	200	Maximal Depth:	10	Filter time:	10 to 80 [us]
Chi2:	5.224613239226031	RelRMS:	9.845334271553137	AbsRMS:	5.580110706347648e-06	Phi model:	0.0798772240182817
depth_vector,start_model,resistivity_model,conductivity_model,E/I[V/A],modelled_thickness,rhoa,sigma
0.0,18.4801,12.371102123582292,0.0808335417499916,0.0001051597706518,1.0,15.72516769905246,0.0635923265899578
1.0,18.4801,12.80467605744984,0.0780964700327732,6.496231760869395e-05,1.0,16.181860059635355,0.0617975928795996
2.0,18.4801,13.680437674025164,0.0730970765576224,4.2400416182295245e-05,1.0,16.789069226680883,0.0595625633856353
3.0,18.4801,14.989054829881766,0.0667153473884442,2.535553944057425e-05,1.0,17.508527408160237,0.0571150261063033
4.0,18.4801,16.706130143882202,0.0598582670784592,1.4509485132020764e-05,1.0,17.97731357673144,0.0556256637417911
5.0,18.4801,18.795126101944124,0.0532052828257727,9.0517124100912e-06,1.0,18.48298455296344,0.0541038162497228
6.0,18.4801,21.211267386847773,0.0471447548023489,6.032328015578957e-06,1.5,18.98959337445643,0.0526604219627543
7.5,18.4801,23.85963573158124,0.0419117882288694,3.676716016979201e-06,1.5,19.60444892771532,0.0510088298675039
9.0,18.4801,26.604292522232257,0.0375879192864961,2.1275191462103875e-06,nan,20.066895039922485,0.0498333199037783
nan,nan,nan,nan,1.339462876579389e-06,nan,20.52658357045491,0.0487173131645422
nan,nan,nan,nan,9.063775269702612e-07,nan,20.920416080440127,0.0478001965235751
nan,nan,nan,nan,5.614295361884427e-07,nan,21.41697618115794,0.0466919322102889
Name:	200_10_80_19
Lambda:	200	Maximal Depth:	10	Filter time:	10 to 80 [us]
Chi2:	5.224613239226031	RelRMS:	9.845334271553137	AbsRMS:	5.580110706347648e-06	Phi model:	0.0798772240182817
depth_vector,start_model,resistivity_model,conductivity_model,E/I[V/A],modelled_thickness,rhoa,sigma
0.0,18.4801,12.371102123582292,0.0808335417499916,0.0001051597706518,1.0,15.72516769905246,0.0635923265899578
1.0,18.4801,12.80467605744984,0.0780964700327732,6.496231760869395e-05,1.0,16.181860059635355,0.0617975928795996
2.0,18.4801,13.680437674025164,0.0730970765576224,4.2400416182295245e-05,1.0,16.789069226680883,0.0595625633856353
3.0,18.4801,14.989054829881766,0.0667153473884442,2.535553944057425e-05,1.0,17.508527408160237,0.0571150261063033
4.0,18.4801,16.706130143882202,0.0598582670784592,1.4509485132020764e-05,1.0,17.97731357673144,0.0556256637417911
5.0,18.4801,18.795126101944124,0.0532052828257727,9.0517124100912e-06,1.0,18.48298455296344,0.0541038162497228
6.0,18.4801,21.211267386847773,0.0471447548023489,6.032328015578957e-06,1.5,18.98959337445643,0.0526604219627543
7.5,18.4801,23.85963573158124,0.0419117882288694,3.676716016979201e-06,1.5,19.60444892771532,0.0510088298675039
9.0,18.4801,26.604292522232257,0.0375879192864961,2.1275191462103875e-06,nan,20.066895039922485,0.0498333199037783
nan,nan,nan,nan,1.339462876579389e-06,nan,20.52658357045491,0.0487173131645422
nan,nan,nan,nan,9.063775269702612e-07,nan,20.920416080440127,0.0478001965235751
nan,nan,nan,nan,5.614295361884427e-07,nan,21.41697618115794,0.0466919322102889
Name:	200_10_80_20
Lambda:	200	Maximal Depth:	10	Filter time:	10 to 80 [us]
Chi2:	5.224613239226031	RelRMS:	9.845334271553137	AbsRMS:	5.580110706347648e-06	Phi model:	0.0798772240182817
depth_vector,start_model,resistivity_model,conductivity_model,E/I[V/A],modelled_thickness,rhoa,sigma
0.0,18.4801,12.371102123582292,0.0808335417499916,0.0001051597706518,1.0,15.72516769905246,0.0635923265899578
1.0,18.4801,12.80467605744984,0.0780964700327732,6.496231760869395e-05,1.0,16.181860059635355,0.0617975928795996
2.0,18.4801,13.680437674025164,0.0730970765576224,4.2400416182295245e-05,1.0,16.789069226680883,0.0595625633856353
3.0,18.4801,14.989054829881766,0.0667153473884442,2.535553944057425e-05,1.0,17.508527408160237,0.0571150261063033
4.0,18.4801,16.706130143882202,0.0598582670784592,1.4509485132020764e-05,1.0,17.97731357673144,0.0556256637417911
5.0,18.4801,18.795126101944124,0.0532052828257727,9.0517124100912e-06,1.0,18.48298455296344,0.0541038162497228
6.0,18.4801,21.211267386847773,0.0471447548023489,6.032328015578957e-06,1.5,18.98959337445643,0.0526604219627543
7.5,18.4801,23.85963573158124,0.0419117882288694,3.676716016979201e-06,1.5,19.60444892771532,0.0510088298675039
9.0,18.4801,26.604292522232257,0.0375879192864961,2.1275191462103875e-06,nan,20.066895039922485,0.0498333199037783
nan,nan,nan,nan,1.339462876579389e-06,nan,20.52658357045491,0.0487173131645422
nan,nan,nan,nan,9.063775269702612e-07,nan,20.920416080440127,0.0478001965235751
nan,nan,nan,nan,5.614295361884427e-07,nan,21.41697618115794,0.0466919322102889
Name:	200_10_80_21
Lambda:	200	Maximal Depth:	10	Filter time:	10 to 80 [us]
Chi2:	5.224613239226031	RelRMS:	9.845334271553137	AbsRMS:	5.580110706347648e-06	Phi model:	0.0798772240182817
depth_vector,start_model,resistivity_model,conductivity_model,E/I[V/A],modelled_thickness,rhoa,sigma
0.0,18.4801,12.371102123582292,0.0808335417499916,0.0001051597706518,1.0,15.72516769905246,0.0635923265899578
1.0,18.4801,12.80467605744984,0.0780964700327732,6.496231760869395e-05,1.0,16.181860059635355,0.0617975928795996
2.0,18.4801,13.680437674025164,0.0730970765576224,4.2400416182295245e-05,1.0,16.789069226680883,0.0595625633856353
3.0,18.4801,14.989054829881766,0.0667153473884442,2.535553944057425e-05,1.0,17.508527408160237,0.0571150261063033
4.0,18.4801,16.706130143882202,0.0598582670784592,1.4509485132020764e-05,1.0,17.97731357673144,0.0556256637417911
5.0,18.4801,18.795126101944124,0.0532052828257727,9.0517124100912e-06,1.0,18.48298455296344,0.0541038162497228
6.0,18.4801,21.211267386847773,0.0471447548023489,6.032328015578957e-06,1.5,18.98959337445643,0.0526604219627543
7.5,18.4801,23.85963573158124,0.0419117882288694,3.676716016979201e-06,1.5,19.60444892771532,0.0510088298675039
9.0,18.4801,26.604292522232257,0.0375879192864961,2.1275191462103875e-06,nan,20.066895039922485,0.0498333199037783
nan,nan,nan,nan,1.339462876579389e-06,nan,20.52658357045491,0.0487173131645422
nan,nan,nan,nan,9.063775269702612e-07,nan,20.920416080440127,0.0478001965235751
nan,nan,nan,nan,5.614295361884427e-07,nan,21.41697618115794,0.0466919322102889
Name:	200_10_80_22
Lambda:	200	Maximal Depth:	10	Filter time:	10 to 80 [us]
Chi2:	5.224613239226031	RelRMS:	9.845334271553137	AbsRMS:	5.580110706347648e-06	Phi model:	0.0798772240182817
depth_vector,start_model,resistivity_model,conductivity_model,E/I[V/A],modelled_thickness,rhoa,sigma
0.0,18.4801,12.371102123582292,0.0808335417499916,0.0001051597706518,1.0,15.72516769905246,0.0635923265899578
1.0,18.4801,12.80467605744984,0.0780964700327732,6.496231760869395e-05,1.0,16.181860059635355,0.0617975928795996
2.0,18.4801,13.680437674025164,0.0730970765576224,4.2400416182295245e-05,1.0,16.789069226680883,0.0595625633856353
3.0,18.4801,14.989054829881766,0.0667153473884442,2.535553944057425e-05,1.0,17.508527408160237,0.0571150261063033
4.0,18.4801,16.706130143882202,0.0598582670784592,1.4509485132020764e-05,1.0,17.97731357673144,0.0556256637417911
5.0,18.4801,18.795126101944124,0.0532052828257727,9.0517124100912e-06,1.0,18.48298455296344,0.0541038162497228
6.0,18.4801,21.211267386847773,0.0471447548023489,6.032328015578957e-06,1.5,18.98959337445643,0.0526604219627543
7.5,18.4801,23.85963573158124,0.0419117882288694,3.676716016979201e-06,1.5,19.60444892771532,0.0510088298675039
9.0,18.4801,26.604292522232257,0.0375879192864961,2.1275191462103875e-06,nan,20.066895039922485,0.0498333199037783
nan,nan,nan,nan,1.339462876579389e-06,nan,20.52658357045491,0.0487173131645422
nan,nan,nan,nan,9.063775269702612e-07,nan,20.920416080440127,0.0478001965235751
nan,nan,nan,nan,5.614295361884427e-07,nan,21.41697618115794,0.0466919322102889
Name:	200_10_80_23
Lambda:	200	Maximal Depth:	10	Filter time:	10 to 80 [us]
Chi2:	5.224613239226031	RelRMS:	9.845334271553137	AbsRMS:	5.580110706347648e-06	Phi model:	0.0798772240182817
depth_vector,start_model,resistivity_model,conductivity_model,E/I[V/A],modelled_thickness,rhoa,sigma
0.0,18.4801,12.371102123582292,0.0808335417499916,0.0001051597706518,1.0,15.72516769905246,0.0635923265899578
1.0,18.4801,12.80467605744984,0.0780964700327732,6.496231760869395e-05,1.0,16.181860059635355,0.0617975928795996
2.0,18.4801,13.680437674025164,0.0730970765576224,4.2400416182295245e-05,1.0,16.789069226680883,0.0595625633856353
3.0,18.4801,14.989054829881766,0.0667153473884442,2.535553944057425e-05,1.0,17.508527408160237,0.0571150261063033
4.0,18.4801,16.706130143882202,0.0598582670784592,1.4509485132020764e-05,1.0,17.97731357673144,0.0556256637417911
5.0,18.4801,18.795126101944124,0.0532052828257727,9.0517124100912e-06,1.0,18.48298455296344,0.0541038162497228
6.0,18.4801,21.211267386847773,0.0471447548023489,6.032328015578957e-06,1.5,18.98959337445643,0.0526604219627543
7.5,18.4801,23.85963573158124,0.0419117882288694,3.676716016979201e-06,1.5,19.60444892771532,0.0510088298675039
9.0,18.4801,26.604292522232257,0.0375879192864961,2.1275191462103875e-06,nan,20.066895039922485,0.0498333199037783
nan,nan,nan,nan,1.339462876579389e-06,nan,20.52658357045491,0.0487173131645422
nan,nan,nan,nan,9.063775269702612e-07,nan,20.920416080440127,0.0478001965235751
nan,nan,nan,nan,5.614295361884427e-07,nan,21.41697618115794,0.0466919322102889
Name:	200_10_80_24
Lambda:	200.0	Maximal Depth:	10	Filter time:	10.0 to 80.0 [us]
Chi2:	5.224613239226031	RelRMS:	9.845334271553135	AbsRMS:	5.5801107063476476e-06	Phi model:	0.0798772240182817
depth_vector,start_model,resistivity_model,conductivity_model,E/I[V/A],modelled_thickness,rhoa,sigma
0.0,18.4801,12.371102123582292,0.08083354174999169,0.0001051597706518048,1.0,15.725167699052461,0.06359232658995784
1.0,18.4801,12.80467605744984,0.07809647003277322,6.496231760869395e-05,1.0,16.181860059635355,0.06179759287959966
2.0,18.4801,13.680437674025164,0.07309707655762246,4.2400416182295245e-05,1.0,16.789069226680883,0.05956256338563535
3.0,18.4801,14.989054829881766,0.06671534738844424,2.5355539440574255e-05,1.0,17.508527408160237,0.05711502610630337
4.0,18.4801,16.706130143882202,0.05985826707845927,1.4509485132020765e-05,1.0,17.97731357673144,0.05562566374179116
5.0,18.4801,18.795126101944124,0.05320528282577271,9.0517124100912e-06,1.0,18.48298455296344,0.05410381624972286
6.0,18.4801,21.211267386847773,0.04714475480234899,6.032328015578957e-06,1.5,18.98959337445643,0.052660421962754354
7.5,18.4801,23.85963573158124,0.04191178822886947,3.6767160169792005e-06,1.5,19.604448927715318,0.05100882986750391
9.0,18.4801,26.604292522232257,0.037587919286496185,2.1275191462103875e-06,nan,20.066895039922485,0.04983331990377834
nan,nan,nan,nan,1.339462876579389e-06,nan,20.52658357045491,0.04871731316454227
nan,nan,nan,nan,9.063775269702613e-07,nan,20.920416080440127,0.04780019652357516
nan,nan,nan,nan,5.614295361884427e-07,nan,21.41697618115794,0.04669193221028897
