Name:	10.0_10_80_1
Lambda:	10	Maximal Depth:	10	Filter time:	10 to 80 [us]
Chi2:	2.686889973840969	RelRMS:	8.043934463317187	AbsRMS:	2.7722566509936067e-06	Phi model:	0.0889776350030453
depth_vector,start_model,resistivity_model,conductivity_model,E/I[V/A],modelled_thickness,rhoa,sigma
0.0,16.532,12.486257489794546,0.0800880488663104,0.0001180564325755,1.0,14.301470250452152,0.0699228808288703
1.0,16.532,12.690316094454657,0.0788002436312027,7.330869020566143e-05,1.0,14.66598465653663,0.0681849888308931
2.0,16.532,13.083521564922563,0.0764320213818456,4.8065632364355e-05,1.0,15.170352685224836,0.0659180455952055
3.0,16.532,13.6584907584826,0.0732145313624018,2.886075598031052e-05,1.0,15.777510329616993,0.0633813560636899
4.0,16.532,14.447801149422398,0.0692146846193255,1.6532898278282375e-05,1.0,16.188460536710465,0.0617723963147889
5.0,16.532,15.542476292047814,0.0643398118298332,1.0318776930510542e-05,1.0,16.638692703318316,0.0601008755814431
6.0,16.532,17.114065797359906,0.0584314687018595,6.880049126010455e-06,1.5,17.08926390782072,0.0585162711158296
7.5,16.532,19.829762574792284,0.050429247260439,4.1921905311735705e-06,1.5,17.64599317158923,0.0566700888001045
9.0,16.532,24.6003351932764,0.0406498526196225,2.4211370742692176e-06,nan,18.08540880853384,0.055293193014699
nan,nan,nan,nan,1.521678541956069e-06,nan,18.52112090456517,0.0539924125085494
nan,nan,nan,nan,1.0283853595377585e-06,nan,18.892288339440107,0.0529316503132323
nan,nan,nan,nan,6.358206947046223e-07,nan,19.36469392196236,0.0516403721138011
Name:	12.742749857031335_10_80_1
Lambda:	12.742749857031336	Maximal Depth:	10	Filter time:	10 to 80 [us]
Chi2:	2.691408535150959	RelRMS:	8.083344564074183	AbsRMS:	2.75780938324848e-06	Phi model:	0.084468103409219
depth_vector,start_model,resistivity_model,conductivity_model,E/I[V/A],modelled_thickness,rhoa,sigma
0.0,16.532,12.3736712639795,0.0808167583141682,0.000118110944206,1.0,14.297069549359064,0.069944403400124
1.0,16.532,12.59007164230461,0.079427665577362,7.331487759335474e-05,1.0,14.665159490600432,0.0681888254022021
2.0,16.532,13.014165830923432,0.0768393466774384,4.8054752669638825e-05,1.0,15.172642331506928,0.0659080981513311
3.0,16.532,13.646934737557482,0.0732765283362803,2.884746677432207e-05,1.0,15.782355457301392,0.0633618982100273
4.0,16.532,14.519427622690335,0.0688732383938636,1.6526079970604416e-05,1.0,16.19291290599311,0.0617554115065914
5.0,16.532,15.71395490194864,0.063637703317832,1.031549024773043e-05,1.0,16.642226754207435,0.0600881128931369
6.0,16.532,17.3761971940272,0.0575499914528902,6.878434427686495e-06,1.5,17.091938249546434,0.0585071151907851
7.5,16.532,20.06790415809638,0.0498308140263142,4.191988064201552e-06,1.5,17.646561351013407,0.0566682641512235
9.0,16.532,24.50314146051876,0.0408110936147217,2.4218358487832063e-06,nan,18.08192984151828,0.0553038314363923
nan,nan,nan,nan,1.5225746005431705e-06,nan,18.51385354847688,0.0540136064802278
nan,nan,nan,nan,1.0292339288523e-06,nan,18.88190286767008,0.0529607639128478
nan,nan,nan,nan,6.365468187215596e-07,nan,19.3499646110428,0.0516796810795877
Name:	16.237767391887218_10_80_1
Lambda:	16.237767391887218	Maximal Depth:	10	Filter time:	10 to 80 [us]
Chi2:	2.695864254739324	RelRMS:	8.121926238701406	AbsRMS:	2.746409730600304e-06	Phi model:	0.0809803641160128
depth_vector,start_model,resistivity_model,conductivity_model,E/I[V/A],modelled_thickness,rhoa,sigma
0.0,16.532,12.26713125543765,0.081518651686125,0.0001181512178251,1.0,14.2938204506708,0.0699603023174305
1.0,16.532,12.497749351060682,0.080014406747174,7.331555886997901e-05,1.0,14.665068640891048,0.0681892478301581
2.0,16.532,12.956064832012052,0.0771839299174533,4.80421969837824e-05,1.0,15.175285766455838,0.0658966173942138
3.0,16.532,13.645452026444596,0.0732844905439571,2.8834254752421265e-05,1.0,15.78717613342764,0.0633425504059974
4.0,16.532,14.596227699622066,0.0685108522954799,1.6519523716385816e-05,1.0,16.197197042112954,0.0617390772860257
5.0,16.532,15.87859761537089,0.0629778538522806,1.0312438132733407e-05,1.0,16.64551026382306,0.0600762598532876
6.0,16.532,17.615977168691252,0.0567666494128575,6.877016076222553e-06,1.5,17.094288255433995,0.0584990720325613
7.5,16.532,20.27607864821782,0.0493192010817089,4.191902267565014e-06,1.5,17.646802134369693,0.0566674909360691
9.0,16.532,24.41207486079023,0.040963334976748,2.422565696612547e-06,nan,18.078297956529592,0.0553149418382506
nan,nan,nan,nan,1.5234685464177983e-06,nan,18.50661042683157,0.0540347463385387
nan,nan,nan,nan,1.0300700368188194e-06,nan,18.87168385642015,0.052989442150908
nan,nan,nan,nan,6.372549699222043e-07,nan,19.33562682325717,0.0517180026869977
Name:	20.6913808111479_10_80_1
Lambda:	20.6913808111479	Maximal Depth:	10	Filter time:	10 to 80 [us]
Chi2:	2.7001595330886303	RelRMS:	8.160600318097433	AbsRMS:	2.7375575122995688e-06	Phi model:	0.0783360479316366
depth_vector,start_model,resistivity_model,conductivity_model,E/I[V/A],modelled_thickness,rhoa,sigma
0.0,16.532,12.171889720715452,0.082156511679373,0.000118180801023,1.0,14.291434983890143,0.0699719797995959
1.0,16.532,12.416974298034798,0.0805349174442816,7.331348698762507e-05,1.0,14.665344935245368,0.0681879631481895
2.0,16.532,12.90760184228653,0.0774737253456257,4.8030066466064e-05,1.0,15.177840781658396,0.0658855244553919
3.0,16.532,13.649657285298463,0.0732619126691966,2.882251507227814e-05,1.0,15.791462685530869,0.0633253562329133
4.0,16.532,14.67053700232304,0.0681638306656158,1.6514014744523753e-05,1.0,16.200799030838915,0.0617253505889713
5.0,16.532,16.02973581374902,0.0623840599507747,1.0310096504134088e-05,1.0,16.64803052006479,0.0600671652298309
6.0,16.532,17.82916201264243,0.0560878856387592,6.876105503843439e-06,1.5,17.095797369683865,0.0584939080860486
7.5,16.532,20.454385910302843,0.0488892702222999,4.192112877442055e-06,1.5,17.64621108445333,0.0566693889818092
9.0,16.532,24.327582430488004,0.0411056052469386,2.423418485671046e-06,nan,18.07405659826669,0.0553279223489817
nan,nan,nan,nan,1.5244117522500848e-06,nan,18.498975856352384,0.0540570466043723
nan,nan,nan,nan,1.030925285429322e-06,nan,18.861245198998805,0.0530187688802795
nan,nan,nan,nan,6.379620596811087e-07,nan,19.32133699695082,0.0517562526939939
Name:	26.366508987303583_10_80_1
Lambda:	26.366508987303583	Maximal Depth:	10	Filter time:	10 to 80 [us]
Chi2:	2.7043295465433737	RelRMS:	8.198784494264173	AbsRMS:	2.732963903760729e-06	Phi model:	0.0763279873642813
depth_vector,start_model,resistivity_model,conductivity_model,E/I[V/A],modelled_thickness,rhoa,sigma
0.0,16.532,12.090370768887809,0.0827104494242065,0.0001181900467475,1.0,14.29068965100002,0.0699756291978549
1.0,16.532,12.349090226276148,0.0809776252077436,7.330320993044212e-05,1.0,14.666715617076294,0.0681815906238552
2.0,16.532,12.869343985831406,0.0777040384576678,4.801512689204478e-05,1.0,15.18098893840915,0.0658718614483617
3.0,16.532,13.658499508498036,0.0732144844591326,2.88105386541075e-05,1.0,15.795838678224635,0.0633078129228143
4.0,16.532,14.740444798842836,0.0678405579781759,1.650868025496166e-05,1.0,16.204288845018134,0.0617120571945026
5.0,16.532,16.164592596308783,0.061863606771528,1.0307979695803064e-05,1.0,16.650309627106168,0.0600589431905838
6.0,16.532,18.01377265324612,0.0555130798666873,6.875416376590422e-06,1.5,17.096939698859504,0.0584899998253317
7.5,16.532,20.602936130581,0.0485367713447258,4.192471874564806e-06,1.5,17.645203718614624,0.0566726242409465
9.0,16.532,24.248993708097352,0.0412388246719728,2.4243218291633576e-06,nan,18.069566519065376,0.055341670700561
nan,nan,nan,nan,1.5253659425193345e-06,nan,18.491260381619945,0.0540796018963632
nan,nan,nan,nan,1.0317781476466517e-06,nan,18.85085003129131,0.0530480057047856
nan,nan,nan,nan,6.386578811849814e-07,nan,19.30730064081382,0.0517938793518392
Name:	33.59818286283781_10_80_1
Lambda:	33.59818286283781	Maximal Depth:	10	Filter time:	10 to 80 [us]
Chi2:	2.708444556592488	RelRMS:	8.238729081928083	AbsRMS:	2.731852606726922e-06	Phi model:	0.0747718637624658
depth_vector,start_model,resistivity_model,conductivity_model,E/I[V/A],modelled_thickness,rhoa,sigma
0.0,16.532,12.022653237876732,0.0831763155947601,0.0001181836729821,1.0,14.29120345397602,0.06997311340647
1.0,16.532,12.293598451588768,0.0813431481382706,7.328766587299452e-05,1.0,14.668789383143142,0.0681719516096648
2.0,16.532,12.83998445850293,0.0778817142054854,4.799932234804725e-05,1.0,15.18432114438029,0.0658574058393186
3.0,16.532,13.669930420572593,0.0731532618845702,2.8799521778361084e-05,1.0,15.799866747402588,0.0632916730240395
4.0,16.532,14.80383047414267,0.0675500845370166,1.6504238381961275e-05,1.0,16.207196145281337,0.0617009870822811
5.0,16.532,16.281844785049447,0.061418101769293,1.0306557942763786e-05,1.0,16.651840825929476,0.0600534205469251
6.0,16.532,18.17009136281573,0.0550354965218532,6.875276683084479e-06,1.5,17.097171284531843,0.0584892075629329
7.5,16.532,20.72349343709744,0.0482544124635803,4.193191599019895e-06,1.5,17.643184564841604,0.0566791100736284
9.0,16.532,24.174470885816778,0.0413659519053508,2.425407090685312e-06,nan,18.06417590015264,0.0553581854786716
nan,nan,nan,nan,1.5264186277730914e-06,nan,18.48275781452882,0.0541044799718105
nan,nan,nan,nan,1.0326906076100363e-06,nan,18.839744297841943,0.0530792766712098
nan,nan,nan,nan,6.393829683879685e-07,nan,19.292701019361072,0.0518330740209189
Name:	42.81332398719393_10_80_1
Lambda:	42.81332398719393	Maximal Depth:	10	Filter time:	10 to 80 [us]
Chi2:	2.7127172281219867	RelRMS:	8.281278101094877	AbsRMS:	2.7352629276431875e-06	Phi model:	0.0735071817954177
depth_vector,start_model,resistivity_model,conductivity_model,E/I[V/A],modelled_thickness,rhoa,sigma
0.0,16.532,11.96939121883833,0.0835464378861745,0.000118155999995,1.0,14.293434768808666,0.0699621900666041
1.0,16.532,12.250743082201522,0.0816277015434964,7.326361609861897e-05,1.0,14.671999360080004,0.0681570367785612
2.0,16.532,12.819208318834733,0.0780079373958484,4.7980735465850254e-05,1.0,15.188242314922151,0.0658404033373578
3.0,16.532,13.683290776323378,0.0730818350897235,2.8788486411566555e-05,1.0,15.803904152842923,0.0632755039722328
4.0,16.532,14.85990700026404,0.067295172169128,1.6500243481018955e-05,1.0,16.20981200691499,0.0616910300732301
5.0,16.532,16.38130121392617,0.0610452116679152,1.0305620889326832e-05,1.0,16.652850205722654,0.0600497805268407
6.0,16.532,18.29885176364981,0.0546482376553524,6.875588335532044e-06,1.5,17.09665463390535,0.0584909750716285
7.5,16.532,20.817101914253804,0.0480374263487312,4.1942451951000585e-06,1.5,17.640229791086416,0.0566886039378749
9.0,16.532,24.10218691760954,0.0414900109860728,2.426678726942669e-06,nan,18.057864649175503,0.0553775332481328
nan,nan,nan,nan,1.5275836139041725e-06,nan,18.4733595753286,0.0541320053844192
nan,nan,nan,nan,1.0336783059168491e-06,nan,18.827741241653285,0.0531131157564277
nan,nan,nan,nan,6.40151734535157e-07,nan,19.277252030434223,0.0518746135819169
Name:	54.5559478116852_10_80_1
Lambda:	54.5559478116852	Maximal Depth:	10	Filter time:	10 to 80 [us]
Chi2:	2.7175055063995583	RelRMS:	8.328268602276898	AbsRMS:	2.743737485166811e-06	Phi model:	0.0723980020718506
depth_vector,start_model,resistivity_model,conductivity_model,E/I[V/A],modelled_thickness,rhoa,sigma
0.0,16.532,11.930162947075644,0.0838211518515028,0.0001181043777477,1.0,14.297599477447283,0.0699418109716514
1.0,16.532,12.219983761499732,0.0818331693001589,7.322955682268524e-05,1.0,14.676548333360772,0.0681359116112426
2.0,16.532,12.806678692233394,0.078084257755795,4.7958506033883454e-05,1.0,15.192935259582551,0.0658200658999896
3.0,16.532,13.698207857059469,0.0730022503991018,2.877705077362905e-05,1.0,15.808090724047537,0.0632587462620506
4.0,16.532,14.908789584683086,0.0670745263604347,1.6496592193518096e-05,1.0,16.212203793862525,0.0616819287935777
5.0,16.532,16.46335795785622,0.0607409498450955,1.0305174462064656e-05,1.0,16.653331144217958,0.0600480463241854
6.0,16.532,18.40139807331014,0.0543436969308557,6.876398807887005e-06,1.5,17.095311233235275,0.0584955714673321
7.5,16.532,20.88639973285877,0.0478780456560345,4.195697148422954e-06,1.5,17.6361598647097,0.0567016860626796
9.0,16.532,24.029632732350084,0.0416152843923303,2.428197212416658e-06,nan,18.05033547931752,0.0554006323675159
nan,nan,nan,nan,1.528911733342033e-06,nan,18.46265985958431,0.0541633766534934
nan,nan,nan,nan,1.034782849472575e-06,nan,18.81434083808194,0.0531509452606444
nan,nan,nan,nan,6.409954493043366e-07,nan,19.260332438261244,0.0519201837873508
Name:	69.51927961775606_10_80_1
Lambda:	69.51927961775606	Maximal Depth:	10	Filter time:	10 to 80 [us]
Chi2:	2.723381145110428	RelRMS:	8.382089396789617	AbsRMS:	2.7580765691021635e-06	Phi model:	0.0713319951968135
depth_vector,start_model,resistivity_model,conductivity_model,E/I[V/A],modelled_thickness,rhoa,sigma
0.0,16.532,11.904608680884325,0.0840010811615956,0.0001180251117045,1.0,14.304000303523974,0.0699105130579196
1.0,16.532,12.201193170852465,0.0819591974323387,7.318346935840602e-05,1.0,14.68270941434668,0.0681073207798341
2.0,16.532,12.801772113035572,0.0781141853776429,4.793152654056837e-05,1.0,15.198635881294296,0.0657953784675339
3.0,16.532,13.714622634618152,0.07291487535908,2.876475391042298e-05,1.0,15.812595683652246,0.0632407240408887
4.0,16.532,14.95088002301524,0.0668856949196709,1.649317510836971e-05,1.0,16.214442965224535,0.0616734106835937
5.0,16.532,16.52962104315478,0.060497454683882,1.030524252281025e-05,1.0,16.653257819766548,0.0600483107163003
6.0,16.532,18.480162767179227,0.0541120775070228,6.877780494128148e-06,1.5,17.093021623744363,0.0585034069465444
7.5,16.532,20.931816803704763,0.0477741616687094,4.197636597908903e-06,1.5,17.630727113071035,0.0567191581825699
9.0,16.532,23.9538686248492,0.0417469100987981,2.4300423976523102e-06,nan,18.041196975121064,0.0554286947467513
nan,nan,nan,nan,1.5304687384420105e-06,nan,18.45013588302273,0.0542001428249734
nan,nan,nan,nan,1.036057488158823e-06,nan,18.79890642640176,0.0531945836272459
nan,nan,nan,nan,6.419537140055394e-07,nan,19.2411606598586,0.0519719167506472
Name:	88.58667904100822_10_80_1
Lambda:	88.58667904100822	Maximal Depth:	10	Filter time:	10 to 80 [us]
Chi2:	2.730502361046639	RelRMS:	8.449646323084501	AbsRMS:	2.7722194537166594e-06	Phi model:	0.0703017577091175
depth_vector,start_model,resistivity_model,conductivity_model,E/I[V/A],modelled_thickness,rhoa,sigma
0.0,16.532,11.892664438581956,0.0840854465510537,0.0001179531129985,1.0,14.309820496214671,0.0698820785532932
1.0,16.532,12.192935014966224,0.0820147075968624,7.314683026191947e-05,1.0,14.687612031036746,0.0680845870579149
2.0,16.532,12.802358004614147,0.0781106105328085,4.791368926704917e-05,1.0,15.202407738722464,0.0657790540279269
3.0,16.532,13.72854115548998,0.0728409514655608,2.8759725927981924e-05,1.0,15.814438611205512,0.0632333543153051
4.0,16.532,14.980952958026943,0.0667514278164921,1.6494464003121324e-05,1.0,16.21359827848122,0.0616766237095688
5.0,16.532,16.573896798117875,0.0603358408816422,1.0308505209925288e-05,1.0,16.64974374828309,0.0600609844282509
6.0,16.532,18.52923328689289,0.0539687738028197,6.8814536775705975e-06,1.5,17.086938471945974,0.0585242348500195
7.5,16.532,20.950415334239985,0.0477317506143024,4.201057645363722e-06,1.5,17.621154326358546,0.0567499711698315
9.0,16.532,23.87458081397726,0.0418855521607547,2.4327532519938227e-06,nan,18.02779209607762,0.0554699097188709
nan,nan,nan,nan,1.53257421278246e-06,nan,18.433233955361143,0.0542498403927195
nan,nan,nan,nan,1.0377075134393097e-06,nan,18.77897345135175,0.0532510471134415
nan,nan,nan,nan,6.431453147115376e-07,nan,19.2173870108616,0.0520362107207813
Name:	112.88378916846884_10_80_1
Lambda:	112.88378916846884	Maximal Depth:	10	Filter time:	10 to 80 [us]
Chi2:	2.741552887459717	RelRMS:	8.526086058579379	AbsRMS:	2.801733057587624e-06	Phi model:	0.069046319581431
depth_vector,start_model,resistivity_model,conductivity_model,E/I[V/A],modelled_thickness,rhoa,sigma
0.0,16.532,11.893757999965556,0.0840777153867512,0.0001178029603198,1.0,14.321977529062233,0.069822760018356
1.0,16.532,12.197191440360026,0.0819860871160093,7.30682221003341e-05,1.0,14.698144281840715,0.0680357996781594
2.0,16.532,12.813370391882524,0.078043478758213,4.7872577530823713e-05,1.0,15.211110117523711,0.0657414213869878
3.0,16.532,13.749358598764406,0.0727306654209939,2.8743747284066352e-05,1.0,15.820298897376125,0.0632099308923837
4.0,16.532,15.012525794235003,0.0666110429188413,1.6490979783763094e-05,1.0,16.21588194080858,0.0616679378679625
5.0,16.532,16.61294828165553,0.0601940115051238,1.0309614260646956e-05,1.0,16.648549669246037,0.0600652921645929
6.0,16.532,18.565612977905488,0.0538630209080668,6.884197908816164e-06,1.5,17.082397286763374,0.0585397929349687
7.5,16.532,20.951766333751923,0.0477286728035461,4.204273278451829e-06,1.5,17.612168168905423,0.0567789263882635
9.0,16.532,23.782202016896864,0.0420482510109667,2.435529059821013e-06,nan,18.014091801936054,0.0555120963629443
nan,nan,nan,nan,1.53481982643997e-06,nan,18.415249641384715,0.0543028207313949
nan,nan,nan,nan,1.0395104893515748e-06,nan,18.75725307932109,0.0533127103297683
nan,nan,nan,nan,6.444732658836565e-07,nan,19.19097937432736,0.0521078148485608
Name:	143.8449888287663_10_80_1
Lambda:	143.8449888287663	Maximal Depth:	10	Filter time:	10 to 80 [us]
Chi2:	2.757867041178107	RelRMS:	8.620351951744007	AbsRMS:	2.8405352688998584e-06	Phi model:	0.0675929792031106
depth_vector,start_model,resistivity_model,conductivity_model,E/I[V/A],modelled_thickness,rhoa,sigma
0.0,16.532,11.908703450045218,0.0839721976615517,0.0001176121808966,1.0,14.33746118862233,0.0697473553263085
1.0,16.532,12.213483042474389,0.0818767256254695,7.297106005061783e-05,1.0,14.711188586333789,0.0679754728267821
2.0,16.532,12.83266170231624,0.077926156178457,4.78235431159513e-05,1.0,15.221505840840557,0.0656965224371505
3.0,16.532,13.772811035558142,0.0726068191466677,2.8725939416347613e-05,1.0,15.82683646576045,0.0631838208579071
4.0,16.532,15.039562328398564,0.0664912966324653,1.6487798676911644e-05,1.0,16.217967636440797,0.0616600071240159
5.0,16.532,16.639511201921582,0.0600979192155907,1.0311644780833463e-05,1.0,16.64636402854852,0.0600731786403925
6.0,16.532,18.582027375634723,0.0538154411133431,6.888007934325003e-06,1.5,17.076097412970395,0.0585613899836642
7.5,16.532,20.930766773752698,0.0477765583463481,4.208451026140282e-06,1.5,17.600510455492632,0.056816533959555
9.0,16.532,23.676064101337843,0.042236749981746,2.439010163517704e-06,nan,17.996947183469985,0.0555649794270936
nan,nan,nan,nan,1.537589503673956e-06,nan,18.39312859963921,0.0543681296296496
nan,nan,nan,nan,1.041715704507986e-06,nan,18.730772158643937,0.0533880820037905
nan,nan,nan,nan,6.460838157421373e-07,nan,19.15907341640817,0.0521945909525865
Name:	183.29807108324357_10_80_1
Lambda:	183.2980710832436	Maximal Depth:	10	Filter time:	10 to 80 [us]
Chi2:	2.782508468920888	RelRMS:	8.737290815392145	AbsRMS:	2.891266989598693e-06	Phi model:	0.0658682267492615
depth_vector,start_model,resistivity_model,conductivity_model,E/I[V/A],modelled_thickness,rhoa,sigma
0.0,16.532,11.938269330102203,0.0837642351960105,0.0001173704229478,1.0,14.357142503399858,0.0696517430096688
1.0,16.532,12.242713558461332,0.0816812380053495,7.284984369294306e-05,1.0,14.727502897571815,0.0679001733664485
2.0,16.532,12.861340456433409,0.0777523931807424,4.77636237424711e-05,1.0,15.234233413713078,0.0656416357057947
3.0,16.532,13.80022115799196,0.0724626068344478,2.870504116263569e-05,1.0,15.834517186874727,0.0631531727932255
4.0,16.532,15.063512245604578,0.0663855801817927,1.6484517207463123e-05,1.0,16.220119837772028,0.0616518256339441
5.0,16.532,16.65497707064791,0.0600421120820611,1.031452860913266e-05,1.0,16.643261124239586,0.0600843784481383
6.0,16.532,18.57947508877773,0.0538228338110592,6.892950951134588e-06,1.5,17.067932789078377,0.0585894034361262
7.5,16.532,20.886920288780253,0.0478768524116581,4.213717660989546e-06,1.5,17.585841733064303,0.0568639258318715
9.0,16.532,23.551817642513143,0.0424595678846846,2.443319905505101e-06,nan,17.97577789423753,0.0556304158787235
nan,nan,nan,nan,1.540988181668395e-06,nan,18.366074391437657,0.0544482167874809
nan,nan,nan,nan,1.04440981364758e-06,nan,18.698546963817886,0.0534800913640521
nan,nan,nan,nan,6.480422740168306e-07,nan,19.120453332270124,0.0523000152047792
Name:	233.57214690901213_10_80_1
Lambda:	233.57214690901213	Maximal Depth:	10	Filter time:	10 to 80 [us]
Chi2:	2.8201724906786936	RelRMS:	8.882340703128376	AbsRMS:	2.9580388788163705e-06	Phi model:	0.0637950014309068
depth_vector,start_model,resistivity_model,conductivity_model,E/I[V/A],modelled_thickness,rhoa,sigma
0.0,16.532,11.983928000473,0.0834450941261104,0.0001170618150948,1.0,14.382364405317384,0.0695295969298542
1.0,16.532,12.28640680213464,0.0813907610340771,7.269590399730652e-05,1.0,14.7482867179814,0.0678044859801091
2.0,16.532,12.9010577736332,0.0775130239354303,4.768795503441562e-05,1.0,15.250344401901618,0.0655722896248367
3.0,16.532,13.8334178804697,0.0722887148093617,2.8678784966445182e-05,1.0,15.844180329324436,0.0631146565625233
4.0,16.532,15.086344798066738,0.066285108380139,1.648023417885484e-05,1.0,16.222930001258607,0.0616411462000032
5.0,16.532,16.661237003791186,0.0600195531563745,1.031793197334628e-05,1.0,16.63960107596252,0.0600975946138873
6.0,16.532,18.559267221166927,0.0538814376711757,6.898944821170443e-06,1.5,17.058045500231664,0.0586233633851204
7.5,16.532,20.8196132057666,0.0480316320056811,4.220129865894392e-06,1.5,17.568023545831117,0.0569215994839271
9.0,16.532,23.40460992841209,0.0427266253553769,2.4485530956974464e-06,nan,17.950156176253927,0.0557098216963086
nan,nan,nan,nan,1.545109429880966e-06,nan,18.333401478195213,0.0545452518011645
nan,nan,nan,nan,1.0476755971851936e-06,nan,18.659669041260425,0.0535915185734961
nan,nan,nan,nan,6.504143918921772e-07,nan,19.07393572338257,0.0524275647408263
Name:	297.63514416313194_10_80_1
Lambda:	297.63514416313194	Maximal Depth:	10	Filter time:	10 to 80 [us]
Chi2:	2.8764853402572754	RelRMS:	9.06136343333054	AbsRMS:	3.0421025510605007e-06	Phi model:	0.0613539042577409
depth_vector,start_model,resistivity_model,conductivity_model,E/I[V/A],modelled_thickness,rhoa,sigma
0.0,16.532,12.047828077240624,0.0830025124519402,0.0001166864335402,1.0,14.41319337472056,0.0693808772283531
1.0,16.532,12.34622781610034,0.0809963994586209,7.251005658011178e-05,1.0,14.773476432761475,0.0676888750289276
2.0,16.532,12.952605542506433,0.0772045436509519,4.759756498440275e-05,1.0,15.269645717865812,0.0654894041732729
3.0,16.532,13.87213388083056,0.0720869628703531,2.8648135264997354e-05,1.0,15.85547909489401,0.0630696804565201
4.0,16.532,15.10680297205607,0.0661953427108143,1.6475670544625634e-05,1.0,16.225925614335214,0.0616297660773524
5.0,16.532,16.656344378710717,0.0600371832656239,1.0322398584505594e-05,1.0,16.63480064201258,0.0601149374447215
6.0,16.532,18.519203984029303,0.0539980012565543,6.906410682476262e-06,1.5,17.045750067905367,0.0586656495616964
7.5,16.532,20.726892646034795,0.0482464987433274,4.227986306752552e-06,1.5,17.546253541744996,0.0569922233040152
9.0,16.532,23.232587469491023,0.0430429887033976,2.454903981968112e-06,nan,17.919184534462442,0.0558061109352819
nan,nan,nan,nan,1.550087351981077e-06,nan,18.29413007393683,0.0546623422900372
nan,nan,nan,nan,1.051610868169976e-06,nan,18.6130886119616,0.0537256347319678
nan,nan,nan,nan,6.532658919928543e-07,nan,19.01839021945477,0.0525806857710309
Name:	379.26901907322497_10_80_1
Lambda:	379.26901907322497	Maximal Depth:	10	Filter time:	10 to 80 [us]
Chi2:	2.959373127860351	RelRMS:	9.278486803851116	AbsRMS:	3.148049608432038e-06	Phi model:	0.0585125331477599
depth_vector,start_model,resistivity_model,conductivity_model,E/I[V/A],modelled_thickness,rhoa,sigma
0.0,16.532,12.132337008746724,0.0824243506654206,0.0001162293734186,1.0,14.45095425895048,0.0691995823999394
1.0,16.532,12.424373019448945,0.0804869588537476,7.228392308573396e-05,1.0,14.80427201624794,0.0675480698343345
2.0,16.532,13.017878701187696,0.0768174310848943,4.748755685402748e-05,1.0,15.293218732202526,0.0653884586044876
3.0,16.532,13.917908772654089,0.071849874599322,2.8610616308248663e-05,1.0,15.869337612446214,0.0630146024000212
4.0,16.532,15.126088088626767,0.0661109464747792,1.646968105359431e-05,1.0,16.2298592726361,0.0616148287672476
5.0,16.532,16.64119928399098,0.0600918228869485,1.0327370681465055e-05,1.0,16.629461013794202,0.0601342400195951
6.0,16.532,18.459850783601617,0.0541716188133181,6.9150738636377445e-06,1.5,17.03151052161702,0.0587146981902024
7.5,16.532,20.60856593982032,0.0485235121609203,4.237193312136459e-06,1.5,17.520826802814184,0.0570749320939226
9.0,16.532,23.033664572349345,0.043414715746119,2.4623610717303413e-06,nan,17.88298824419646,0.0559190660053432
nan,nan,nan,nan,1.555938236882783e-06,nan,18.24823963001301,0.0547998064621692
nan,nan,nan,nan,1.0562403025214058e-06,nan,18.558662146445663,0.053883194387022
nan,nan,nan,nan,6.566222608147718e-07,nan,18.95352569425855,0.0527606323029874
Name:	483.2930238571752_10_80_1
Lambda:	483.2930238571752	Maximal Depth:	10	Filter time:	10 to 80 [us]
Chi2:	3.080365676981758	RelRMS:	9.534876250945176	AbsRMS:	3.2860795434126027e-06	Phi model:	0.0552214840463883
depth_vector,start_model,resistivity_model,conductivity_model,E/I[V/A],modelled_thickness,rhoa,sigma
0.0,16.532,12.239853631054991,0.0817003233978874,0.0001156540377016,1.0,14.498840017737836,0.0689710348397942
1.0,16.532,12.523590459709297,0.0798493054541494,7.199572370054191e-05,1.0,14.843753440980064,0.0673684054357328
2.0,16.532,13.100293339794565,0.0763341685611203,4.73443418281461e-05,1.0,15.324044182384132,0.0652569248755858
3.0,16.532,13.97501385718536,0.0715562796730854,2.8558667139347936e-05,1.0,15.888576352661108,0.0629383009405065
4.0,16.532,15.14926937333438,0.0660097840599621,1.645834441098088e-05,1.0,16.23731125741917,0.0615865511319233
5.0,16.532,16.621265029484416,0.0601638923527242,1.0330642150250748e-05,1.0,16.625950058483713,0.0601469387603345
6.0,16.532,18.38623697690796,0.0543885081681445,6.923612047823786e-06,1.5,17.01750549289108,0.0587630190816005
7.5,16.532,20.46727701275651,0.0488584778217804,4.247061845392977e-06,1.5,17.49367518628078,0.0571635170626832
9.0,16.532,22.805450213509943,0.0438491672226492,2.470598214544164e-06,nan,17.84321738957338,0.0560437043480928
nan,nan,nan,nan,1.5624967575945882e-06,nan,18.197139645342965,0.0549536915960262
nan,nan,nan,nan,1.0614749309899753e-06,nan,18.497597602724085,0.0540610743879915
nan,nan,nan,nan,6.604457664020034e-07,nan,18.880303415801404,0.0529652505034995
Name:	615.8482110660261_10_80_1
Lambda:	615.8482110660261	Maximal Depth:	10	Filter time:	10 to 80 [us]
Chi2:	3.270967945506188	RelRMS:	9.869659514084264	AbsRMS:	3.472739218593653e-06	Phi model:	0.0511442033363035
depth_vector,start_model,resistivity_model,conductivity_model,E/I[V/A],modelled_thickness,rhoa,sigma
0.0,16.532,12.369977784683323,0.0808408889172148,0.0001149061014242,1.0,14.561688307741772,0.0686733556484893
1.0,16.532,12.64607040300378,0.0790759475577862,7.161733139346671e-05,1.0,14.89599245002809,0.0671321500299306
2.0,16.532,13.2066782185664,0.0757192674380576,4.7153457774012606e-05,1.0,15.365372302819088,0.0650814038405388
3.0,16.532,14.055518121166108,0.0711464345447434,2.848690750815252e-05,1.0,15.915247791817055,0.062832826298448
4.0,16.532,15.192206795565726,0.065823221962189,1.6440714344487126e-05,1.0,16.24891714968625,0.0615425625466561
5.0,16.532,16.612512743949406,0.0601955896385523,1.0332861589347351e-05,1.0,16.62356920110103,0.0601555531127314
6.0,16.532,18.308753625201387,0.0546186824330594,6.933217071501329e-06,1.5,17.001784911311873,0.0588173538964526
7.5,16.532,20.297964990687703,0.0492660225031809,4.25890403066536e-06,1.5,17.461231868251115,0.0572697280206358
9.0,16.532,22.517559270525908,0.0444097865130941,2.4807233101488367e-06,nan,17.79463279548746,0.0561967201848407
nan,nan,nan,nan,1.5706512891703532e-06,nan,18.13410089212142,0.0551447246240072
nan,nan,nan,nan,1.0680252066758638e-06,nan,18.42188868155716,0.0542832506094306
nan,nan,nan,nan,6.652583608476334e-07,nan,18.789137681458865,0.053222240262085
Name:	784.7599703514607_10_80_1
Lambda:	784.7599703514607	Maximal Depth:	10	Filter time:	10 to 80 [us]
Chi2:	3.550015358891232	RelRMS:	10.294081607444411	AbsRMS:	3.696569886211605e-06	Phi model:	0.0464888777929181
depth_vector,start_model,resistivity_model,conductivity_model,E/I[V/A],modelled_thickness,rhoa,sigma
0.0,16.532,12.527829882602369,0.0798222844156527,0.0001140464833747,1.0,14.634768553711613,0.0683304280713331
1.0,16.532,12.794457315011185,0.0781588445198643,7.118589618683938e-05,1.0,14.956118417806817,0.0668622681410034
2.0,16.532,13.335108708325574,0.0749900148452232,4.69386317394629e-05,1.0,15.412218849835496,0.0648835842355478
3.0,16.532,14.15186907925357,0.0706620443137073,2.840888308147935e-05,1.0,15.944375074616456,0.0627180429035444
4.0,16.532,15.242182636181534,0.0656074017658221,1.64239397224539e-05,1.0,16.25997917544742,0.0615006937714902
5.0,16.532,16.599256449350406,0.0602436623020625,1.0338128851892984e-05,1.0,16.617922264296535,0.0601759945735509
6.0,16.532,18.21261237489545,0.0549070050696524,6.94640662070026e-06,1.5,16.980256571499474,0.0588919252067398
7.5,16.532,20.093990112273573,0.0497661238217287,4.274080262268445e-06,1.5,17.41987361051978,0.0574056977885364
9.0,16.532,22.17908504409052,0.045087522682386,2.49341059592602e-06,nan,17.734218227129688,0.0563881636727694
nan,nan,nan,nan,1.5807655649269348e-06,nan,18.05666607214556,0.0553812091337621
nan,nan,nan,nan,1.076103851137931e-06,nan,18.32957372265852,0.0545566424582928
nan,nan,nan,nan,6.711666401366627e-07,nan,18.678708090942774,0.0535368931904287
Name:	1000.0_10_80_1
Lambda:	1000	Maximal Depth:	10	Filter time:	10 to 80 [us]
Chi2:	3.936066212196423	RelRMS:	10.796284732947903	AbsRMS:	3.959725895319469e-06	Phi model:	0.0414571541717744
depth_vector,start_model,resistivity_model,conductivity_model,E/I[V/A],modelled_thickness,rhoa,sigma
0.0,16.532,12.71686884027304,0.0786357091954193,0.0001130727725691,1.0,14.71866530918922,0.0679409429451239
1.0,16.532,12.971294292957891,0.0770933090727036,7.069773350761395e-05,1.0,15.024886698303153,0.0665562423251375
2.0,16.532,13.486537361076891,0.0741480168872754,4.669595848255095e-05,1.0,15.46556966679652,0.0646597585181054
3.0,16.532,14.263330088076549,0.0701098546990756,2.832108984845655e-05,1.0,15.97730897703907,0.0625887626907069
4.0,16.532,15.297438693389386,0.0653704205026256,1.640533807467222e-05,1.0,16.272268072867554,0.0614542481430357
5.0,16.532,16.580153450912064,0.0603130726721344,1.0344390961242238e-05,1.0,16.611215006296955,0.0602002923699995
6.0,16.532,18.09893240617848,0.0552518777106779,6.961583624506999e-06,1.5,16.955568400681354,0.0589776748480938
7.5,16.532,19.8619057539396,0.0503476359413119,4.291448843921667e-06,1.5,17.372840084908468,0.057561112351957
9.0,16.532,21.804460609365773,0.0458621755390025,2.5079077221796138e-06,nan,17.665809667672047,0.0566065195319053
nan,nan,nan,nan,1.592317146267999e-06,nan,17.9692312036977,0.0556506835859633
nan,nan,nan,nan,1.0853297823628071e-06,nan,18.22555134219172,0.0548680246333631
nan,nan,nan,nan,6.779147406065669e-07,nan,18.55454710524041,0.0538951446417987
Name:	200_10_80_1
Lambda:	200	Maximal Depth:	10	Filter time:	10 to 80 [us]
Chi2:	2.7942854396095176	RelRMS:	8.78578773868635	AbsRMS:	2.913431609007131e-06	Phi model:	0.0651643443768257
depth_vector,start_model,resistivity_model,conductivity_model,E/I[V/A],modelled_thickness,rhoa,sigma
0.0,16.532,11.952795193191877,0.0836624391062589,0.0001172668174062,1.0,14.365597640793393,0.0696107481919402
1.0,16.532,12.256733539713393,0.0815878061442611,7.279801593948354e-05,1.0,14.734492125124358,0.0678679652822821
2.0,16.532,12.874346985451044,0.0776738424970271,4.773804624774564e-05,1.0,15.239674478976283,0.0656181994818549
3.0,16.532,13.811511414348866,0.0724033720857728,2.869608994797037e-05,1.0,15.837809872277122,0.0631400432297412
4.0,16.532,15.07188977053478,0.0663486805718934,1.6483009780776654e-05,1.0,16.221108745710538,0.0616480670758364
5.0,16.532,16.658339095073316,0.0600299942444891,1.0315635305953898e-05,1.0,16.64207073877172,0.0600886762048342
6.0,16.532,18.57430245511309,0.0538378225732359,6.894943529853528e-06,1.5,17.06464430791094,0.058600694040626
7.5,16.532,20.86550933196454,0.0479259808179265,4.215863414957027e-06,1.5,17.579874099600445,0.056883228761162
9.0,16.532,23.50170932392008,0.0425500965149883,2.445077643934639e-06,nan,17.967161807233207,0.05565709324204
nan,nan,nan,nan,1.5423749667492609e-06,nan,18.355063832274933,0.0544808783634755
nan,nan,nan,nan,1.045509755263214e-06,nan,18.685429969681504,0.0535176338795828
nan,nan,nan,nan,6.488419708321444e-07,nan,19.10473948207764,0.0523430325201822
Name:	200_10_80_2
Lambda:	200	Maximal Depth:	10	Filter time:	10 to 80 [us]
Chi2:	2.7942854396095176	RelRMS:	8.78578773868635	AbsRMS:	2.913431609007131e-06	Phi model:	0.0651643443768257
depth_vector,start_model,resistivity_model,conductivity_model,E/I[V/A],modelled_thickness,rhoa,sigma
0.0,16.532,11.952795193191877,0.0836624391062589,0.0001172668174062,1.0,14.365597640793393,0.0696107481919402
1.0,16.532,12.256733539713393,0.0815878061442611,7.279801593948354e-05,1.0,14.734492125124358,0.0678679652822821
2.0,16.532,12.874346985451044,0.0776738424970271,4.773804624774564e-05,1.0,15.239674478976283,0.0656181994818549
3.0,16.532,13.811511414348866,0.0724033720857728,2.869608994797037e-05,1.0,15.837809872277122,0.0631400432297412
4.0,16.532,15.07188977053478,0.0663486805718934,1.6483009780776654e-05,1.0,16.221108745710538,0.0616480670758364
5.0,16.532,16.658339095073316,0.0600299942444891,1.0315635305953898e-05,1.0,16.64207073877172,0.0600886762048342
6.0,16.532,18.57430245511309,0.0538378225732359,6.894943529853528e-06,1.5,17.06464430791094,0.058600694040626
7.5,16.532,20.86550933196454,0.0479259808179265,4.215863414957027e-06,1.5,17.579874099600445,0.056883228761162
9.0,16.532,23.50170932392008,0.0425500965149883,2.445077643934639e-06,nan,17.967161807233207,0.05565709324204
nan,nan,nan,nan,1.5423749667492609e-06,nan,18.355063832274933,0.0544808783634755
nan,nan,nan,nan,1.045509755263214e-06,nan,18.685429969681504,0.0535176338795828
nan,nan,nan,nan,6.488419708321444e-07,nan,19.10473948207764,0.0523430325201822
Name:	200_10_80_3
Lambda:	200	Maximal Depth:	10	Filter time:	10 to 80 [us]
Chi2:	2.7942854396095176	RelRMS:	8.78578773868635	AbsRMS:	2.913431609007131e-06	Phi model:	0.0651643443768257
depth_vector,start_model,resistivity_model,conductivity_model,E/I[V/A],modelled_thickness,rhoa,sigma
0.0,16.532,11.952795193191877,0.0836624391062589,0.0001172668174062,1.0,14.365597640793393,0.0696107481919402
1.0,16.532,12.256733539713393,0.0815878061442611,7.279801593948354e-05,1.0,14.734492125124358,0.0678679652822821
2.0,16.532,12.874346985451044,0.0776738424970271,4.773804624774564e-05,1.0,15.239674478976283,0.0656181994818549
3.0,16.532,13.811511414348866,0.0724033720857728,2.869608994797037e-05,1.0,15.837809872277122,0.0631400432297412
4.0,16.532,15.07188977053478,0.0663486805718934,1.6483009780776654e-05,1.0,16.221108745710538,0.0616480670758364
5.0,16.532,16.658339095073316,0.0600299942444891,1.0315635305953898e-05,1.0,16.64207073877172,0.0600886762048342
6.0,16.532,18.57430245511309,0.0538378225732359,6.894943529853528e-06,1.5,17.06464430791094,0.058600694040626
7.5,16.532,20.86550933196454,0.0479259808179265,4.215863414957027e-06,1.5,17.579874099600445,0.056883228761162
9.0,16.532,23.50170932392008,0.0425500965149883,2.445077643934639e-06,nan,17.967161807233207,0.05565709324204
nan,nan,nan,nan,1.5423749667492609e-06,nan,18.355063832274933,0.0544808783634755
nan,nan,nan,nan,1.045509755263214e-06,nan,18.685429969681504,0.0535176338795828
nan,nan,nan,nan,6.488419708321444e-07,nan,19.10473948207764,0.0523430325201822
Name:	200_10_80_4
Lambda:	200	Maximal Depth:	10	Filter time:	10 to 80 [us]
Chi2:	2.7942854396095176	RelRMS:	8.78578773868635	AbsRMS:	2.913431609007131e-06	Phi model:	0.0651643443768257
depth_vector,start_model,resistivity_model,conductivity_model,E/I[V/A],modelled_thickness,rhoa,sigma
0.0,16.532,11.952795193191877,0.0836624391062589,0.0001172668174062,1.0,14.365597640793393,0.0696107481919402
1.0,16.532,12.256733539713393,0.0815878061442611,7.279801593948354e-05,1.0,14.734492125124358,0.0678679652822821
2.0,16.532,12.874346985451044,0.0776738424970271,4.773804624774564e-05,1.0,15.239674478976283,0.0656181994818549
3.0,16.532,13.811511414348866,0.0724033720857728,2.869608994797037e-05,1.0,15.837809872277122,0.0631400432297412
4.0,16.532,15.07188977053478,0.0663486805718934,1.6483009780776654e-05,1.0,16.221108745710538,0.0616480670758364
5.0,16.532,16.658339095073316,0.0600299942444891,1.0315635305953898e-05,1.0,16.64207073877172,0.0600886762048342
6.0,16.532,18.57430245511309,0.0538378225732359,6.894943529853528e-06,1.5,17.06464430791094,0.058600694040626
7.5,16.532,20.86550933196454,0.0479259808179265,4.215863414957027e-06,1.5,17.579874099600445,0.056883228761162
9.0,16.532,23.50170932392008,0.0425500965149883,2.445077643934639e-06,nan,17.967161807233207,0.05565709324204
nan,nan,nan,nan,1.5423749667492609e-06,nan,18.355063832274933,0.0544808783634755
nan,nan,nan,nan,1.045509755263214e-06,nan,18.685429969681504,0.0535176338795828
nan,nan,nan,nan,6.488419708321444e-07,nan,19.10473948207764,0.0523430325201822
Name:	200_10_80_5
Lambda:	200	Maximal Depth:	10	Filter time:	10 to 80 [us]
Chi2:	2.7942854396095176	RelRMS:	8.78578773868635	AbsRMS:	2.913431609007131e-06	Phi model:	0.0651643443768257
depth_vector,start_model,resistivity_model,conductivity_model,E/I[V/A],modelled_thickness,rhoa,sigma
0.0,16.532,11.952795193191877,0.0836624391062589,0.0001172668174062,1.0,14.365597640793393,0.0696107481919402
1.0,16.532,12.256733539713393,0.0815878061442611,7.279801593948354e-05,1.0,14.734492125124358,0.0678679652822821
2.0,16.532,12.874346985451044,0.0776738424970271,4.773804624774564e-05,1.0,15.239674478976283,0.0656181994818549
3.0,16.532,13.811511414348866,0.0724033720857728,2.869608994797037e-05,1.0,15.837809872277122,0.0631400432297412
4.0,16.532,15.07188977053478,0.0663486805718934,1.6483009780776654e-05,1.0,16.221108745710538,0.0616480670758364
5.0,16.532,16.658339095073316,0.0600299942444891,1.0315635305953898e-05,1.0,16.64207073877172,0.0600886762048342
6.0,16.532,18.57430245511309,0.0538378225732359,6.894943529853528e-06,1.5,17.06464430791094,0.058600694040626
7.5,16.532,20.86550933196454,0.0479259808179265,4.215863414957027e-06,1.5,17.579874099600445,0.056883228761162
9.0,16.532,23.50170932392008,0.0425500965149883,2.445077643934639e-06,nan,17.967161807233207,0.05565709324204
nan,nan,nan,nan,1.5423749667492609e-06,nan,18.355063832274933,0.0544808783634755
nan,nan,nan,nan,1.045509755263214e-06,nan,18.685429969681504,0.0535176338795828
nan,nan,nan,nan,6.488419708321444e-07,nan,19.10473948207764,0.0523430325201822
Name:	200_10_80_6
Lambda:	200	Maximal Depth:	10	Filter time:	10 to 80 [us]
Chi2:	2.7942854396095176	RelRMS:	8.78578773868635	AbsRMS:	2.913431609007131e-06	Phi model:	0.0651643443768257
depth_vector,start_model,resistivity_model,conductivity_model,E/I[V/A],modelled_thickness,rhoa,sigma
0.0,16.532,11.952795193191877,0.0836624391062589,0.0001172668174062,1.0,14.365597640793393,0.0696107481919402
1.0,16.532,12.256733539713393,0.0815878061442611,7.279801593948354e-05,1.0,14.734492125124358,0.0678679652822821
2.0,16.532,12.874346985451044,0.0776738424970271,4.773804624774564e-05,1.0,15.239674478976283,0.0656181994818549
3.0,16.532,13.811511414348866,0.0724033720857728,2.869608994797037e-05,1.0,15.837809872277122,0.0631400432297412
4.0,16.532,15.07188977053478,0.0663486805718934,1.6483009780776654e-05,1.0,16.221108745710538,0.0616480670758364
5.0,16.532,16.658339095073316,0.0600299942444891,1.0315635305953898e-05,1.0,16.64207073877172,0.0600886762048342
6.0,16.532,18.57430245511309,0.0538378225732359,6.894943529853528e-06,1.5,17.06464430791094,0.058600694040626
7.5,16.532,20.86550933196454,0.0479259808179265,4.215863414957027e-06,1.5,17.579874099600445,0.056883228761162
9.0,16.532,23.50170932392008,0.0425500965149883,2.445077643934639e-06,nan,17.967161807233207,0.05565709324204
nan,nan,nan,nan,1.5423749667492609e-06,nan,18.355063832274933,0.0544808783634755
nan,nan,nan,nan,1.045509755263214e-06,nan,18.685429969681504,0.0535176338795828
nan,nan,nan,nan,6.488419708321444e-07,nan,19.10473948207764,0.0523430325201822
Name:	200_10_80_7
Lambda:	200	Maximal Depth:	10	Filter time:	10 to 80 [us]
Chi2:	2.7942854396095176	RelRMS:	8.78578773868635	AbsRMS:	2.913431609007131e-06	Phi model:	0.0651643443768257
depth_vector,start_model,resistivity_model,conductivity_model,E/I[V/A],modelled_thickness,rhoa,sigma
0.0,16.532,11.952795193191877,0.0836624391062589,0.0001172668174062,1.0,14.365597640793393,0.0696107481919402
1.0,16.532,12.256733539713393,0.0815878061442611,7.279801593948354e-05,1.0,14.734492125124358,0.0678679652822821
2.0,16.532,12.874346985451044,0.0776738424970271,4.773804624774564e-05,1.0,15.239674478976283,0.0656181994818549
3.0,16.532,13.811511414348866,0.0724033720857728,2.869608994797037e-05,1.0,15.837809872277122,0.0631400432297412
4.0,16.532,15.07188977053478,0.0663486805718934,1.6483009780776654e-05,1.0,16.221108745710538,0.0616480670758364
5.0,16.532,16.658339095073316,0.0600299942444891,1.0315635305953898e-05,1.0,16.64207073877172,0.0600886762048342
6.0,16.532,18.57430245511309,0.0538378225732359,6.894943529853528e-06,1.5,17.06464430791094,0.058600694040626
7.5,16.532,20.86550933196454,0.0479259808179265,4.215863414957027e-06,1.5,17.579874099600445,0.056883228761162
9.0,16.532,23.50170932392008,0.0425500965149883,2.445077643934639e-06,nan,17.967161807233207,0.05565709324204
nan,nan,nan,nan,1.5423749667492609e-06,nan,18.355063832274933,0.0544808783634755
nan,nan,nan,nan,1.045509755263214e-06,nan,18.685429969681504,0.0535176338795828
nan,nan,nan,nan,6.488419708321444e-07,nan,19.10473948207764,0.0523430325201822
Name:	200_10_80_8
Lambda:	200	Maximal Depth:	10	Filter time:	10 to 80 [us]
Chi2:	2.7942854396095176	RelRMS:	8.78578773868635	AbsRMS:	2.913431609007131e-06	Phi model:	0.0651643443768257
depth_vector,start_model,resistivity_model,conductivity_model,E/I[V/A],modelled_thickness,rhoa,sigma
0.0,16.532,11.952795193191877,0.0836624391062589,0.0001172668174062,1.0,14.365597640793393,0.0696107481919402
1.0,16.532,12.256733539713393,0.0815878061442611,7.279801593948354e-05,1.0,14.734492125124358,0.0678679652822821
2.0,16.532,12.874346985451044,0.0776738424970271,4.773804624774564e-05,1.0,15.239674478976283,0.0656181994818549
3.0,16.532,13.811511414348866,0.0724033720857728,2.869608994797037e-05,1.0,15.837809872277122,0.0631400432297412
4.0,16.532,15.07188977053478,0.0663486805718934,1.6483009780776654e-05,1.0,16.221108745710538,0.0616480670758364
5.0,16.532,16.658339095073316,0.0600299942444891,1.0315635305953898e-05,1.0,16.64207073877172,0.0600886762048342
6.0,16.532,18.57430245511309,0.0538378225732359,6.894943529853528e-06,1.5,17.06464430791094,0.058600694040626
7.5,16.532,20.86550933196454,0.0479259808179265,4.215863414957027e-06,1.5,17.579874099600445,0.056883228761162
9.0,16.532,23.50170932392008,0.0425500965149883,2.445077643934639e-06,nan,17.967161807233207,0.05565709324204
nan,nan,nan,nan,1.5423749667492609e-06,nan,18.355063832274933,0.0544808783634755
nan,nan,nan,nan,1.045509755263214e-06,nan,18.685429969681504,0.0535176338795828
nan,nan,nan,nan,6.488419708321444e-07,nan,19.10473948207764,0.0523430325201822
Name:	200_10_80_9
Lambda:	200	Maximal Depth:	10	Filter time:	10 to 80 [us]
Chi2:	2.7942854396095176	RelRMS:	8.78578773868635	AbsRMS:	2.913431609007131e-06	Phi model:	0.0651643443768257
depth_vector,start_model,resistivity_model,conductivity_model,E/I[V/A],modelled_thickness,rhoa,sigma
0.0,16.532,11.952795193191877,0.0836624391062589,0.0001172668174062,1.0,14.365597640793393,0.0696107481919402
1.0,16.532,12.256733539713393,0.0815878061442611,7.279801593948354e-05,1.0,14.734492125124358,0.0678679652822821
2.0,16.532,12.874346985451044,0.0776738424970271,4.773804624774564e-05,1.0,15.239674478976283,0.0656181994818549
3.0,16.532,13.811511414348866,0.0724033720857728,2.869608994797037e-05,1.0,15.837809872277122,0.0631400432297412
4.0,16.532,15.07188977053478,0.0663486805718934,1.6483009780776654e-05,1.0,16.221108745710538,0.0616480670758364
5.0,16.532,16.658339095073316,0.0600299942444891,1.0315635305953898e-05,1.0,16.64207073877172,0.0600886762048342
6.0,16.532,18.57430245511309,0.0538378225732359,6.894943529853528e-06,1.5,17.06464430791094,0.058600694040626
7.5,16.532,20.86550933196454,0.0479259808179265,4.215863414957027e-06,1.5,17.579874099600445,0.056883228761162
9.0,16.532,23.50170932392008,0.0425500965149883,2.445077643934639e-06,nan,17.967161807233207,0.05565709324204
nan,nan,nan,nan,1.5423749667492609e-06,nan,18.355063832274933,0.0544808783634755
nan,nan,nan,nan,1.045509755263214e-06,nan,18.685429969681504,0.0535176338795828
nan,nan,nan,nan,6.488419708321444e-07,nan,19.10473948207764,0.0523430325201822
Name:	200_10_80_10
Lambda:	200	Maximal Depth:	10	Filter time:	10 to 80 [us]
Chi2:	2.7942854396095176	RelRMS:	8.78578773868635	AbsRMS:	2.913431609007131e-06	Phi model:	0.0651643443768257
depth_vector,start_model,resistivity_model,conductivity_model,E/I[V/A],modelled_thickness,rhoa,sigma
0.0,16.532,11.952795193191877,0.0836624391062589,0.0001172668174062,1.0,14.365597640793393,0.0696107481919402
1.0,16.532,12.256733539713393,0.0815878061442611,7.279801593948354e-05,1.0,14.734492125124358,0.0678679652822821
2.0,16.532,12.874346985451044,0.0776738424970271,4.773804624774564e-05,1.0,15.239674478976283,0.0656181994818549
3.0,16.532,13.811511414348866,0.0724033720857728,2.869608994797037e-05,1.0,15.837809872277122,0.0631400432297412
4.0,16.532,15.07188977053478,0.0663486805718934,1.6483009780776654e-05,1.0,16.221108745710538,0.0616480670758364
5.0,16.532,16.658339095073316,0.0600299942444891,1.0315635305953898e-05,1.0,16.64207073877172,0.0600886762048342
6.0,16.532,18.57430245511309,0.0538378225732359,6.894943529853528e-06,1.5,17.06464430791094,0.058600694040626
7.5,16.532,20.86550933196454,0.0479259808179265,4.215863414957027e-06,1.5,17.579874099600445,0.056883228761162
9.0,16.532,23.50170932392008,0.0425500965149883,2.445077643934639e-06,nan,17.967161807233207,0.05565709324204
nan,nan,nan,nan,1.5423749667492609e-06,nan,18.355063832274933,0.0544808783634755
nan,nan,nan,nan,1.045509755263214e-06,nan,18.685429969681504,0.0535176338795828
nan,nan,nan,nan,6.488419708321444e-07,nan,19.10473948207764,0.0523430325201822
Name:	200_10_80_11
Lambda:	200	Maximal Depth:	10	Filter time:	10 to 80 [us]
Chi2:	2.7942854396095176	RelRMS:	8.78578773868635	AbsRMS:	2.913431609007131e-06	Phi model:	0.0651643443768257
depth_vector,start_model,resistivity_model,conductivity_model,E/I[V/A],modelled_thickness,rhoa,sigma
0.0,16.532,11.952795193191877,0.0836624391062589,0.0001172668174062,1.0,14.365597640793393,0.0696107481919402
1.0,16.532,12.256733539713393,0.0815878061442611,7.279801593948354e-05,1.0,14.734492125124358,0.0678679652822821
2.0,16.532,12.874346985451044,0.0776738424970271,4.773804624774564e-05,1.0,15.239674478976283,0.0656181994818549
3.0,16.532,13.811511414348866,0.0724033720857728,2.869608994797037e-05,1.0,15.837809872277122,0.0631400432297412
4.0,16.532,15.07188977053478,0.0663486805718934,1.6483009780776654e-05,1.0,16.221108745710538,0.0616480670758364
5.0,16.532,16.658339095073316,0.0600299942444891,1.0315635305953898e-05,1.0,16.64207073877172,0.0600886762048342
6.0,16.532,18.57430245511309,0.0538378225732359,6.894943529853528e-06,1.5,17.06464430791094,0.058600694040626
7.5,16.532,20.86550933196454,0.0479259808179265,4.215863414957027e-06,1.5,17.579874099600445,0.056883228761162
9.0,16.532,23.50170932392008,0.0425500965149883,2.445077643934639e-06,nan,17.967161807233207,0.05565709324204
nan,nan,nan,nan,1.5423749667492609e-06,nan,18.355063832274933,0.0544808783634755
nan,nan,nan,nan,1.045509755263214e-06,nan,18.685429969681504,0.0535176338795828
nan,nan,nan,nan,6.488419708321444e-07,nan,19.10473948207764,0.0523430325201822
Name:	200_10_80_12
Lambda:	200	Maximal Depth:	10	Filter time:	10 to 80 [us]
Chi2:	2.7942854396095176	RelRMS:	8.78578773868635	AbsRMS:	2.913431609007131e-06	Phi model:	0.0651643443768257
depth_vector,start_model,resistivity_model,conductivity_model,E/I[V/A],modelled_thickness,rhoa,sigma
0.0,16.532,11.952795193191877,0.0836624391062589,0.0001172668174062,1.0,14.365597640793393,0.0696107481919402
1.0,16.532,12.256733539713393,0.0815878061442611,7.279801593948354e-05,1.0,14.734492125124358,0.0678679652822821
2.0,16.532,12.874346985451044,0.0776738424970271,4.773804624774564e-05,1.0,15.239674478976283,0.0656181994818549
3.0,16.532,13.811511414348866,0.0724033720857728,2.869608994797037e-05,1.0,15.837809872277122,0.0631400432297412
4.0,16.532,15.07188977053478,0.0663486805718934,1.6483009780776654e-05,1.0,16.221108745710538,0.0616480670758364
5.0,16.532,16.658339095073316,0.0600299942444891,1.0315635305953898e-05,1.0,16.64207073877172,0.0600886762048342
6.0,16.532,18.57430245511309,0.0538378225732359,6.894943529853528e-06,1.5,17.06464430791094,0.058600694040626
7.5,16.532,20.86550933196454,0.0479259808179265,4.215863414957027e-06,1.5,17.579874099600445,0.056883228761162
9.0,16.532,23.50170932392008,0.0425500965149883,2.445077643934639e-06,nan,17.967161807233207,0.05565709324204
nan,nan,nan,nan,1.5423749667492609e-06,nan,18.355063832274933,0.0544808783634755
nan,nan,nan,nan,1.045509755263214e-06,nan,18.685429969681504,0.0535176338795828
nan,nan,nan,nan,6.488419708321444e-07,nan,19.10473948207764,0.0523430325201822
Name:	200_10_80_13
Lambda:	200	Maximal Depth:	10	Filter time:	10 to 80 [us]
Chi2:	2.7942854396095176	RelRMS:	8.78578773868635	AbsRMS:	2.913431609007131e-06	Phi model:	0.0651643443768257
depth_vector,start_model,resistivity_model,conductivity_model,E/I[V/A],modelled_thickness,rhoa,sigma
0.0,16.532,11.952795193191877,0.0836624391062589,0.0001172668174062,1.0,14.365597640793393,0.0696107481919402
1.0,16.532,12.256733539713393,0.0815878061442611,7.279801593948354e-05,1.0,14.734492125124358,0.0678679652822821
2.0,16.532,12.874346985451044,0.0776738424970271,4.773804624774564e-05,1.0,15.239674478976283,0.0656181994818549
3.0,16.532,13.811511414348866,0.0724033720857728,2.869608994797037e-05,1.0,15.837809872277122,0.0631400432297412
4.0,16.532,15.07188977053478,0.0663486805718934,1.6483009780776654e-05,1.0,16.221108745710538,0.0616480670758364
5.0,16.532,16.658339095073316,0.0600299942444891,1.0315635305953898e-05,1.0,16.64207073877172,0.0600886762048342
6.0,16.532,18.57430245511309,0.0538378225732359,6.894943529853528e-06,1.5,17.06464430791094,0.058600694040626
7.5,16.532,20.86550933196454,0.0479259808179265,4.215863414957027e-06,1.5,17.579874099600445,0.056883228761162
9.0,16.532,23.50170932392008,0.0425500965149883,2.445077643934639e-06,nan,17.967161807233207,0.05565709324204
nan,nan,nan,nan,1.5423749667492609e-06,nan,18.355063832274933,0.0544808783634755
nan,nan,nan,nan,1.045509755263214e-06,nan,18.685429969681504,0.0535176338795828
nan,nan,nan,nan,6.488419708321444e-07,nan,19.10473948207764,0.0523430325201822
Name:	200_10_80_14
Lambda:	200	Maximal Depth:	10	Filter time:	10 to 80 [us]
Chi2:	2.7942854396095176	RelRMS:	8.78578773868635	AbsRMS:	2.913431609007131e-06	Phi model:	0.0651643443768257
depth_vector,start_model,resistivity_model,conductivity_model,E/I[V/A],modelled_thickness,rhoa,sigma
0.0,16.532,11.952795193191877,0.0836624391062589,0.0001172668174062,1.0,14.365597640793393,0.0696107481919402
1.0,16.532,12.256733539713393,0.0815878061442611,7.279801593948354e-05,1.0,14.734492125124358,0.0678679652822821
2.0,16.532,12.874346985451044,0.0776738424970271,4.773804624774564e-05,1.0,15.239674478976283,0.0656181994818549
3.0,16.532,13.811511414348866,0.0724033720857728,2.869608994797037e-05,1.0,15.837809872277122,0.0631400432297412
4.0,16.532,15.07188977053478,0.0663486805718934,1.6483009780776654e-05,1.0,16.221108745710538,0.0616480670758364
5.0,16.532,16.658339095073316,0.0600299942444891,1.0315635305953898e-05,1.0,16.64207073877172,0.0600886762048342
6.0,16.532,18.57430245511309,0.0538378225732359,6.894943529853528e-06,1.5,17.06464430791094,0.058600694040626
7.5,16.532,20.86550933196454,0.0479259808179265,4.215863414957027e-06,1.5,17.579874099600445,0.056883228761162
9.0,16.532,23.50170932392008,0.0425500965149883,2.445077643934639e-06,nan,17.967161807233207,0.05565709324204
nan,nan,nan,nan,1.5423749667492609e-06,nan,18.355063832274933,0.0544808783634755
nan,nan,nan,nan,1.045509755263214e-06,nan,18.685429969681504,0.0535176338795828
nan,nan,nan,nan,6.488419708321444e-07,nan,19.10473948207764,0.0523430325201822
Name:	200_10_80_15
Lambda:	200	Maximal Depth:	10	Filter time:	10 to 80 [us]
Chi2:	2.7942854396095176	RelRMS:	8.78578773868635	AbsRMS:	2.913431609007131e-06	Phi model:	0.0651643443768257
depth_vector,start_model,resistivity_model,conductivity_model,E/I[V/A],modelled_thickness,rhoa,sigma
0.0,16.532,11.952795193191877,0.0836624391062589,0.0001172668174062,1.0,14.365597640793393,0.0696107481919402
1.0,16.532,12.256733539713393,0.0815878061442611,7.279801593948354e-05,1.0,14.734492125124358,0.0678679652822821
2.0,16.532,12.874346985451044,0.0776738424970271,4.773804624774564e-05,1.0,15.239674478976283,0.0656181994818549
3.0,16.532,13.811511414348866,0.0724033720857728,2.869608994797037e-05,1.0,15.837809872277122,0.0631400432297412
4.0,16.532,15.07188977053478,0.0663486805718934,1.6483009780776654e-05,1.0,16.221108745710538,0.0616480670758364
5.0,16.532,16.658339095073316,0.0600299942444891,1.0315635305953898e-05,1.0,16.64207073877172,0.0600886762048342
6.0,16.532,18.57430245511309,0.0538378225732359,6.894943529853528e-06,1.5,17.06464430791094,0.058600694040626
7.5,16.532,20.86550933196454,0.0479259808179265,4.215863414957027e-06,1.5,17.579874099600445,0.056883228761162
9.0,16.532,23.50170932392008,0.0425500965149883,2.445077643934639e-06,nan,17.967161807233207,0.05565709324204
nan,nan,nan,nan,1.5423749667492609e-06,nan,18.355063832274933,0.0544808783634755
nan,nan,nan,nan,1.045509755263214e-06,nan,18.685429969681504,0.0535176338795828
nan,nan,nan,nan,6.488419708321444e-07,nan,19.10473948207764,0.0523430325201822
Name:	200_10_80_16
Lambda:	200	Maximal Depth:	10	Filter time:	10 to 80 [us]
Chi2:	2.7942854396095176	RelRMS:	8.78578773868635	AbsRMS:	2.913431609007131e-06	Phi model:	0.0651643443768257
depth_vector,start_model,resistivity_model,conductivity_model,E/I[V/A],modelled_thickness,rhoa,sigma
0.0,16.532,11.952795193191877,0.0836624391062589,0.0001172668174062,1.0,14.365597640793393,0.0696107481919402
1.0,16.532,12.256733539713393,0.0815878061442611,7.279801593948354e-05,1.0,14.734492125124358,0.0678679652822821
2.0,16.532,12.874346985451044,0.0776738424970271,4.773804624774564e-05,1.0,15.239674478976283,0.0656181994818549
3.0,16.532,13.811511414348866,0.0724033720857728,2.869608994797037e-05,1.0,15.837809872277122,0.0631400432297412
4.0,16.532,15.07188977053478,0.0663486805718934,1.6483009780776654e-05,1.0,16.221108745710538,0.0616480670758364
5.0,16.532,16.658339095073316,0.0600299942444891,1.0315635305953898e-05,1.0,16.64207073877172,0.0600886762048342
6.0,16.532,18.57430245511309,0.0538378225732359,6.894943529853528e-06,1.5,17.06464430791094,0.058600694040626
7.5,16.532,20.86550933196454,0.0479259808179265,4.215863414957027e-06,1.5,17.579874099600445,0.056883228761162
9.0,16.532,23.50170932392008,0.0425500965149883,2.445077643934639e-06,nan,17.967161807233207,0.05565709324204
nan,nan,nan,nan,1.5423749667492609e-06,nan,18.355063832274933,0.0544808783634755
nan,nan,nan,nan,1.045509755263214e-06,nan,18.685429969681504,0.0535176338795828
nan,nan,nan,nan,6.488419708321444e-07,nan,19.10473948207764,0.0523430325201822
Name:	200_10_80_17
Lambda:	200	Maximal Depth:	10	Filter time:	10 to 80 [us]
Chi2:	2.7942854396095176	RelRMS:	8.78578773868635	AbsRMS:	2.913431609007131e-06	Phi model:	0.0651643443768257
depth_vector,start_model,resistivity_model,conductivity_model,E/I[V/A],modelled_thickness,rhoa,sigma
0.0,16.532,11.952795193191877,0.0836624391062589,0.0001172668174062,1.0,14.365597640793393,0.0696107481919402
1.0,16.532,12.256733539713393,0.0815878061442611,7.279801593948354e-05,1.0,14.734492125124358,0.0678679652822821
2.0,16.532,12.874346985451044,0.0776738424970271,4.773804624774564e-05,1.0,15.239674478976283,0.0656181994818549
3.0,16.532,13.811511414348866,0.0724033720857728,2.869608994797037e-05,1.0,15.837809872277122,0.0631400432297412
4.0,16.532,15.07188977053478,0.0663486805718934,1.6483009780776654e-05,1.0,16.221108745710538,0.0616480670758364
5.0,16.532,16.658339095073316,0.0600299942444891,1.0315635305953898e-05,1.0,16.64207073877172,0.0600886762048342
6.0,16.532,18.57430245511309,0.0538378225732359,6.894943529853528e-06,1.5,17.06464430791094,0.058600694040626
7.5,16.532,20.86550933196454,0.0479259808179265,4.215863414957027e-06,1.5,17.579874099600445,0.056883228761162
9.0,16.532,23.50170932392008,0.0425500965149883,2.445077643934639e-06,nan,17.967161807233207,0.05565709324204
nan,nan,nan,nan,1.5423749667492609e-06,nan,18.355063832274933,0.0544808783634755
nan,nan,nan,nan,1.045509755263214e-06,nan,18.685429969681504,0.0535176338795828
nan,nan,nan,nan,6.488419708321444e-07,nan,19.10473948207764,0.0523430325201822
Name:	200_10_80_18
Lambda:	200	Maximal Depth:	10	Filter time:	10 to 80 [us]
Chi2:	2.7942854396095176	RelRMS:	8.78578773868635	AbsRMS:	2.913431609007131e-06	Phi model:	0.0651643443768257
depth_vector,start_model,resistivity_model,conductivity_model,E/I[V/A],modelled_thickness,rhoa,sigma
0.0,16.532,11.952795193191877,0.0836624391062589,0.0001172668174062,1.0,14.365597640793393,0.0696107481919402
1.0,16.532,12.256733539713393,0.0815878061442611,7.279801593948354e-05,1.0,14.734492125124358,0.0678679652822821
2.0,16.532,12.874346985451044,0.0776738424970271,4.773804624774564e-05,1.0,15.239674478976283,0.0656181994818549
3.0,16.532,13.811511414348866,0.0724033720857728,2.869608994797037e-05,1.0,15.837809872277122,0.0631400432297412
4.0,16.532,15.07188977053478,0.0663486805718934,1.6483009780776654e-05,1.0,16.221108745710538,0.0616480670758364
5.0,16.532,16.658339095073316,0.0600299942444891,1.0315635305953898e-05,1.0,16.64207073877172,0.0600886762048342
6.0,16.532,18.57430245511309,0.0538378225732359,6.894943529853528e-06,1.5,17.06464430791094,0.058600694040626
7.5,16.532,20.86550933196454,0.0479259808179265,4.215863414957027e-06,1.5,17.579874099600445,0.056883228761162
9.0,16.532,23.50170932392008,0.0425500965149883,2.445077643934639e-06,nan,17.967161807233207,0.05565709324204
nan,nan,nan,nan,1.5423749667492609e-06,nan,18.355063832274933,0.0544808783634755
nan,nan,nan,nan,1.045509755263214e-06,nan,18.685429969681504,0.0535176338795828
nan,nan,nan,nan,6.488419708321444e-07,nan,19.10473948207764,0.0523430325201822
Name:	200_10_80_19
Lambda:	200	Maximal Depth:	10	Filter time:	10 to 80 [us]
Chi2:	2.7942854396095176	RelRMS:	8.78578773868635	AbsRMS:	2.913431609007131e-06	Phi model:	0.0651643443768257
depth_vector,start_model,resistivity_model,conductivity_model,E/I[V/A],modelled_thickness,rhoa,sigma
0.0,16.532,11.952795193191877,0.0836624391062589,0.0001172668174062,1.0,14.365597640793393,0.0696107481919402
1.0,16.532,12.256733539713393,0.0815878061442611,7.279801593948354e-05,1.0,14.734492125124358,0.0678679652822821
2.0,16.532,12.874346985451044,0.0776738424970271,4.773804624774564e-05,1.0,15.239674478976283,0.0656181994818549
3.0,16.532,13.811511414348866,0.0724033720857728,2.869608994797037e-05,1.0,15.837809872277122,0.0631400432297412
4.0,16.532,15.07188977053478,0.0663486805718934,1.6483009780776654e-05,1.0,16.221108745710538,0.0616480670758364
5.0,16.532,16.658339095073316,0.0600299942444891,1.0315635305953898e-05,1.0,16.64207073877172,0.0600886762048342
6.0,16.532,18.57430245511309,0.0538378225732359,6.894943529853528e-06,1.5,17.06464430791094,0.058600694040626
7.5,16.532,20.86550933196454,0.0479259808179265,4.215863414957027e-06,1.5,17.579874099600445,0.056883228761162
9.0,16.532,23.50170932392008,0.0425500965149883,2.445077643934639e-06,nan,17.967161807233207,0.05565709324204
nan,nan,nan,nan,1.5423749667492609e-06,nan,18.355063832274933,0.0544808783634755
nan,nan,nan,nan,1.045509755263214e-06,nan,18.685429969681504,0.0535176338795828
nan,nan,nan,nan,6.488419708321444e-07,nan,19.10473948207764,0.0523430325201822
Name:	200_10_80_20
Lambda:	200	Maximal Depth:	10	Filter time:	10 to 80 [us]
Chi2:	2.7942854396095176	RelRMS:	8.78578773868635	AbsRMS:	2.913431609007131e-06	Phi model:	0.0651643443768257
depth_vector,start_model,resistivity_model,conductivity_model,E/I[V/A],modelled_thickness,rhoa,sigma
0.0,16.532,11.952795193191877,0.0836624391062589,0.0001172668174062,1.0,14.365597640793393,0.0696107481919402
1.0,16.532,12.256733539713393,0.0815878061442611,7.279801593948354e-05,1.0,14.734492125124358,0.0678679652822821
2.0,16.532,12.874346985451044,0.0776738424970271,4.773804624774564e-05,1.0,15.239674478976283,0.0656181994818549
3.0,16.532,13.811511414348866,0.0724033720857728,2.869608994797037e-05,1.0,15.837809872277122,0.0631400432297412
4.0,16.532,15.07188977053478,0.0663486805718934,1.6483009780776654e-05,1.0,16.221108745710538,0.0616480670758364
5.0,16.532,16.658339095073316,0.0600299942444891,1.0315635305953898e-05,1.0,16.64207073877172,0.0600886762048342
6.0,16.532,18.57430245511309,0.0538378225732359,6.894943529853528e-06,1.5,17.06464430791094,0.058600694040626
7.5,16.532,20.86550933196454,0.0479259808179265,4.215863414957027e-06,1.5,17.579874099600445,0.056883228761162
9.0,16.532,23.50170932392008,0.0425500965149883,2.445077643934639e-06,nan,17.967161807233207,0.05565709324204
nan,nan,nan,nan,1.5423749667492609e-06,nan,18.355063832274933,0.0544808783634755
nan,nan,nan,nan,1.045509755263214e-06,nan,18.685429969681504,0.0535176338795828
nan,nan,nan,nan,6.488419708321444e-07,nan,19.10473948207764,0.0523430325201822
Name:	200_10_80_21
Lambda:	200	Maximal Depth:	10	Filter time:	10 to 80 [us]
Chi2:	2.7942854396095176	RelRMS:	8.78578773868635	AbsRMS:	2.913431609007131e-06	Phi model:	0.0651643443768257
depth_vector,start_model,resistivity_model,conductivity_model,E/I[V/A],modelled_thickness,rhoa,sigma
0.0,16.532,11.952795193191877,0.0836624391062589,0.0001172668174062,1.0,14.365597640793393,0.0696107481919402
1.0,16.532,12.256733539713393,0.0815878061442611,7.279801593948354e-05,1.0,14.734492125124358,0.0678679652822821
2.0,16.532,12.874346985451044,0.0776738424970271,4.773804624774564e-05,1.0,15.239674478976283,0.0656181994818549
3.0,16.532,13.811511414348866,0.0724033720857728,2.869608994797037e-05,1.0,15.837809872277122,0.0631400432297412
4.0,16.532,15.07188977053478,0.0663486805718934,1.6483009780776654e-05,1.0,16.221108745710538,0.0616480670758364
5.0,16.532,16.658339095073316,0.0600299942444891,1.0315635305953898e-05,1.0,16.64207073877172,0.0600886762048342
6.0,16.532,18.57430245511309,0.0538378225732359,6.894943529853528e-06,1.5,17.06464430791094,0.058600694040626
7.5,16.532,20.86550933196454,0.0479259808179265,4.215863414957027e-06,1.5,17.579874099600445,0.056883228761162
9.0,16.532,23.50170932392008,0.0425500965149883,2.445077643934639e-06,nan,17.967161807233207,0.05565709324204
nan,nan,nan,nan,1.5423749667492609e-06,nan,18.355063832274933,0.0544808783634755
nan,nan,nan,nan,1.045509755263214e-06,nan,18.685429969681504,0.0535176338795828
nan,nan,nan,nan,6.488419708321444e-07,nan,19.10473948207764,0.0523430325201822
Name:	200_10_80_22
Lambda:	200	Maximal Depth:	10	Filter time:	10 to 80 [us]
Chi2:	2.7942854396095176	RelRMS:	8.78578773868635	AbsRMS:	2.913431609007131e-06	Phi model:	0.0651643443768257
depth_vector,start_model,resistivity_model,conductivity_model,E/I[V/A],modelled_thickness,rhoa,sigma
0.0,16.532,11.952795193191877,0.0836624391062589,0.0001172668174062,1.0,14.365597640793393,0.0696107481919402
1.0,16.532,12.256733539713393,0.0815878061442611,7.279801593948354e-05,1.0,14.734492125124358,0.0678679652822821
2.0,16.532,12.874346985451044,0.0776738424970271,4.773804624774564e-05,1.0,15.239674478976283,0.0656181994818549
3.0,16.532,13.811511414348866,0.0724033720857728,2.869608994797037e-05,1.0,15.837809872277122,0.0631400432297412
4.0,16.532,15.07188977053478,0.0663486805718934,1.6483009780776654e-05,1.0,16.221108745710538,0.0616480670758364
5.0,16.532,16.658339095073316,0.0600299942444891,1.0315635305953898e-05,1.0,16.64207073877172,0.0600886762048342
6.0,16.532,18.57430245511309,0.0538378225732359,6.894943529853528e-06,1.5,17.06464430791094,0.058600694040626
7.5,16.532,20.86550933196454,0.0479259808179265,4.215863414957027e-06,1.5,17.579874099600445,0.056883228761162
9.0,16.532,23.50170932392008,0.0425500965149883,2.445077643934639e-06,nan,17.967161807233207,0.05565709324204
nan,nan,nan,nan,1.5423749667492609e-06,nan,18.355063832274933,0.0544808783634755
nan,nan,nan,nan,1.045509755263214e-06,nan,18.685429969681504,0.0535176338795828
nan,nan,nan,nan,6.488419708321444e-07,nan,19.10473948207764,0.0523430325201822
Name:	200_10_80_23
Lambda:	200	Maximal Depth:	10	Filter time:	10 to 80 [us]
Chi2:	2.7942854396095176	RelRMS:	8.78578773868635	AbsRMS:	2.913431609007131e-06	Phi model:	0.0651643443768257
depth_vector,start_model,resistivity_model,conductivity_model,E/I[V/A],modelled_thickness,rhoa,sigma
0.0,16.532,11.952795193191877,0.0836624391062589,0.0001172668174062,1.0,14.365597640793393,0.0696107481919402
1.0,16.532,12.256733539713393,0.0815878061442611,7.279801593948354e-05,1.0,14.734492125124358,0.0678679652822821
2.0,16.532,12.874346985451044,0.0776738424970271,4.773804624774564e-05,1.0,15.239674478976283,0.0656181994818549
3.0,16.532,13.811511414348866,0.0724033720857728,2.869608994797037e-05,1.0,15.837809872277122,0.0631400432297412
4.0,16.532,15.07188977053478,0.0663486805718934,1.6483009780776654e-05,1.0,16.221108745710538,0.0616480670758364
5.0,16.532,16.658339095073316,0.0600299942444891,1.0315635305953898e-05,1.0,16.64207073877172,0.0600886762048342
6.0,16.532,18.57430245511309,0.0538378225732359,6.894943529853528e-06,1.5,17.06464430791094,0.058600694040626
7.5,16.532,20.86550933196454,0.0479259808179265,4.215863414957027e-06,1.5,17.579874099600445,0.056883228761162
9.0,16.532,23.50170932392008,0.0425500965149883,2.445077643934639e-06,nan,17.967161807233207,0.05565709324204
nan,nan,nan,nan,1.5423749667492609e-06,nan,18.355063832274933,0.0544808783634755
nan,nan,nan,nan,1.045509755263214e-06,nan,18.685429969681504,0.0535176338795828
nan,nan,nan,nan,6.488419708321444e-07,nan,19.10473948207764,0.0523430325201822
Name:	200_10_80_24
Lambda:	200	Maximal Depth:	10	Filter time:	10 to 80 [us]
Chi2:	2.7942854396095176	RelRMS:	8.78578773868635	AbsRMS:	2.913431609007131e-06	Phi model:	0.0651643443768257
depth_vector,start_model,resistivity_model,conductivity_model,E/I[V/A],modelled_thickness,rhoa,sigma
0.0,16.532,11.952795193191877,0.0836624391062589,0.0001172668174062,1.0,14.365597640793393,0.0696107481919402
1.0,16.532,12.256733539713393,0.0815878061442611,7.279801593948354e-05,1.0,14.734492125124358,0.0678679652822821
2.0,16.532,12.874346985451044,0.0776738424970271,4.773804624774564e-05,1.0,15.239674478976283,0.0656181994818549
3.0,16.532,13.811511414348866,0.0724033720857728,2.869608994797037e-05,1.0,15.837809872277122,0.0631400432297412
4.0,16.532,15.07188977053478,0.0663486805718934,1.6483009780776654e-05,1.0,16.221108745710538,0.0616480670758364
5.0,16.532,16.658339095073316,0.0600299942444891,1.0315635305953898e-05,1.0,16.64207073877172,0.0600886762048342
6.0,16.532,18.57430245511309,0.0538378225732359,6.894943529853528e-06,1.5,17.06464430791094,0.058600694040626
7.5,16.532,20.86550933196454,0.0479259808179265,4.215863414957027e-06,1.5,17.579874099600445,0.056883228761162
9.0,16.532,23.50170932392008,0.0425500965149883,2.445077643934639e-06,nan,17.967161807233207,0.05565709324204
nan,nan,nan,nan,1.5423749667492609e-06,nan,18.355063832274933,0.0544808783634755
nan,nan,nan,nan,1.045509755263214e-06,nan,18.685429969681504,0.0535176338795828
nan,nan,nan,nan,6.488419708321444e-07,nan,19.10473948207764,0.0523430325201822
Name:	200_10_80_25
Lambda:	200	Maximal Depth:	10	Filter time:	10 to 80 [us]
Chi2:	2.7942854396095176	RelRMS:	8.78578773868635	AbsRMS:	2.913431609007131e-06	Phi model:	0.0651643443768257
depth_vector,start_model,resistivity_model,conductivity_model,E/I[V/A],modelled_thickness,rhoa,sigma
0.0,16.532,11.952795193191877,0.0836624391062589,0.0001172668174062,1.0,14.365597640793393,0.0696107481919402
1.0,16.532,12.256733539713393,0.0815878061442611,7.279801593948354e-05,1.0,14.734492125124358,0.0678679652822821
2.0,16.532,12.874346985451044,0.0776738424970271,4.773804624774564e-05,1.0,15.239674478976283,0.0656181994818549
3.0,16.532,13.811511414348866,0.0724033720857728,2.869608994797037e-05,1.0,15.837809872277122,0.0631400432297412
4.0,16.532,15.07188977053478,0.0663486805718934,1.6483009780776654e-05,1.0,16.221108745710538,0.0616480670758364
5.0,16.532,16.658339095073316,0.0600299942444891,1.0315635305953898e-05,1.0,16.64207073877172,0.0600886762048342
6.0,16.532,18.57430245511309,0.0538378225732359,6.894943529853528e-06,1.5,17.06464430791094,0.058600694040626
7.5,16.532,20.86550933196454,0.0479259808179265,4.215863414957027e-06,1.5,17.579874099600445,0.056883228761162
9.0,16.532,23.50170932392008,0.0425500965149883,2.445077643934639e-06,nan,17.967161807233207,0.05565709324204
nan,nan,nan,nan,1.5423749667492609e-06,nan,18.355063832274933,0.0544808783634755
nan,nan,nan,nan,1.045509755263214e-06,nan,18.685429969681504,0.0535176338795828
nan,nan,nan,nan,6.488419708321444e-07,nan,19.10473948207764,0.0523430325201822
Name:	200_10_80_26
Lambda:	200	Maximal Depth:	10	Filter time:	10 to 80 [us]
Chi2:	2.7942854396095176	RelRMS:	8.78578773868635	AbsRMS:	2.913431609007131e-06	Phi model:	0.0651643443768257
depth_vector,start_model,resistivity_model,conductivity_model,E/I[V/A],modelled_thickness,rhoa,sigma
0.0,16.532,11.952795193191877,0.0836624391062589,0.0001172668174062,1.0,14.365597640793393,0.0696107481919402
1.0,16.532,12.256733539713393,0.0815878061442611,7.279801593948354e-05,1.0,14.734492125124358,0.0678679652822821
2.0,16.532,12.874346985451044,0.0776738424970271,4.773804624774564e-05,1.0,15.239674478976283,0.0656181994818549
3.0,16.532,13.811511414348866,0.0724033720857728,2.869608994797037e-05,1.0,15.837809872277122,0.0631400432297412
4.0,16.532,15.07188977053478,0.0663486805718934,1.6483009780776654e-05,1.0,16.221108745710538,0.0616480670758364
5.0,16.532,16.658339095073316,0.0600299942444891,1.0315635305953898e-05,1.0,16.64207073877172,0.0600886762048342
6.0,16.532,18.57430245511309,0.0538378225732359,6.894943529853528e-06,1.5,17.06464430791094,0.058600694040626
7.5,16.532,20.86550933196454,0.0479259808179265,4.215863414957027e-06,1.5,17.579874099600445,0.056883228761162
9.0,16.532,23.50170932392008,0.0425500965149883,2.445077643934639e-06,nan,17.967161807233207,0.05565709324204
nan,nan,nan,nan,1.5423749667492609e-06,nan,18.355063832274933,0.0544808783634755
nan,nan,nan,nan,1.045509755263214e-06,nan,18.685429969681504,0.0535176338795828
nan,nan,nan,nan,6.488419708321444e-07,nan,19.10473948207764,0.0523430325201822
Name:	200_10_80_27
Lambda:	200	Maximal Depth:	10	Filter time:	10 to 80 [us]
Chi2:	2.7942854396095176	RelRMS:	8.78578773868635	AbsRMS:	2.913431609007131e-06	Phi model:	0.0651643443768257
depth_vector,start_model,resistivity_model,conductivity_model,E/I[V/A],modelled_thickness,rhoa,sigma
0.0,16.532,11.952795193191877,0.0836624391062589,0.0001172668174062,1.0,14.365597640793393,0.0696107481919402
1.0,16.532,12.256733539713393,0.0815878061442611,7.279801593948354e-05,1.0,14.734492125124358,0.0678679652822821
2.0,16.532,12.874346985451044,0.0776738424970271,4.773804624774564e-05,1.0,15.239674478976283,0.0656181994818549
3.0,16.532,13.811511414348866,0.0724033720857728,2.869608994797037e-05,1.0,15.837809872277122,0.0631400432297412
4.0,16.532,15.07188977053478,0.0663486805718934,1.6483009780776654e-05,1.0,16.221108745710538,0.0616480670758364
5.0,16.532,16.658339095073316,0.0600299942444891,1.0315635305953898e-05,1.0,16.64207073877172,0.0600886762048342
6.0,16.532,18.57430245511309,0.0538378225732359,6.894943529853528e-06,1.5,17.06464430791094,0.058600694040626
7.5,16.532,20.86550933196454,0.0479259808179265,4.215863414957027e-06,1.5,17.579874099600445,0.056883228761162
9.0,16.532,23.50170932392008,0.0425500965149883,2.445077643934639e-06,nan,17.967161807233207,0.05565709324204
nan,nan,nan,nan,1.5423749667492609e-06,nan,18.355063832274933,0.0544808783634755
nan,nan,nan,nan,1.045509755263214e-06,nan,18.685429969681504,0.0535176338795828
nan,nan,nan,nan,6.488419708321444e-07,nan,19.10473948207764,0.0523430325201822
Name:	200_10_80_28
Lambda:	200	Maximal Depth:	10	Filter time:	10 to 80 [us]
Chi2:	2.7942854396095176	RelRMS:	8.78578773868635	AbsRMS:	2.913431609007131e-06	Phi model:	0.0651643443768257
depth_vector,start_model,resistivity_model,conductivity_model,E/I[V/A],modelled_thickness,rhoa,sigma
0.0,16.532,11.952795193191877,0.0836624391062589,0.0001172668174062,1.0,14.365597640793393,0.0696107481919402
1.0,16.532,12.256733539713393,0.0815878061442611,7.279801593948354e-05,1.0,14.734492125124358,0.0678679652822821
2.0,16.532,12.874346985451044,0.0776738424970271,4.773804624774564e-05,1.0,15.239674478976283,0.0656181994818549
3.0,16.532,13.811511414348866,0.0724033720857728,2.869608994797037e-05,1.0,15.837809872277122,0.0631400432297412
4.0,16.532,15.07188977053478,0.0663486805718934,1.6483009780776654e-05,1.0,16.221108745710538,0.0616480670758364
5.0,16.532,16.658339095073316,0.0600299942444891,1.0315635305953898e-05,1.0,16.64207073877172,0.0600886762048342
6.0,16.532,18.57430245511309,0.0538378225732359,6.894943529853528e-06,1.5,17.06464430791094,0.058600694040626
7.5,16.532,20.86550933196454,0.0479259808179265,4.215863414957027e-06,1.5,17.579874099600445,0.056883228761162
9.0,16.532,23.50170932392008,0.0425500965149883,2.445077643934639e-06,nan,17.967161807233207,0.05565709324204
nan,nan,nan,nan,1.5423749667492609e-06,nan,18.355063832274933,0.0544808783634755
nan,nan,nan,nan,1.045509755263214e-06,nan,18.685429969681504,0.0535176338795828
nan,nan,nan,nan,6.488419708321444e-07,nan,19.10473948207764,0.0523430325201822
Name:	200_10_80_29
Lambda:	200	Maximal Depth:	10	Filter time:	10 to 80 [us]
Chi2:	2.7942854396095176	RelRMS:	8.78578773868635	AbsRMS:	2.913431609007131e-06	Phi model:	0.0651643443768257
depth_vector,start_model,resistivity_model,conductivity_model,E/I[V/A],modelled_thickness,rhoa,sigma
0.0,16.532,11.952795193191877,0.0836624391062589,0.0001172668174062,1.0,14.365597640793393,0.0696107481919402
1.0,16.532,12.256733539713393,0.0815878061442611,7.279801593948354e-05,1.0,14.734492125124358,0.0678679652822821
2.0,16.532,12.874346985451044,0.0776738424970271,4.773804624774564e-05,1.0,15.239674478976283,0.0656181994818549
3.0,16.532,13.811511414348866,0.0724033720857728,2.869608994797037e-05,1.0,15.837809872277122,0.0631400432297412
4.0,16.532,15.07188977053478,0.0663486805718934,1.6483009780776654e-05,1.0,16.221108745710538,0.0616480670758364
5.0,16.532,16.658339095073316,0.0600299942444891,1.0315635305953898e-05,1.0,16.64207073877172,0.0600886762048342
6.0,16.532,18.57430245511309,0.0538378225732359,6.894943529853528e-06,1.5,17.06464430791094,0.058600694040626
7.5,16.532,20.86550933196454,0.0479259808179265,4.215863414957027e-06,1.5,17.579874099600445,0.056883228761162
9.0,16.532,23.50170932392008,0.0425500965149883,2.445077643934639e-06,nan,17.967161807233207,0.05565709324204
nan,nan,nan,nan,1.5423749667492609e-06,nan,18.355063832274933,0.0544808783634755
nan,nan,nan,nan,1.045509755263214e-06,nan,18.685429969681504,0.0535176338795828
nan,nan,nan,nan,6.488419708321444e-07,nan,19.10473948207764,0.0523430325201822
Name:	200_10_80_30
Lambda:	200	Maximal Depth:	10	Filter time:	10 to 80 [us]
Chi2:	2.7942854396095176	RelRMS:	8.78578773868635	AbsRMS:	2.913431609007131e-06	Phi model:	0.0651643443768257
depth_vector,start_model,resistivity_model,conductivity_model,E/I[V/A],modelled_thickness,rhoa,sigma
0.0,16.532,11.952795193191877,0.0836624391062589,0.0001172668174062,1.0,14.365597640793393,0.0696107481919402
1.0,16.532,12.256733539713393,0.0815878061442611,7.279801593948354e-05,1.0,14.734492125124358,0.0678679652822821
2.0,16.532,12.874346985451044,0.0776738424970271,4.773804624774564e-05,1.0,15.239674478976283,0.0656181994818549
3.0,16.532,13.811511414348866,0.0724033720857728,2.869608994797037e-05,1.0,15.837809872277122,0.0631400432297412
4.0,16.532,15.07188977053478,0.0663486805718934,1.6483009780776654e-05,1.0,16.221108745710538,0.0616480670758364
5.0,16.532,16.658339095073316,0.0600299942444891,1.0315635305953898e-05,1.0,16.64207073877172,0.0600886762048342
6.0,16.532,18.57430245511309,0.0538378225732359,6.894943529853528e-06,1.5,17.06464430791094,0.058600694040626
7.5,16.532,20.86550933196454,0.0479259808179265,4.215863414957027e-06,1.5,17.579874099600445,0.056883228761162
9.0,16.532,23.50170932392008,0.0425500965149883,2.445077643934639e-06,nan,17.967161807233207,0.05565709324204
nan,nan,nan,nan,1.5423749667492609e-06,nan,18.355063832274933,0.0544808783634755
nan,nan,nan,nan,1.045509755263214e-06,nan,18.685429969681504,0.0535176338795828
nan,nan,nan,nan,6.488419708321444e-07,nan,19.10473948207764,0.0523430325201822
Name:	183_10_80_1
Lambda:	183	Maximal Depth:	10	Filter time:	10 to 80 [us]
Chi2:	2.782303564320369	RelRMS:	8.736417690331594	AbsRMS:	2.8908682466125585e-06	Phi model:	0.0658810396301391
depth_vector,start_model,resistivity_model,conductivity_model,E/I[V/A],modelled_thickness,rhoa,sigma
0.0,16.532,11.938021443058084,0.0837659745184572,0.0001173722996392,1.0,14.356989463331669,0.06965248547086
1.0,16.532,12.242471585805026,0.0816828524363892,7.285078596788303e-05,1.0,14.727375903866898,0.0679007588675342
2.0,16.532,12.861110342932058,0.0777537843417663,4.776409127720156e-05,1.0,15.234134000888616,0.0656420640609876
3.0,16.532,13.800012978844755,0.0724636999641223,2.8705206839134854e-05,1.0,15.83445625925483,0.0631534157932026
4.0,16.532,15.063346400633616,0.0663863110761322,1.648454661805872e-05,1.0,16.220100545217292,0.061651898964021
5.0,16.532,16.654892587566167,0.0600424166497811,1.031450987356716e-05,1.0,16.64328127842486,0.0600843056889465
6.0,16.532,18.57953972804874,0.053822646558372,6.8929157359786844e-06,1.5,17.067990921168903,0.058589203885721
7.5,16.532,20.88728633621232,0.0478760133750021,4.2136792962915964e-06,1.5,17.58594847659097,0.0568635806781261
9.0,16.532,23.55273214217167,0.0424579192750839,2.4432883009770774e-06,nan,17.975932907940766,0.0556299361552609
nan,nan,nan,nan,1.5409631783485807e-06,nan,18.366273060078303,0.0544476278191486
nan,nan,nan,nan,1.0443899529867954e-06,nan,18.698784017241813,0.0534794133713677
nan,nan,nan,nan,6.480278142695739e-07,nan,19.12073776028216,0.0522992372228028
Name:	183_10_80_2
Lambda:	183.0	Maximal Depth:	10	Filter time:	10.0 to 80.0 [us]
Chi2:	2.782303564320369	RelRMS:	8.736417690331594	AbsRMS:	2.8908682466125585e-06	Phi model:	0.06588103963013917
depth_vector,start_model,resistivity_model,conductivity_model,E/I[V/A],modelled_thickness,rhoa,sigma
0.0,16.532,11.938021443058085,0.08376597451845727,0.00011737229963924328,1.0,14.356989463331667,0.06965248547086007
1.0,16.532,12.242471585805026,0.08168285243638923,7.285078596788303e-05,1.0,14.727375903866898,0.06790075886753422
2.0,16.532,12.861110342932058,0.07775378434176636,4.776409127720156e-05,1.0,15.234134000888616,0.0656420640609876
3.0,16.532,13.800012978844755,0.0724636999641223,2.8705206839134854e-05,1.0,15.83445625925483,0.06315341579320262
4.0,16.532,15.063346400633616,0.06638631107613223,1.648454661805872e-05,1.0,16.220100545217292,0.061651898964021096
5.0,16.532,16.654892587566167,0.06004241664978118,1.0314509873567161e-05,1.0,16.64328127842486,0.06008430568894653
6.0,16.532,18.57953972804874,0.053822646558372086,6.8929157359786844e-06,1.5,17.067990921168903,0.05858920388572101
7.5,16.532,20.88728633621232,0.047876013375002115,4.2136792962915964e-06,1.5,17.58594847659097,0.05686358067812613
9.0,16.532,23.55273214217167,0.04245791927508395,2.4432883009770774e-06,nan,17.975932907940766,0.055629936155260996
nan,nan,nan,nan,1.5409631783485807e-06,nan,18.366273060078306,0.05444762781914865
nan,nan,nan,nan,1.0443899529867954e-06,nan,18.698784017241813,0.05347941337136778
nan,nan,nan,nan,6.480278142695739e-07,nan,19.120737760282157,0.052299237222802816
