Name:	10.0_10_80_1
Lambda:	10	Maximal Depth:	10	Filter time:	10 to 80 [us]
Chi2:	0.4207062034559445	RelRMS:	3.2872734543192417	AbsRMS:	7.693866400486068e-07	Phi model:	0.0602315284323846
depth_vector,start_model,resistivity_model,conductivity_model,E/I[V/A],modelled_thickness,rhoa,sigma
0.0,15.259,16.988985172922504,0.0588616677112548,0.0001177950815492,1.0,14.579532589949515,0.0685893044808141
1.0,15.259,16.525014567721396,0.0605143188165968,7.550631989330311e-05,1.0,14.637960771602444,0.0683155267050581
2.0,15.259,15.704303158429104,0.0636768145591523,5.1058059997149154e-05,1.0,14.83305111312529,0.0674170130186588
3.0,15.259,14.729025670601736,0.067893153448428,3.179739386228378e-05,1.0,15.055800076970748,0.0664195854679017
4.0,15.259,13.836849249822365,0.0722707880923713,1.881746611666494e-05,1.0,15.116527318462566,0.0661527597531379
5.0,15.259,13.25571736446302,0.0754391461816226,1.208215302805353e-05,1.0,15.246250250502476,0.0655898980778596
6.0,15.259,13.19492473495344,0.0757867149746594,8.263803104279609e-06,1.5,15.395211411308582,0.0649552625997359
7.5,15.259,14.350080336420644,0.0696860210226134,5.187246313373465e-06,1.5,15.584879541017589,0.0641647564466646
9.0,15.259,17.525019578350467,0.0570612771945402,3.0775325881937946e-06,nan,15.688956429699278,0.0637391023731186
nan,nan,nan,nan,1.978814878907552e-06,nan,15.824634257935436,0.0631926137249294
nan,nan,nan,nan,1.3633684543710638e-06,nan,15.93556904766134,0.0627527010180259
nan,nan,nan,nan,8.619780980861041e-07,nan,16.092524195254942,0.0621406553668479
Name:	12.742749857031335_10_80_1
Lambda:	12.742749857031336	Maximal Depth:	10	Filter time:	10 to 80 [us]
Chi2:	0.3945701272397643	RelRMS:	3.2493513533516727	AbsRMS:	6.923766992823787e-07	Phi model:	0.0432031628615605
depth_vector,start_model,resistivity_model,conductivity_model,E/I[V/A],modelled_thickness,rhoa,sigma
0.0,15.259,16.476531400571105,0.06069238577516,0.0001175945393931,1.0,14.596103543635836,0.0685114350559686
1.0,15.259,16.11952838658198,0.0620365544213072,7.532093267602362e-05,1.0,14.661969846137964,0.0682036595692089
2.0,15.259,15.480710596603071,0.064596517954378,5.090335390506529e-05,1.0,14.863089769834074,0.0672807616374346
3.0,15.259,14.715654887630157,0.0679548418086775,3.168907348538276e-05,1.0,15.09008996654164,0.0662686572589852
4.0,15.259,14.020258306168987,0.0713253620698268,1.875660119552012e-05,1.0,15.149211610940952,0.0660100357485129
5.0,15.259,13.589195456421404,0.07358787377861,1.204610427519086e-05,1.0,15.276652032171253,0.0654593688390682
6.0,15.259,13.605737279033733,0.0734984058189178,8.241032549503343e-06,1.5,15.42355707185552,0.0648358867763891
7.5,15.259,14.67002958448718,0.0681661883666171,5.175157611917189e-06,1.5,15.60914001747461,0.0640650284948747
9.0,15.259,17.42038055849712,0.0574040272336204,3.0724582588883e-06,nan,15.706225779327063,0.0636690197918984
nan,nan,nan,nan,1.976733094529464e-06,nan,15.835742719943784,0.0631482853494825
nan,nan,nan,nan,1.3625770999509742e-06,nan,15.941738466209303,0.0627284158575074
nan,nan,nan,nan,8.620083626295834e-07,nan,16.092147527796897,0.0621421098876108
Name:	16.237767391887218_10_80_1
Lambda:	16.237767391887218	Maximal Depth:	10	Filter time:	10 to 80 [us]
Chi2:	0.3906391716250239	RelRMS:	3.2472519087511293	AbsRMS:	6.51603693491757e-07	Phi model:	0.030954476776477
depth_vector,start_model,resistivity_model,conductivity_model,E/I[V/A],modelled_thickness,rhoa,sigma
0.0,15.259,16.048603372155842,0.062310718061298,0.0001174915732407,1.0,14.604630028554396,0.0684714366639099
1.0,15.259,15.76708834524755,0.0634232508947294,7.520445143930476e-05,1.0,14.677105508828507,0.0681333250209644
2.0,15.259,15.283867089315784,0.0654284674262217,5.079833758006967e-05,1.0,14.883567208429016,0.0671881939320077
3.0,15.259,14.709372573046108,0.0679838650516222,3.161265323487302e-05,1.0,15.114399311428013,0.0661620736223304
4.0,15.259,14.191847571572028,0.0704629890475374,1.871378055154034e-05,1.0,15.172312300673555,0.0659095317959943
5.0,15.259,13.890303691145196,0.0719926664121448,1.202098795654764e-05,1.0,15.297923704269143,0.0653683479752832
6.0,15.259,13.969635342038144,0.0715838298935941,8.225324813994303e-06,1.5,15.4431868628997,0.0647534740644998
7.5,15.259,14.94861237443763,0.066895841229385,5.167078397236594e-06,1.5,15.625406689181377,0.0639983342444695
9.0,15.259,17.32937589231121,0.0577054826563999,3.069401490765656e-06,nan,15.716651769579135,0.063626783532583
nan,nan,nan,nan,1.97574539746041e-06,nan,15.841019922766352,0.0631272484269035
nan,nan,nan,nan,1.362427357903874e-06,nan,15.942906530846612,0.062723820030255
nan,nan,nan,nan,8.623535234116634e-07,nan,16.08785327285501,0.0621586971884743
Name:	20.6913808111479_10_80_1
Lambda:	20.6913808111479	Maximal Depth:	10	Filter time:	10 to 80 [us]
Chi2:	0.3963454841884427	RelRMS:	3.2643010655735627	AbsRMS:	6.353518591502343e-07	Phi model:	0.0222144435862797
depth_vector,start_model,resistivity_model,conductivity_model,E/I[V/A],modelled_thickness,rhoa,sigma
0.0,15.259,15.67971836464689,0.0637766557245507,0.0001174590432173,1.0,14.607326384189632,0.0684587975717691
1.0,15.259,15.47961382473382,0.0646010947897271,7.513871595408489e-05,1.0,14.68566448775174,0.0680936161134573
2.0,15.259,15.12455997387522,0.0661176260153887,5.073038068458882e-05,1.0,14.896855962634431,0.0671282586411713
3.0,15.259,14.701704787081558,0.0680193225535792,3.1560198229913423e-05,1.0,15.131142054427382,0.0660888647005596
4.0,15.259,14.332334671570374,0.0697723031812535,1.8684470300897136e-05,1.0,15.188175317127808,0.0658406937713112
5.0,15.259,14.1504217228106,0.0706692718838189,1.2004020771771671e-05,1.0,15.312335630330974,0.0653068234750014
6.0,15.259,14.294680306642128,0.0699560940537678,8.214862629946512e-06,1.5,15.456296044389848,0.0646985537238702
7.5,15.259,15.19808147597796,0.0657977785933439,5.16195195656914e-06,1.5,15.635750252780277,0.0639559972392232
9.0,15.259,17.249969903280277,0.0579711156371257,3.0678030269135274e-06,nan,15.722110685586337,0.0636046915072781
nan,nan,nan,nan,1.9755308494481986e-06,nan,15.842166820513691,0.0631226783134944
nan,nan,nan,nan,1.3627199894038247e-06,nan,15.940624054779612,0.0627328012105123
nan,nan,nan,nan,8.629051270844858e-07,nan,16.080996540179733,0.0621852008674596
Name:	26.366508987303583_10_80_1
Lambda:	26.366508987303583	Maximal Depth:	10	Filter time:	10 to 80 [us]
Chi2:	0.4053737158350018	RelRMS:	3.290504663719103	AbsRMS:	6.337468214014402e-07	Phi model:	0.0161478482244138
depth_vector,start_model,resistivity_model,conductivity_model,E/I[V/A],modelled_thickness,rhoa,sigma
0.0,15.259,15.382770210039796,0.0650077967977013,0.0001174699475257,1.0,14.606422406848884,0.0684630344204686
1.0,15.259,15.23969776149483,0.065618099233348,7.51068576626325e-05,1.0,14.68981703453301,0.0680743672742272
2.0,15.259,14.985267433172384,0.0667322091153564,5.06884107878993e-05,1.0,14.905077871715132,0.0670912294861381
3.0,15.259,14.69065041018406,0.0680705055309713,3.152512267016099e-05,1.0,15.142363473268734,0.0660398888037082
4.0,15.259,14.452209907812472,0.0691935701445511,1.866500838847324e-05,1.0,15.19873124034714,0.0657949656577492
5.0,15.259,14.377332052091557,0.0695539336767647,1.1992993662498764e-05,1.0,15.32172027263162,0.0652668226678336
6.0,15.259,14.578546117680569,0.0685939456464194,8.208223435319734e-06,1.5,15.464629437505346,0.0646636897470537
7.5,15.259,15.413217519517922,0.0648793802289294,5.158956672636241e-06,1.5,15.641801732273557,0.0639312540278982
9.0,15.259,17.18146726141081,0.058202246920202,3.0672215640643672e-06,nan,15.724097616161067,0.0635966542825459
nan,nan,nan,nan,1.975830991941283e-06,nan,15.840562422884936,0.0631290716392301
nan,nan,nan,nan,1.36329114004946e-06,nan,15.93617152893095,0.0627503285958345
nan,nan,nan,nan,8.635704057108426e-07,nan,16.072736478369144,0.062217158935307
Name:	33.59818286283781_10_80_1
Lambda:	33.59818286283781	Maximal Depth:	10	Filter time:	10 to 80 [us]
Chi2:	0.4147233156259504	RelRMS:	3.320081656230573	AbsRMS:	6.39303787595851e-07	Phi model:	0.0120863859128295
depth_vector,start_model,resistivity_model,conductivity_model,E/I[V/A],modelled_thickness,rhoa,sigma
0.0,15.259,15.139560953965736,0.0660521136009597,0.0001175013222334,1.0,14.603822194233205,0.0684752242734701
1.0,15.259,15.043118911029875,0.0664755763691253,7.509487603290706e-05,1.0,14.691379531449204,0.0680671272469234
2.0,15.259,14.874023001339978,0.0672313065476577,5.066344199703001e-05,1.0,14.90997464665642,0.0670691951997551
3.0,15.259,14.686542169710748,0.0680895467731255,3.1502204244590815e-05,1.0,15.149706812623233,0.066007878064463
4.0,15.259,14.555904130640316,0.0687006448397108,1.8652528701477126e-05,1.0,15.205509740899377,0.0657656347626562
5.0,15.259,14.568219171758564,0.0686425697067054,1.1986195259204364e-05,1.0,15.32751323623962,0.0652421553703603
6.0,15.259,14.81546067321506,0.0674970574359462,8.204315844336845e-06,1.5,15.469539426488987,0.0646431656709616
7.5,15.259,15.590946972591942,0.0641397858486689,5.15746788025121e-06,1.5,15.644811772032934,0.0639189537446289
9.0,15.259,17.123404076280025,0.0583996029963012,3.0673223438299543e-06,nan,15.723753194246893,0.0635980473393519
nan,nan,nan,nan,1.97645012935924e-06,nan,15.837254135672609,0.0631422588431886
nan,nan,nan,nan,1.3640171036321846e-06,nan,15.930516611254292,0.062772603324963
nan,nan,nan,nan,8.642794250676125e-07,nan,16.063945000647102,0.0622512091494161
Name:	42.81332398719393_10_80_1
Lambda:	42.81332398719393	Maximal Depth:	10	Filter time:	10 to 80 [us]
Chi2:	0.4233851203265954	RelRMS:	3.3505053804037552	AbsRMS:	6.475782774463044e-07	Phi model:	0.0093794753469063
depth_vector,start_model,resistivity_model,conductivity_model,E/I[V/A],modelled_thickness,rhoa,sigma
0.0,15.259,14.9440398722082,0.0669163096827468,0.0001175392358743,1.0,14.60068160413828,0.0684899532167436
1.0,15.259,14.884903068514536,0.0671821640622747,7.509316322801642e-05,1.0,14.691602928360204,0.0680660922348801
2.0,15.259,14.78457493430311,0.0676380622671676,5.064867050796327e-05,1.0,14.912873463429255,0.0670561580537978
3.0,15.259,14.68436608796036,0.0680996369887492,3.148715058799468e-05,1.0,15.154535032208122,0.0659868480210503
4.0,15.259,14.64260997717326,0.0682938356999828,1.864463638097492e-05,1.0,15.209800458039656,0.065747082136861
5.0,15.259,14.727506260742054,0.0679001578607792,1.1982194248003451e-05,1.0,15.33092508432448,0.065227635938452
6.0,15.259,15.012961895672596,0.066609107979435,8.202228416448293e-06,1.5,15.47216393102306,0.0646322004121809
7.5,15.259,15.73756199354967,0.0635422437357113,5.1569789010097785e-06,1.5,15.645800705987046,0.0639149135791649
9.0,15.259,17.073639187797763,0.0585698215243228,3.067857751416849e-06,nan,15.721923717496306,0.0636054479062978
nan,nan,nan,nan,1.9772588536653705e-06,nan,15.832935414124965,0.0631594820444902
nan,nan,nan,nan,1.3648253139387315e-06,nan,15.9242269278112,0.0627973969809189
nan,nan,nan,nan,8.649996313998805e-07,nan,16.0550271078582,0.0622857870797705
Name:	54.5559478116852_10_80_1
Lambda:	54.5559478116852	Maximal Depth:	10	Filter time:	10 to 80 [us]
Chi2:	0.4309717229394486	RelRMS:	3.3805894734249566	AbsRMS:	6.553450276617435e-07	Phi model:	0.0075900840208826
depth_vector,start_model,resistivity_model,conductivity_model,E/I[V/A],modelled_thickness,rhoa,sigma
0.0,15.259,14.788833442549356,0.0676185855959992,0.0001175731391005,1.0,14.59787464778154,0.0685031228263061
1.0,15.259,14.759337081074383,0.0677537205436063,7.509458748719998e-05,1.0,14.691417165158208,0.0680669528853605
2.0,15.259,14.713968580216918,0.0679626298335658,5.0639130774216e-05,1.0,14.914746328328375,0.0670477377212005
3.0,15.259,14.684104088997458,0.0681008520464849,3.147688824010798e-05,1.0,15.157828722060666,0.0659725095418582
4.0,15.259,14.714647881733168,0.0679594923396981,1.8639649555853087e-05,1.0,15.212513142564667,0.0657353581639312
5.0,15.259,14.858941466068428,0.0672995450102269,1.1980004005567292e-05,1.0,15.33279361011187,0.0652196869943196
6.0,15.259,15.175388451797112,0.0658961715000829,8.201344210885211e-06,1.5,15.47327597048541,0.0646275553998685
7.5,15.259,15.856566485690196,0.0630653553467866,5.157156046733208e-06,1.5,15.645442420331552,0.0639163772512102
9.0,15.259,17.030472421708545,0.0587182771703568,3.0686712769689667e-06,nan,15.719144935690917,0.0636166918805781
nan,nan,nan,nan,1.978179664650244e-06,nan,15.828021714118782,0.0631790894694052
nan,nan,nan,nan,1.3656752323940057e-06,nan,15.917619354625309,0.0628234648486817
nan,nan,nan,nan,8.657156300856452e-07,nan,16.04617357439339,0.0623201534848038
Name:	69.51927961775606_10_80_1
Lambda:	69.51927961775606	Maximal Depth:	10	Filter time:	10 to 80 [us]
Chi2:	0.437405660117228	RelRMS:	3.410077675020505	AbsRMS:	6.604322278867229e-07	Phi model:	0.0064072021654647
depth_vector,start_model,resistivity_model,conductivity_model,E/I[V/A],modelled_thickness,rhoa,sigma
0.0,15.259,14.66745160776603,0.0681781693740531,0.0001175959200322,1.0,14.59598929936651,0.0685119713018289
1.0,15.259,14.661345327649329,0.0682065647900765,7.509418974228884e-05,1.0,14.69146904161964,0.068066712536853
2.0,15.259,14.659543754685984,0.0682149469815761,5.0631302139351885e-05,1.0,14.916283705265837,0.0670408273105568
3.0,15.259,14.68579633921381,0.0680930047579247,3.146921990216396e-05,1.0,15.160291035677078,0.0659617943776063
4.0,15.259,14.774375117480792,0.067684757700298,1.863638564770344e-05,1.0,15.214289266517577,0.0657276841844148
5.0,15.259,14.966440888515276,0.0668161527145284,1.1978946316972875e-05,1.0,15.333696142596729,0.0652158482012708
6.0,15.259,15.307345707401986,0.0653281123399755,8.201249380259056e-06,1.5,15.473395248053423,0.0646270572145955
7.5,15.259,15.951515718735983,0.0626899673756671,5.157786605368503e-06,1.5,15.644167251917924,0.0639215871255405
9.0,15.259,16.992210837101915,0.0588504938872659,3.0696738323976925e-06,nan,15.715722167690751,0.0636305471253401
nan,nan,nan,nan,1.979175981742352e-06,nan,15.822709384782486,0.0632003012683625
nan,nan,nan,nan,1.366553127344432e-06,nan,15.910801473935832,0.0628503851071326
nan,nan,nan,nan,8.664279109257649e-07,nan,16.03737811399989,0.0623543320417847
Name:	88.58667904100822_10_80_1
Lambda:	88.58667904100822	Maximal Depth:	10	Filter time:	10 to 80 [us]
Chi2:	0.4427510860833589	RelRMS:	3.439314186190604	AbsRMS:	6.6137121618629e-07	Phi model:	0.0056155780641016
depth_vector,start_model,resistivity_model,conductivity_model,E/I[V/A],modelled_thickness,rhoa,sigma
0.0,15.259,14.574396544689291,0.0686134754830988,0.000117602780916,1.0,14.59542161233498,0.0685146360660711
1.0,15.259,14.586605913429423,0.0685560442185753,7.508852640795595e-05,1.0,14.692207739963688,0.0680632902623572
2.0,15.259,14.619030086905646,0.0684039908294399,5.06227016866721e-05,1.0,14.917973107525512,0.067033235198389
3.0,15.259,14.689550648281676,0.06807560176233,3.1462593885806504e-05,1.0,15.162419463935027,0.0659525349749475
4.0,15.259,14.824046037775096,0.0674579664318208,1.863403315880188e-05,1.0,15.215569744135726,0.0657221528221388
5.0,15.259,15.053786851656197,0.0664284681226226,1.1978573344780408e-05,1.0,15.334014433844844,0.0652144945026806
6.0,15.259,15.413306207083677,0.0648790069154934,8.201682541711879e-06,1.5,15.472850438104963,0.0646293327787426
7.5,15.259,16.025740281302294,0.06239961352467,5.158748792050596e-06,1.5,15.64222193817978,0.0639295366062531
9.0,15.259,16.95720957215676,0.0589719668053151,3.070826563206013e-06,nan,15.711788996314908,0.063646475919104
nan,nan,nan,nan,1.9802414339642034e-06,nan,15.817033358721485,0.0632229810306748
nan,nan,nan,nan,1.367464910633177e-06,nan,15.903728134347816,0.0628783384343867
nan,nan,nan,nan,8.671484554517309e-07,nan,16.028492864219537,0.0623888976007409
Name:	112.88378916846884_10_80_1
Lambda:	112.88378916846884	Maximal Depth:	10	Filter time:	10 to 80 [us]
Chi2:	0.4471450223682597	RelRMS:	3.4689453611757752	AbsRMS:	6.570855797289623e-07	Phi model:	0.0050694334046598
depth_vector,start_model,resistivity_model,conductivity_model,E/I[V/A],modelled_thickness,rhoa,sigma
0.0,15.259,14.505180104346223,0.0689408882072665,0.0001175901191303,1.0,14.596469323856324,0.0685097181936737
1.0,15.259,14.531585617549336,0.0688156149176406,7.507498732012599e-05,1.0,14.69397409046837,0.0680551084303787
2.0,15.259,14.590596030221915,0.068537296072667,5.061144373133434e-05,1.0,14.920185250826515,0.0670232965066304
3.0,15.259,14.69556038619349,0.0680477622982994,3.1455842343099924e-05,1.0,15.164588982710969,0.0659430994892174
4.0,15.259,14.865747474308362,0.0672687331550764,1.8632001013819525e-05,1.0,15.216676073031843,0.0657173744910215
5.0,15.259,15.124459512327515,0.0661180651900273,1.1978573127617255e-05,1.0,15.33401461917481,0.0652144937144852
6.0,15.259,15.497380617098798,0.0645270336134524,8.20247160257568e-06,1.5,15.471858117978448,0.0646334779167856
7.5,15.259,16.082197650482442,0.0621805565217637,5.159973009869401e-06,1.5,15.639747733492136,0.0639396502450307
9.0,15.259,16.92393883992738,0.059087899658487,3.072118190864005e-06,nan,15.707384824715849,0.0636643216652133
nan,nan,nan,nan,1.9813854691465963e-06,nan,15.810944358638046,0.0632473290220433
nan,nan,nan,nan,1.3684263375967856e-06,nan,15.896278183200437,0.0629078070020707
nan,nan,nan,nan,8.678946121806272e-07,nan,16.019304742381504,0.0624246817250656
Name:	143.8449888287663_10_80_1
Lambda:	143.8449888287663	Maximal Depth:	10	Filter time:	10 to 80 [us]
Chi2:	0.4508435373548905	RelRMS:	3.5003546432129653	AbsRMS:	6.469670634670346e-07	Phi model:	0.0046704326542089
depth_vector,start_model,resistivity_model,conductivity_model,E/I[V/A],modelled_thickness,rhoa,sigma
0.0,15.259,14.456185725523657,0.0691745401578794,0.0001175557121491,1.0,14.599317312217677,0.0684963535358693
1.0,15.259,14.49344896772854,0.0689966896234722,7.50519806060135e-05,1.0,14.696976834157924,0.0680412040710205
2.0,15.259,14.572786979424324,0.0686210538459063,5.059640908724063e-05,1.0,14.923140777660644,0.0670100225481328
3.0,15.259,14.704053101073924,0.0680084595129056,3.144832089297602e-05,1.0,15.167006815106994,0.0659325872395571
4.0,15.259,14.90131500655083,0.0671081712963175,1.863002156972192e-05,1.0,15.217753904178894,0.0657127199123251
5.0,15.259,15.181500826131474,0.065869640390147,1.1978847393920898e-05,1.0,15.333780561065549,0.0652154891624789
6.0,15.259,15.563120397491211,0.0642544666146257,8.20359414527039e-06,1.5,15.470446686427064,0.064639374690929
7.5,15.259,16.123336479213727,0.0620219023084461,5.161485214148082e-06,1.5,15.63669284425555,0.063952141924139
9.0,15.259,16.89074069704404,0.059204034798486,3.073593978324232e-06,nan,15.70235648391811,0.0636847087903124
nan,nan,nan,nan,1.9826537517373017e-06,nan,15.804200910541573,0.0632743158392139
nan,nan,nan,nan,1.3694780768850866e-06,nan,15.888138400473798,0.0629400358175492
nan,nan,nan,nan,8.686993875371394e-07,nan,16.00940954101402,0.0624632655837887
Name:	183.29807108324357_10_80_1
Lambda:	183.2980710832436	Maximal Depth:	10	Filter time:	10 to 80 [us]
Chi2:	0.4541421236536778	RelRMS:	3.534705050786539	AbsRMS:	6.303558591109033e-07	Phi model:	0.0043540507460984
depth_vector,start_model,resistivity_model,conductivity_model,E/I[V/A],modelled_thickness,rhoa,sigma
0.0,15.259,14.424702084213353,0.0693255218833543,0.0001174967927133,1.0,14.604197511612508,0.0684734645094228
1.0,15.259,14.470083058525304,0.0691081036615634,7.501763880812424e-05,1.0,14.701461842529492,0.0680204465862792
2.0,15.259,14.56459497837674,0.0686596504389339,5.0576328644760296e-05,1.0,14.927090496856692,0.0669922916465588
3.0,15.259,14.715378429660523,0.0679561184770067,3.143930413400091e-05,1.0,15.169906597453826,0.0659199839877619
4.0,15.259,14.932419032390229,0.0669683858878376,1.862777128331836e-05,1.0,15.218979444073122,0.0657074282592214
5.0,15.259,15.227575269148703,0.0656703370250951,1.197925569526668e-05,1.0,15.333432134365015,0.0652169710758244
6.0,15.259,15.61360245669049,0.0640467184158064,8.204995014975265e-06,1.5,15.4686857512257,0.0646467331538338
7.5,15.259,16.15118918158798,0.0619149456276556,5.163286718059024e-06,1.5,15.63305547098335,0.0639670217927716
9.0,15.259,16.85623659772045,0.0593252232906623,3.0752809799616472e-06,nan,15.696613415499767,0.0637080097170858
nan,nan,nan,nan,1.984078227925246e-06,nan,15.796635549372384,0.0633046193206458
nan,nan,nan,nan,1.3706502447225767e-06,nan,15.879078846264502,0.0629759452473054
nan,nan,nan,nan,8.695882204296597e-07,nan,15.998498541487216,0.0625058656227523
Name:	233.57214690901213_10_80_1
Lambda:	233.57214690901213	Maximal Depth:	10	Filter time:	10 to 80 [us]
Chi2:	0.4574712705986649	RelRMS:	3.57356980800497	AbsRMS:	6.068441531278462e-07	Phi model:	0.0040773682527633
depth_vector,start_model,resistivity_model,conductivity_model,E/I[V/A],modelled_thickness,rhoa,sigma
0.0,15.259,14.40870460276014,0.0694024915888996,0.0001174109033312,1.0,14.611318898025369,0.0684400913414561
1.0,15.259,14.45993994003396,0.069156580466243,7.497040963112638e-05,1.0,14.707635523276256,0.0679918943066955
2.0,15.259,14.565338785653411,0.0686561442007089,5.055021373458579e-05,1.0,14.932231076121925,0.0669692288380867
3.0,15.259,14.7299333191281,0.0678889699182421,3.1428280257169425e-05,1.0,15.173453751070744,0.0659045736327125
4.0,15.259,14.960511950970286,0.066842632342882,1.8625063489092475e-05,1.0,15.220454476760692,0.0657010604727242
5.0,15.259,15.264925296294749,0.0655096556707506,1.1979749971361552e-05,1.0,15.333010367016366,0.0652187650085433
6.0,15.259,15.651357176424405,0.0638922228103194,8.206684945261917e-06,1.5,15.466562124940832,0.064655609431616
7.5,15.259,16.167326259324774,0.0618531465228045,5.165421298634185e-06,1.5,15.62874832759537,0.0639846505323986
9.0,15.259,16.819030662925407,0.059456458582023,3.0772311242162545e-06,nan,15.689981069014513,0.0637349398703136
nan,nan,nan,nan,1.9857066231488566e-06,nan,15.7879982603895,0.0633392519752741
nan,nan,nan,nan,1.3719837483782947e-06,nan,15.868788033732796,0.0630167847648016
nan,nan,nan,nan,8.705932551999982e-07,nan,15.986183458275566,0.0625540175120616
Name:	297.63514416313194_10_80_1
Lambda:	297.63514416313194	Maximal Depth:	10	Filter time:	10 to 80 [us]
Chi2:	0.4614259526652419	RelRMS:	3.6188175726199097	AbsRMS:	5.763178305633043e-07	Phi model:	0.0038121516698036
depth_vector,start_model,resistivity_model,conductivity_model,E/I[V/A],modelled_thickness,rhoa,sigma
0.0,15.259,14.406747147727668,0.0694119213550386,0.0001172957115336,1.0,14.620883491664449,0.0683953196515185
1.0,15.259,14.461940047941132,0.0691470160078809,7.49089081659807e-05,1.0,14.715684565122755,0.0679547047624323
2.0,15.259,14.574610010550469,0.0686124705413116,5.051723792414903e-05,1.0,14.93872851325746,0.0669401013019645
3.0,15.259,14.74814929512488,0.0678051177804769,3.141486496340263e-05,1.0,15.17777318933348,0.0658858178683795
4.0,15.259,14.986849373699815,0.0667251651808073,1.8621791687487367e-05,1.0,15.222237221410888,0.065693365926097
5.0,15.259,15.29541430852197,0.0653790724349873,1.198033510125524e-05,1.0,15.332511111323129,0.0652208886554463
6.0,15.259,15.678431212103456,0.063781891598186,8.208711770215419e-06,1.5,15.464016105938136,0.0646662544289515
7.5,15.259,16.17292917142508,0.0618317182620719,5.167955898222584e-06,1.5,15.623637879217602,0.064005579733142
9.0,15.259,16.77777387448652,0.0596026628729733,3.0795091835535537e-06,nan,15.682242364790683,0.0637663911026634
nan,nan,nan,nan,1.987594401603948e-06,nan,15.777999921745051,0.0633793893370358
nan,nan,nan,nan,1.373524569028064e-06,nan,15.8569180700702,0.0630639570426671
nan,nan,nan,nan,8.717496030954364e-07,nan,15.972043557933722,0.0626093959969996
Name:	379.26901907322497_10_80_1
Lambda:	379.26901907322497	Maximal Depth:	10	Filter time:	10 to 80 [us]
Chi2:	0.4667950685821209	RelRMS:	3.672463039979888	AbsRMS:	5.391254989902907e-07	Phi model:	0.0035405103729116
depth_vector,start_model,resistivity_model,conductivity_model,E/I[V/A],modelled_thickness,rhoa,sigma
0.0,15.259,14.41782975356181,0.0693585662400374,0.0001171490017936,1.0,14.633087770068189,0.0683382766312308
1.0,15.259,14.475363381957832,0.0690828944057048,7.483186495502106e-05,1.0,14.725783196580512,0.0679081028594941
2.0,15.259,14.592204219917877,0.068529742657729,5.0476672338991775e-05,1.0,14.94673111586066,0.0669042610219203
3.0,15.259,14.77046922645203,0.0677026562033064,3.139874040839358e-05,1.0,15.182969021892118,0.0658632707843975
4.0,15.259,15.012509304244118,0.066611116085523,1.861788311071318e-05,1.0,15.224367617615371,0.0656841732357374
5.0,15.259,15.320579950356771,0.0652716805264746,1.1981033520448184e-05,1.0,15.331915245974198,0.0652234234247138
6.0,15.259,15.69647314058086,0.0637085790574604,8.211132873328125e-06,1.5,15.46097618292555,0.0646789690488209
7.5,15.259,16.16888622455793,0.0618471789653118,5.170960956017896e-06,1.5,15.617584267674609,0.0640303892625575
9.0,15.259,16.731257421825866,0.0597683709471532,3.082179876537657e-06,nan,15.67318200120482,0.0638032532208921
nan,nan,nan,nan,1.989795815748766e-06,nan,15.766360429312297,0.063426179078136
nan,nan,nan,nan,1.3753172156957589e-06,nan,15.843136022875669,0.063118816789562
nan,nan,nan,nan,8.730909298317048e-07,nan,15.955680834336508,0.0626736026110529
Name:	483.2930238571752_10_80_1
Lambda:	483.2930238571752	Maximal Depth:	10	Filter time:	10 to 80 [us]
Chi2:	0.4745927847094511	RelRMS:	3.736602691390771	AbsRMS:	4.965069019728107e-07	Phi model:	0.0032522898918385
depth_vector,start_model,resistivity_model,conductivity_model,E/I[V/A],modelled_thickness,rhoa,sigma
0.0,15.259,14.441254401380894,0.0692460621637119,0.0001169691445425,1.0,14.64808427723206,0.0682683128437709
1.0,15.259,14.499650569042789,0.0689671792598251,7.473837011409722e-05,1.0,14.738061565009652,0.0678515282073558
2.0,15.259,14.618032192723083,0.068408660400803,5.042801488911238e-05,1.0,14.956344197214356,0.0668612587951975
3.0,15.259,14.797314698822964,0.0675798292023581,3.137971031572985e-05,1.0,15.189106833206678,0.065836655899594
4.0,15.259,15.038327245282591,0.0664967574976593,1.8613318559193472e-05,1.0,15.226856501051495,0.0656734369257991
5.0,15.259,15.341685940104682,0.0651818844359146,1.1981890986938493e-05,1.0,15.331183766534217,0.0652265353561841
6.0,15.259,15.706838652096131,0.0636665354594794,8.21401491510445e-06,1.5,15.457359455022752,0.0646941026965027
7.5,15.259,16.15582359663552,0.0618971848769289,5.174507220719228e-06,1.5,15.61044794680109,0.064059660773855
9.0,15.259,16.678488007500047,0.0599574733363309,3.085304385560768e-06,nan,15.662598654749075,0.063846365602734
nan,nan,nan,nan,1.992360809469425e-06,nan,15.752825632609634,0.0634806747260579
nan,nan,nan,nan,1.377402094872275e-06,nan,15.827144874070637,0.0631825896557176
nan,nan,nan,nan,8.746474312599584e-07,nan,15.936745652818924,0.0627480680049077
Name:	615.8482110660261_10_80_1
Lambda:	615.8482110660261	Maximal Depth:	10	Filter time:	10 to 80 [us]
Chi2:	0.4860663972825099	RelRMS:	3.8132907239976936	AbsRMS:	4.511467291171698e-07	Phi model:	0.0029431631342703
depth_vector,start_model,resistivity_model,conductivity_model,E/I[V/A],modelled_thickness,rhoa,sigma
0.0,15.259,14.476355645300792,0.0690781592067761,0.0001167551663721,1.0,14.665975926071877,0.0681850294205303
1.0,15.259,14.53453701382124,0.0688016411564452,7.46278690636661e-05,1.0,14.752606351617942,0.0677846325026037
2.0,15.259,14.651931159153108,0.0682503889171835,5.037095779331702e-05,1.0,14.96763647852679,0.0668108155509149
3.0,15.259,14.828903874705736,0.0674358677114186,3.135766101393536e-05,1.0,15.196226198472466,0.0658058117153139
4.0,15.259,15.065172650909483,0.0663782635069655,1.8608102263870547e-05,1.0,15.22970200239165,0.0656611665706237
5.0,15.259,15.359693538726946,0.0651054656447841,1.1982953758127153e-05,1.0,15.330277268766368,0.0652303922798175
6.0,15.259,15.710530576895597,0.0636515740258086,8.217416178334544e-06,1.5,15.453093866365505,0.0647119605075689
7.5,15.259,16.13456079777832,0.0619787555752801,5.178653445438388e-06,1.5,15.602114626732147,0.0640938759856713
9.0,15.259,16.61871678079193,0.0601731176474352,3.0889326703435285e-06,nan,15.650331310780432,0.0638964108901112
nan,nan,nan,nan,1.995329890101919e-06,nan,15.737194794879146,0.0635437263778038
nan,nan,nan,nan,1.3798118640623966e-06,nan,15.808711986118285,0.0632562602745945
nan,nan,nan,nan,8.764434650349466e-07,nan,15.914966177519975,0.0628339381212451
Name:	784.7599703514607_10_80_1
Lambda:	784.7599703514607	Maximal Depth:	10	Filter time:	10 to 80 [us]
Chi2:	0.5026123181997635	RelRMS:	3.9041864193942217	AbsRMS:	4.0826689827070777e-07	Phi model:	0.0026148168474336
depth_vector,start_model,resistivity_model,conductivity_model,E/I[V/A],modelled_thickness,rhoa,sigma
0.0,15.259,14.522505732908972,0.0688586404021127,0.0001165080802308,1.0,14.686703986256234,0.068088796569727
1.0,15.259,14.57931013571732,0.0685903510310914,7.450089581468194e-05,1.0,14.769363686388,0.0677077239909555
2.0,15.259,14.693678206864805,0.0680564788422279,5.0305803517189e-05,1.0,14.98055738843478,0.0667531904234761
3.0,15.259,14.865396839950844,0.0672703198418823,3.13327584023899e-05,1.0,15.204276891049258,0.0657709674169837
4.0,15.259,15.09333855617896,0.066254394034686,1.8602341257514515e-05,1.0,15.232846190204349,0.065647613552552
5.0,15.259,15.375423315388115,0.0650388597105599,1.1984298315109254e-05,1.0,15.329130611907772,0.0652352716743892
6.0,15.259,15.708574261360694,0.0636595010700467,8.22139392126701e-06,1.5,15.448109035061462,0.0647328419116133
7.5,15.259,16.1055565799289,0.0620903720425422,5.183441109143472e-06,1.5,15.592505928558628,0.064133373082029
9.0,15.259,16.55171611899406,0.0604166959371929,3.0930944553129304e-06,nan,15.63628972458766,0.0639537906762833
nan,nan,nan,nan,1.9987251072855028e-06,nan,15.719367986976687,0.063615789186212
nan,nan,nan,nan,1.3825633636800894e-06,nan,15.787730618381644,0.0633403257359674
nan,nan,nan,nan,8.78491051684969e-07,nan,15.890226828976909,0.0629317637037397
Name:	1000.0_10_80_1
Lambda:	1000.0	Maximal Depth:	10	Filter time:	10.0 to 80.0 [us]
Chi2:	0.5256528827376733	RelRMS:	4.010292027202738	AbsRMS:	3.762395485109025e-07	Phi model:	0.0022733198670804424
depth_vector,start_model,resistivity_model,conductivity_model,E/I[V/A],modelled_thickness,rhoa,sigma
0.0,15.259,14.578748063071194,0.0685929954803909,0.00011623057155198031,1.0,14.710071720768795,0.06798063388012746
1.0,15.259,14.633227012721653,0.06833762635751037,7.4358838340157e-05,1.0,14.788168274817357,0.06762162706133736
2.0,15.259,14.742720678498285,0.06783008522019027,5.023328790136436e-05,1.0,14.99497098005737,0.06668902536256685
3.0,15.259,14.90658737847006,0.0670844355324629,3.130532885967203e-05,1.0,15.213156859180659,0.06573257669374069
4.0,15.259,15.123096488522675,0.06612402431994843,1.8596174610411568e-05,1.0,15.236213563617552,0.06563310469655617
5.0,15.259,15.389449363321132,0.06497958285521102,1.1985986431693686e-05,1.0,15.32769126620586,0.06524139758769652
6.0,15.259,15.701804208872902,0.06368694875426557,8.225974028747913e-06,1.5,15.44237430853612,0.0647568812942986
7.5,15.259,16.069700769767906,0.06222891230689935,5.188876053704636e-06,1.5,15.581616067868358,0.06417819535819207
9.0,15.259,16.477747092900106,0.06068790802298924,3.097789145348163e-06,nan,15.62048789859823,0.06401848690588846
nan,nan,nan,nan,2.0025440386105873e-06,nan,15.699376655230909,0.06369679650094948
nan,nan,nan,nan,1.3856537311265521e-06,nan,15.76424805976644,0.06343467802642633
nan,nan,nan,nan,8.807876369416743e-07,nan,15.862593124456227,0.0630413950704091
