Name:	10.0_10_80_1
Lambda:	10	Maximal Depth:	10	Filter time:	10 to 80 [us]
Chi2:	0.824387205124056	RelRMS:	9.724357076503315	AbsRMS:	5.49573450677794e-07	Phi model:	0.141293122138451
depth_vector,start_model,resistivity_model,conductivity_model,E/I[V/A],modelled_thickness,rhoa,sigma
0.0,17.6325,21.11417973146189,0.0473615367832602,9.26341291267436e-05,1.0,16.81098299229378,0.0594849212838061
1.0,17.6325,20.3180384619116,0.0492173494933878,5.919875576448745e-05,1.0,16.912448240544744,0.0591280449629207
2.0,17.6325,18.901941804532097,0.0529046174377825,3.9904313711005005e-05,1.0,17.174030126823382,0.0582274511349635
3.0,17.6325,17.165085024521353,0.0582577947368999,2.4745430880341177e-05,1.0,17.481563074394355,0.0572031228411561
4.0,17.6325,15.49885185281456,0.0645209083547954,1.4574131968530448e-05,1.0,17.608258887695992,0.056791532108763
5.0,17.6325,14.304449341924546,0.0699083184606852,9.317837155499108e-06,1.0,17.809891464920327,0.0561485735030824
6.0,17.6325,13.964579897353866,0.0716097446074614,6.349391968838556e-06,1.5,18.028639605519302,0.0554673021304313
7.5,17.6325,15.780542535606896,0.0633691774375703,3.967316776883849e-06,1.5,18.306649338496293,0.0546249606637267
9.0,17.6325,21.404727779037795,0.0467186506795627,2.342712483222179e-06,nan,18.48680758512709,0.054092627696548
nan,nan,nan,nan,1.5003875624347982e-06,nan,18.695922860735152,0.0534875976676274
nan,nan,nan,nan,1.0304150034990667e-06,nan,18.86747166009851,0.0530012721373171
nan,nan,nan,nan,6.489796308423131e-07,nan,19.102037752067528,0.0523504357482365
Name:	12.742749857031335_10_80_1
Lambda:	12.742749857031336	Maximal Depth:	10	Filter time:	10 to 80 [us]
Chi2:	0.8682769980067019	RelRMS:	9.941310628289536	AbsRMS:	5.772511207942163e-07	Phi model:	0.0960217236616907
depth_vector,start_model,resistivity_model,conductivity_model,E/I[V/A],modelled_thickness,rhoa,sigma
0.0,17.6325,19.96356272465563,0.0500912594506474,9.275705869206737e-05,1.0,16.796126810671016,0.0595375357230974
1.0,17.6325,19.357413442872183,0.0516597944736372,5.921320756892649e-05,1.0,16.90969631691338,0.0591376675996116
2.0,17.6325,18.27314479198916,0.0547251177278688,3.988131782809391e-05,1.0,17.18063128017292,0.0582050789457333
3.0,17.6325,16.945702022074812,0.0590120137069164,2.4718443836883248e-05,1.0,17.494284746288468,0.0571615252925477
4.0,17.6325,15.687871712473578,0.0637435095293959,1.4562813607705803e-05,1.0,17.617381246693622,0.0567621251988105
5.0,17.6325,14.829463380790031,0.0674333233996445,9.314515378608055e-06,1.0,17.814125499486412,0.0561352281945487
6.0,17.6325,14.699486974416596,0.0680295850964342,6.349502773118932e-06,1.5,18.02842986140556,0.0554679474412108
7.5,17.6325,16.39275453022915,0.0610025605004908,3.970066231215865e-06,1.5,18.29819622883773,0.0546501954342369
9.0,17.6325,21.152397465637648,0.0472759648935546,2.3468253532725363e-06,nan,18.46520221002277,0.0541559192596985
nan,nan,nan,nan,1.504411175627433e-06,nan,18.66257261040754,0.0535831806726544
nan,nan,nan,nan,1.033928362605229e-06,nan,18.824705446274653,0.0531216811255815
nan,nan,nan,nan,6.518065987158857e-07,nan,19.046765776873585,0.052502351932851
Name:	16.237767391887218_10_80_1
Lambda:	16.237767391887218	Maximal Depth:	10	Filter time:	10 to 80 [us]
Chi2:	0.9991635335311218	RelRMS:	10.577868648136835	AbsRMS:	9.018123037285844e-07	Phi model:	0.0592213565895096
depth_vector,start_model,resistivity_model,conductivity_model,E/I[V/A],modelled_thickness,rhoa,sigma
0.0,17.6325,18.68182756357705,0.0535279536542584,9.383646020755276e-05,1.0,16.66707461783685,0.059998531411734
1.0,17.6325,18.26160421451224,0.0547597017355854,5.981691558908603e-05,1.0,16.79572890583917,0.0595389462169958
2.0,17.6325,17.512697911685063,0.0571014246373065,4.024155366550486e-05,1.0,17.077945550273554,0.0585550526002222
3.0,17.6325,16.62389696090547,0.0601543670748024,2.4919199338014807e-05,1.0,17.40019915084836,0.0574706065908012
4.0,17.6325,15.829958491505298,0.063171359579788,1.4680586042614227e-05,1.0,17.523033242059014,0.0570677454174878
5.0,17.6325,15.367688640839686,0.065071594263206,9.390912359558616e-06,1.0,17.71737967265897,0.0564417548461286
6.0,17.6325,15.474252078944906,0.0646234787244194,6.402197501746421e-06,1.5,17.929368957009526,0.0557744113804433
7.5,17.6325,16.966094328793027,0.0589410845313354,4.004407779006293e-06,1.5,18.19343001030113,0.0549648966376213
9.0,17.6325,20.847611211913726,0.047967126297354,2.368910179003284e-06,nan,18.35025848168149,0.0544951451772883
nan,nan,nan,nan,1.5195733535958022e-06,nan,18.53822283247213,0.0539426032924994
nan,nan,nan,nan,1.0448757619782868e-06,nan,18.69298763977754,0.0534959964276689
nan,nan,nan,nan,6.591581573987933e-07,nan,18.904882788265592,0.0528963872032418
Name:	20.6913808111479_10_80_1
Lambda:	20.6913808111479	Maximal Depth:	10	Filter time:	10 to 80 [us]
Chi2:	0.9950995550731024	RelRMS:	10.59520428088193	AbsRMS:	8.556823399623142e-07	Phi model:	0.0414240087941243
depth_vector,start_model,resistivity_model,conductivity_model,E/I[V/A],modelled_thickness,rhoa,sigma
0.0,17.6325,18.05753391932225,0.0553785475064212,9.371798801930748e-05,1.0,16.68111794828164,0.0599480204564474
1.0,17.6325,17.75205012784981,0.056331521869194,5.969929608443845e-05,1.0,16.81778228916939,0.0594608719988007
2.0,17.6325,17.21652599418613,0.0580837272477438,4.014098717634196e-05,1.0,17.106457599194897,0.0584574564430606
3.0,17.6325,16.589520035528007,0.0602790193964868,2.484874636279913e-05,1.0,17.433073169759897,0.057362232709184
4.0,17.6325,16.052440700954158,0.0622958227119044,1.4642325371118958e-05,1.0,17.55354530714098,0.0569685486608331
5.0,17.6325,15.79524087375773,0.0633102089415681,9.36911649191208e-06,1.0,17.744846943528927,0.056354388582916
6.0,17.6325,16.01731154480473,0.0624324498654303,6.388936107651574e-06,1.5,17.95417081699133,0.0556973647066801
7.5,17.6325,17.401247231917313,0.0574671451231267,3.997900886530713e-06,1.5,18.21316546757836,0.0549053376679699
9.0,17.6325,20.71651799630242,0.0482706601649217,2.366712581443162e-06,nan,18.361616076835748,0.0544614371532121
nan,nan,nan,nan,1.5190821622014925e-06,nan,18.542218808943726,0.0539309782881893
nan,nan,nan,nan,1.0450324654096625e-06,nan,18.69111890771099,0.0535013449402139
nan,nan,nan,nan,6.596617692600594e-07,nan,18.89525974053719,0.0529233264708522
Name:	26.366508987303583_10_80_1
Lambda:	26.366508987303583	Maximal Depth:	10	Filter time:	10 to 80 [us]
Chi2:	0.9656392736861495	RelRMS:	10.411727861487334	AbsRMS:	6.308136385148522e-07	Phi model:	0.0319860598534861
depth_vector,start_model,resistivity_model,conductivity_model,E/I[V/A],modelled_thickness,rhoa,sigma
0.0,17.6325,17.83832827224926,0.0560590647698574,9.298728435128547e-05,1.0,16.76839185875145,0.0596360109200393
1.0,17.6325,17.59863010845213,0.0568226045912362,5.923020322428195e-05,1.0,16.906461423216097,0.0591489830406965
2.0,17.6325,17.173079830725168,0.0582306732314172,3.982701358034828e-05,1.0,17.196244960127892,0.0581522304618625
3.0,17.6325,16.673549701377812,0.0599752313040675,2.466030543159384e-05,1.0,17.521769958487884,0.0570718598845421
4.0,17.6325,16.25508048532017,0.0615192278440633,1.453940194592856e-05,1.0,17.636288102326848,0.0567012737713252
5.0,17.6325,16.095454055471897,0.0621293438851471,9.30832978875796e-06,1.0,17.822016544456392,0.0561103732288394
6.0,17.6325,16.384399018593626,0.0610336698261048,6.350542975903178e-06,1.5,18.02646113369194,0.05547400527389
7.5,17.6325,17.7256710099653,0.0564153537227337,3.97651284531719e-06,1.5,18.2784145239369,0.0547093402816982
9.0,17.6325,20.633973303475425,0.0484637633912014,2.355931683425689e-06,nan,18.41758941493251,0.0542959220922378
nan,nan,nan,nan,1.5131951989503709e-06,nan,18.59027901290792,0.0537915541399708
nan,nan,nan,nan,1.041554732586297e-06,nan,18.73270199848534,0.0533825819724702
nan,nan,nan,nan,6.579135850725039e-07,nan,18.9287168019196,0.0528297829411546
Name:	33.59818286283781_10_80_1
Lambda:	33.59818286283781	Maximal Depth:	10	Filter time:	10 to 80 [us]
Chi2:	0.988230047088838	RelRMS:	10.524298054303708	AbsRMS:	6.389084878078614e-07	Phi model:	0.0233025908735667
depth_vector,start_model,resistivity_model,conductivity_model,E/I[V/A],modelled_thickness,rhoa,sigma
0.0,17.6325,17.417232933198367,0.0574144012332714,9.302308867787865e-05,1.0,16.7640888446085,0.0596513183191348
1.0,17.6325,17.254972389860246,0.0579543089033073,5.922647651719418e-05,1.0,16.907170619199494,0.0591465019501499
2.0,17.6325,16.969600331383685,0.0589289070144211,3.981137951314388e-05,1.0,17.200746682324237,0.0581370110535733
3.0,17.6325,16.648441110431616,0.0600656838299063,2.4646256328417145e-05,1.0,17.528427947966733,0.0570501817372617
4.0,17.6325,16.41459218530952,0.0609214038771529,1.4534093646826762e-05,1.0,17.640582051746904,0.0566874719363907
5.0,17.6325,16.408287945677003,0.0609448105317693,9.307175041994706e-06,1.0,17.823490639462992,0.0561057326103058
6.0,17.6325,16.7830454915394,0.0595839414547327,6.351085531333746e-06,1.5,18.0254344857181,0.0554771648246437
7.5,17.6325,18.026423620307977,0.0554741207165148,3.978251382206033e-06,1.5,18.27308889887433,0.0547252851192335
9.0,17.6325,20.51742789219588,0.0487390527338159,2.3581917291767102e-06,nan,18.405820158084264,0.0543306406023301
nan,nan,nan,nan,1.5153277768725332e-06,nan,18.572833052127976,0.0538420819911168
nan,nan,nan,nan,1.0433902023552582e-06,nan,18.710726584835243,0.0534452788600141
nan,nan,nan,nan,6.593715583411632e-07,nan,18.90080361378917,0.0529078033100373
Name:	42.81332398719393_10_80_1
Lambda:	42.81332398719393	Maximal Depth:	10	Filter time:	10 to 80 [us]
Chi2:	1.007251180517682	RelRMS:	10.627748065591115	AbsRMS:	6.494581107554551e-07	Phi model:	0.0175690198889049
depth_vector,start_model,resistivity_model,conductivity_model,E/I[V/A],modelled_thickness,rhoa,sigma
0.0,17.6325,17.074693760471625,0.0585662041163529,9.306623334280284e-05,1.0,16.758907324122724,0.0596697613191405
1.0,17.6325,16.975921150528325,0.058906965408995,5.923220441404076e-05,1.0,16.906080625548043,0.059150315330262
2.0,17.6325,16.80811586328958,0.059495068223803,3.980451369824471e-05,1.0,17.202724577744846,0.0581303267096247
3.0,17.6325,16.637004193240703,0.0601069752934414,2.463851510910776e-05,1.0,17.53209928123673,0.0570382350657929
4.0,17.6325,16.556286103631237,0.0604000192881828,1.4532072571295708e-05,1.0,17.642217612088697,0.0566822166004111
5.0,17.6325,16.676970129749083,0.0599629304495879,9.30777838620414e-06,1.0,17.82272040080848,0.0561081573133267
6.0,17.6325,17.12036832693224,0.058409958296685,6.352618801309855e-06,1.5,18.02253395285469,0.0554860932772222
7.5,17.6325,18.27477878809654,0.0547202246109463,3.980383687940596e-06,1.5,18.266562343484537,0.0547448382019558
9.0,17.6325,20.4190469376589,0.0489738822312856,2.360480991950259e-06,nan,18.393917902362663,0.05436579663496
nan,nan,nan,nan,1.5173657691025118e-06,nan,18.556199063422543,0.0538903466481544
nan,nan,nan,nan,1.0450994028972628e-06,nan,18.6903208018768,0.053503629531045
nan,nan,nan,nan,6.606999911197787e-07,nan,18.875459918763926,0.0529788415383674
Name:	54.5559478116852_10_80_1
Lambda:	54.5559478116852	Maximal Depth:	10	Filter time:	10 to 80 [us]
Chi2:	1.0226029766717488	RelRMS:	10.716969555866136	AbsRMS:	6.504825409130069e-07	Phi model:	0.0139625582531237
depth_vector,start_model,resistivity_model,conductivity_model,E/I[V/A],modelled_thickness,rhoa,sigma
0.0,17.6325,16.82357830587985,0.0594403866893465,9.307383949744618e-05,1.0,16.75799426715131,0.0596730124177318
1.0,17.6325,16.772701353524244,0.059620688338905,5.9222743017104206e-05,1.0,16.907881182479766,0.0591440162849155
2.0,17.6325,16.693607183434988,0.0599031706575854,3.979153796987083e-05,1.0,17.2064641626405,0.0581176928942349
3.0,17.6325,16.63667930511792,0.0601081490879235,2.462905982620503e-05,1.0,17.536586131452797,0.0570236414604349
4.0,17.6325,16.6744584385705,0.0599719627287475,1.452919984408909e-05,1.0,17.644543026155304,0.0566747463234187
5.0,17.6325,16.893407018711546,0.0591946905021808,9.3078164358126e-06,1.0,17.822671828872576,0.0561083102242845
6.0,17.6325,17.388339190104368,0.0575098052244745,6.353758549872455e-06,1.5,18.020378612182643,0.0554927297323238
7.5,17.6325,18.46795479577056,0.054147847504425,3.982187130880211e-06,1.5,18.26104691711059,0.0547613729124698
9.0,17.6325,20.33571134267709,0.0491745768391869,2.36244714215842e-06,nan,18.38371090890291,0.0543959815814835
nan,nan,nan,nan,1.5191239346274132e-06,nan,18.541878895043908,0.0539319669630293
nan,nan,nan,nan,1.0465787280150196e-06,nan,18.67270430348836,0.053554106772482
nan,nan,nan,nan,6.61850752601324e-07,nan,18.853574368845912,0.0530403402790519
Name:	69.51927961775606_10_80_1
Lambda:	69.51927961775606	Maximal Depth:	10	Filter time:	10 to 80 [us]
Chi2:	1.035351746885506	RelRMS:	10.801401248139078	AbsRMS:	6.475796070506474e-07	Phi model:	0.01161456291617
depth_vector,start_model,resistivity_model,conductivity_model,E/I[V/A],modelled_thickness,rhoa,sigma
0.0,17.6325,16.63231747917159,0.0601239124525061,9.306638163641352e-05,1.0,16.75888952149271,0.0596698247051234
1.0,17.6325,16.61903785726901,0.060171955114875,5.920894633411777e-05,1.0,16.91050762811697,0.059134830366494
2.0,17.6325,16.609816734843616,0.060205360237493,3.9778534253403925e-05,1.0,17.21021385321603,0.0581050304504573
3.0,17.6325,16.643136067727696,0.0600848299221128,2.4621026382209107e-05,1.0,17.540400527608597,0.0570112409021675
4.0,17.6325,16.77450383950629,0.0596142818629818,1.452725194715734e-05,1.0,17.646120244994833,0.0566696807069328
5.0,17.6325,17.070455871078973,0.0585807436867702,9.308417237773882e-06,1.0,17.82190492360048,0.0561107246552392
6.0,17.6325,17.603814736806388,0.0568058693499643,6.355267970058988e-06,1.5,18.01752518935307,0.0555015180770176
7.5,17.6325,18.61887875843701,0.0537089269968449,3.984156544271417e-06,1.5,18.25502866064032,0.0547794264577683
9.0,17.6325,20.262035201775102,0.049353383805808,2.364416006093727e-06,nan,18.373504004963785,0.0544261997999859
nan,nan,nan,nan,1.520830073775671e-06,nan,18.52800886274747,0.0539723403312163
nan,nan,nan,nan,1.0479944358894216e-06,nan,18.655884207926697,0.0536023910126495
nan,nan,nan,nan,6.629372338225454e-07,nan,18.832969448074,0.053098371064488
Name:	88.58667904100822_10_80_1
Lambda:	88.58667904100822	Maximal Depth:	10	Filter time:	10 to 80 [us]
Chi2:	1.0461486919064142	RelRMS:	10.885051566349086	AbsRMS:	6.404631854724667e-07	Phi model:	0.010055522187377
depth_vector,start_model,resistivity_model,conductivity_model,E/I[V/A],modelled_thickness,rhoa,sigma
0.0,17.6325,16.489689333879607,0.060643956338547,9.304291160221386e-05,1.0,16.761707684775338,0.0596597923556619
1.0,17.6325,16.50565396635125,0.0605853001667561,5.918983114825779e-05,1.0,16.91414823207301,0.0591221021761992
2.0,17.6325,16.550932514625327,0.0604195563673735,3.97646932280976e-05,1.0,17.21420723141759,0.0580915511563555
3.0,17.6325,16.65467559836296,0.0600431989259696,2.461393095417257e-05,1.0,17.54377126567231,0.0570002871592773
4.0,17.6325,16.8588778780654,0.059315928808113,1.45260810474591e-05,1.0,17.647068496131617,0.0566666356068832
5.0,17.6325,17.213904453255278,0.0580925729380874,9.309577649570508e-06,1.0,17.820423927065054,0.0561153878321173
6.0,17.6325,17.774717625358193,0.0562596841804876,6.357200312492862e-06,1.5,18.013873918270335,0.0555127677998103
7.5,17.6325,18.73381034356606,0.0533794237082922,3.986376327543428e-06,1.5,18.248251249177013,0.0547997715696236
9.0,17.6325,20.1943034614914,0.0495189151686714,2.3664769803587672e-06,nan,18.36283475053414,0.0544578227482503
nan,nan,nan,nan,1.5225633519314738e-06,nan,18.51394473456463,0.0540133404488914
nan,nan,nan,nan,1.0494129634952692e-06,nan,18.639068551116512,0.0536507496207528
nan,nan,nan,nan,6.640108706132818e-07,nan,18.812663333047528,0.0531556846734899
Name:	112.88378916846884_10_80_1
Lambda:	112.88378916846884	Maximal Depth:	10	Filter time:	10 to 80 [us]
Chi2:	1.0556647896275002	RelRMS:	10.972028720160855	AbsRMS:	6.290410144673562e-07	Phi model:	0.0089780879182643
depth_vector,start_model,resistivity_model,conductivity_model,E/I[V/A],modelled_thickness,rhoa,sigma
0.0,17.6325,16.386772601130563,0.0610248292535045,9.30030186855974e-05,1.0,16.766500544346815,0.0596427380510938
1.0,17.6325,16.42524620925151,0.0608818879948813,5.916485333090357e-05,1.0,16.918908364263167,0.0591054681821105
2.0,17.6325,16.51251374203246,0.0605601312811936,3.974955045543978e-05,1.0,17.218578841088334,0.0580768023440889
3.0,17.6325,16.670419339725953,0.0599864934181337,2.460752263881094e-05,1.0,17.546816977653293,0.0569903932589909
4.0,17.6325,16.93023092706305,0.059065939756409,1.452566950718116e-05,1.0,17.647401811585212,0.0566655653153155
5.0,17.6325,17.32932846425421,0.0577056405885971,9.311371490739188e-06,1.0,17.818135110169575,0.0561225960975712
6.0,17.6325,17.90826990077327,0.0558401233363598,6.359657261209096e-06,1.5,18.009234044047655,0.0555270700327489
7.5,17.6325,18.818144062036648,0.0531402032370121,3.988956699844506e-06,1.5,18.24038079353342,0.0548234168638913
9.0,17.6325,20.12917958117856,0.0496791235811236,2.3687306694558567e-06,nan,18.351185561891896,0.0544923921469467
nan,nan,nan,nan,1.524407849025159e-06,nan,18.4990074339178,0.0540569543296959
nan,nan,nan,nan,1.0509028938414783e-06,nan,18.621447208394788,0.0537015189425871
nan,nan,nan,nan,6.651234537444348e-07,nan,18.79167826490601,0.0532150447609316
Name:	143.8449888287663_10_80_1
Lambda:	143.8449888287663	Maximal Depth:	10	Filter time:	10 to 80 [us]
Chi2:	1.0646337730388302	RelRMS:	11.066021332790948	AbsRMS:	6.124101198370395e-07	Phi model:	0.0081817919320213
depth_vector,start_model,resistivity_model,conductivity_model,E/I[V/A],modelled_thickness,rhoa,sigma
0.0,17.6325,16.317762377072068,0.0612829122579386,9.294305915575756e-05,1.0,16.77371071824993,0.0596171006402293
1.0,17.6325,16.373186488663865,0.0610754663236969,5.913173024031126e-05,1.0,16.925225945093658,0.0590834062271342
2.0,17.6325,16.49204649512971,0.0606352886705304,3.973166442172773e-05,1.0,17.223745987310505,0.0580593792277675
3.0,17.6325,16.690492909667952,0.0599143479711585,2.460106516433391e-05,1.0,17.549887391220388,0.0569804225923561
4.0,17.6325,16.991342807179706,0.058853500358868,1.452575626236969e-05,1.0,17.647331545355232,0.0566657909401152
5.0,17.6325,17.421651132871002,0.0573998407139039,9.3137378011256e-06,1.0,17.815116986142563,0.0561321040315282
6.0,17.6325,18.0104813217171,0.0555232246233306,6.362661306124568e-06,1.5,18.003565052893066,0.0555445544847411
7.5,17.6325,18.87602619576168,0.0529772521837533,3.99196584818281e-06,1.5,18.23121322852443,0.0548509848173684
9.0,17.6325,20.063491395414605,0.0498417738115383,2.371255026638352e-06,nan,18.33815921936369,0.0545311003158963
nan,nan,nan,nan,1.5264342424293648e-06,nan,18.48263176808922,0.0541048489494081
nan,nan,nan,nan,1.0525243434901176e-06,nan,18.602317644980992,0.0537567425244889
nan,nan,nan,nan,6.663218724257694e-07,nan,18.76913955371318,0.0532789474519179
Name:	183.29807108324357_10_80_1
Lambda:	183.2980710832436	Maximal Depth:	10	Filter time:	10 to 80 [us]
Chi2:	1.073534120914656	RelRMS:	11.170504120267912	AbsRMS:	5.932193859427411e-07	Phi model:	0.0075600226664521
depth_vector,start_model,resistivity_model,conductivity_model,E/I[V/A],modelled_thickness,rhoa,sigma
0.0,17.6325,16.277086569217083,0.0614360558781558,9.28724461021654e-05,1.0,16.78221193284475,0.0595869009402081
1.0,17.6325,16.344665477818708,0.0611820414040958,5.909586987201143e-05,1.0,16.93207226074714,0.0590595164372322
2.0,17.6325,16.48609615982726,0.0606571737969577,3.971432498239776e-05,1.0,17.22875892862662,0.0580424860631394
3.0,17.6325,16.713198817903447,0.0598329506454972,2.459638665745578e-05,1.0,17.552112776796477,0.0569731981965144
4.0,17.6325,17.042310020964877,0.0586774914181137,1.4527352851020676e-05,1.0,17.646038534133712,0.0566699431187144
5.0,17.6325,17.4925242441215,0.0571672782066349,9.317292791547047e-06,1.0,17.810585154866327,0.0561463866181158
6.0,17.6325,18.084049179287224,0.0552973501722922,6.3666137116144585e-06,1.5,17.99611318422861,0.0555675544915097
7.5,17.6325,18.90974667456518,0.0528827814147856,3.99564479047948e-06,1.5,18.22002072906438,0.0548846795988991
9.0,17.6325,19.996387747860503,0.050009032261689,2.3741912773968325e-06,nan,18.32303644490986,0.0545761071319486
nan,nan,nan,nan,1.5287325588283832e-06,nan,18.46410243738761,0.054159144934937
nan,nan,nan,nan,1.0543386899216655e-06,nan,18.580970465377536,0.0538185022070472
nan,nan,nan,nan,6.676447179972744e-07,nan,18.744339058484734,0.0533494404299811
Name:	233.57214690901213_10_80_1
Lambda:	233.57214690901213	Maximal Depth:	10	Filter time:	10 to 80 [us]
Chi2:	1.0839463126760431	RelRMS:	11.290197449938583	AbsRMS:	5.663733051295678e-07	Phi model:	0.0069865922667361
depth_vector,start_model,resistivity_model,conductivity_model,E/I[V/A],modelled_thickness,rhoa,sigma
0.0,17.6325,16.260883037396283,0.0614972752525327,9.277084786738224e-05,1.0,16.794462419464725,0.0595434361055227
1.0,17.6325,16.337292782945003,0.0612096516409334,5.904530820378979e-05,1.0,16.941737061196502,0.0590258245885782
2.0,17.6325,16.494984111756928,0.0606244900404143,3.9690230552883e-05,1.0,17.235730839562486,0.0580190076828435
3.0,17.6325,16.742265805495126,0.059729072015556,2.458964224412434e-05,1.0,17.555322076371567,0.0569627828899784
4.0,17.6325,17.090225625834748,0.0585129782305701,1.4528688297247176e-05,1.0,17.64495719326667,0.0566734160387536
5.0,17.6325,17.55150036894746,0.0569751861082614,9.32119230967756e-06,1.0,17.805617439656682,0.0561620512958342
6.0,17.6325,18.13910044706572,0.0551295254645202,6.371113425177243e-06,1.5,17.987638800541536,0.0555937336238869
7.5,17.6325,18.92513853994797,0.0528397717083633,3.999880964071882e-06,1.5,18.207154212690707,0.0549234651565142
9.0,17.6325,19.92187920835996,0.0501960678277962,2.3775604655764707e-06,nan,18.305722241788327,0.0546277271550203
nan,nan,nan,nan,1.5313641971161783e-06,nan,18.44294275644288,0.0542212819942012
nan,nan,nan,nan,1.0564151751352123e-06,nan,18.556614030402745,0.0538891415406723
nan,nan,nan,nan,6.69156296632422e-07,nan,18.71610029416293,0.0534299338154259
Name:	297.63514416313194_10_80_1
Lambda:	297.63514416313194	Maximal Depth:	10	Filter time:	10 to 80 [us]
Chi2:	1.0967546269149748	RelRMS:	11.428739208832129	AbsRMS:	5.341458190705754e-07	Phi model:	0.0064331919340398
depth_vector,start_model,resistivity_model,conductivity_model,E/I[V/A],modelled_thickness,rhoa,sigma
0.0,17.6325,16.26757746783907,0.0614719679053009,9.264463999632268e-05,1.0,16.809711457023273,0.0594894208955734
1.0,17.6325,16.349635911999915,0.0611634415214129,5.898397007053018e-05,1.0,16.953480302613123,0.0589849389122695
2.0,17.6325,16.517527414029782,0.060541749072601,3.9661939740334335e-05,1.0,17.24392601581029,0.0579914341480669
3.0,17.6325,16.77683755902813,0.0596059892981361,2.4582367429060843e-05,1.0,17.558785410367452,0.0569515474236365
4.0,17.6325,17.134580125827693,0.0583615117882379,1.4530652348769524e-05,1.0,17.64336715748288,0.0566785234969097
5.0,17.6325,17.598370344861983,0.0568234433304763,9.325998882302637e-06,1.0,17.799498963933384,0.0561813566789869
6.0,17.6325,18.175627903472435,0.0550187319695816,6.3765400927988e-06,1.5,17.977431929077703,0.05562529753666
7.5,17.6325,18.922127542473643,0.0528481798759333,4.004910066397979e-06,1.5,18.191908790700992,0.0549694928391
9.0,17.6325,19.839338010906275,0.0504049076360446,2.3815021907251408e-06,nan,18.28551761479861,0.0546880881944896
nan,nan,nan,nan,1.5344188917989692e-06,nan,18.418457366057,0.0542933634519728
nan,nan,nan,nan,1.0588155866362729e-06,nan,18.52855729868473,0.053970742777204
nan,nan,nan,nan,6.708957352391124e-07,nan,18.683736008846427,0.0535224860556002
Name:	379.26901907322497_10_80_1
Lambda:	379.26901907322497	Maximal Depth:	10	Filter time:	10 to 80 [us]
Chi2:	1.1132225500410138	RelRMS:	11.589980549385649	AbsRMS:	4.981734904163692e-07	Phi model:	0.0058744028467419
depth_vector,start_model,resistivity_model,conductivity_model,E/I[V/A],modelled_thickness,rhoa,sigma
0.0,17.6325,16.29450144540594,0.0613703956117012,9.24971077801428e-05,1.0,16.82758095409368,0.0594262480583537
1.0,17.6325,16.379508221279675,0.0610518940184562,5.891384444288167e-05,1.0,16.966930878661216,0.0589381784573466
2.0,17.6325,16.552430102714315,0.0604140898825494,3.963075236394066e-05,1.0,17.252971555243438,0.0579610298897226
3.0,17.6325,16.816757075295193,0.0594644969611328,2.4575377645860663e-05,1.0,17.562114658251925,0.0569407511258975
4.0,17.6325,17.176382965967974,0.0582194750769895,1.4533770253643797e-05,1.0,17.640843733000203,0.0566866310441449
5.0,17.6325,17.635086736219264,0.0567051364678678,9.332078023339966e-06,1.0,17.79176810872683,0.0562057685267099
6.0,17.6325,18.196036530646484,0.0549570231031225,6.383160781059835e-06,1.5,17.964998845485383,0.0556637942813617
7.5,17.6325,18.90226263259883,0.0529037194878141,4.010915516076363e-06,1.5,18.1737453774562,0.0550244310806984
9.0,17.6325,19.747416316452345,0.050639536027144,2.386137537110657e-06,nan,18.26182879469676,0.0547590283121261
nan,nan,nan,nan,1.537981313699586e-06,nan,18.39000462661193,0.0543773653299093
nan,nan,nan,nan,1.0616020344453482e-06,nan,18.496121120066626,0.0540653899003229
nan,nan,nan,nan,6.729053211792399e-07,nan,18.64651899852873,0.0536293127998262
Name:	483.2930238571752_10_80_1
Lambda:	483.2930238571752	Maximal Depth:	10	Filter time:	10 to 80 [us]
Chi2:	1.135196434123764	RelRMS:	11.775817768783638	AbsRMS:	4.580521603217175e-07	Phi model:	0.0052880521509178
depth_vector,start_model,resistivity_model,conductivity_model,E/I[V/A],modelled_thickness,rhoa,sigma
0.0,17.6325,16.34156713414746,0.0611936414537864,9.232023563778204e-05,1.0,16.84906689530369,0.0593504676676622
1.0,17.6325,16.427155573627758,0.0608748115593064,5.883026102119772e-05,1.0,16.98299765016249,0.0588824199708013
2.0,17.6325,16.600553664280426,0.0602389546893071,3.959384044657654e-05,1.0,17.2636927742272,0.0579250345263842
3.0,17.6325,16.863659718022724,0.0592991092515504,2.4567188989578795e-05,1.0,17.5660169398061,0.056928101767562
4.0,17.6325,17.218018233954933,0.0580786932858476,1.4537349400740211e-05,1.0,17.637948121885394,0.0566959372535622
5.0,17.6325,17.664531061274303,0.0566106168644513,9.339092121154671e-06,1.0,17.78285868967147,0.0562339282705324
6.0,17.6325,18.203192861196246,0.0549354175185222,6.39080940734483e-06,1.5,17.950662113175426,0.0557082515227123
7.5,17.6325,18.86708412965632,0.0530023607849474,4.01784364575386e-06,1.5,18.15284755450036,0.0550877760085681
9.0,17.6325,19.644348337061427,0.0509052264214527,2.3914659785382635e-06,nan,18.23469250900637,0.0548405189451966
nan,nan,nan,nan,1.5420682580035265e-06,nan,18.357497564580108,0.054473655599413
nan,nan,nan,nan,1.064795817813684e-06,nan,18.459117359548696,0.0541737711788646
nan,nan,nan,nan,6.752059239320309e-07,nan,18.60413920564596,0.0537514791168903
Name:	615.8482110660261_10_80_1
Lambda:	615.8482110660261	Maximal Depth:	10	Filter time:	10 to 80 [us]
Chi2:	1.1643482169050892	RelRMS:	11.987764874118398	AbsRMS:	4.171455959665019e-07	Phi model:	0.0046764818364677
depth_vector,start_model,resistivity_model,conductivity_model,E/I[V/A],modelled_thickness,rhoa,sigma
0.0,17.6325,16.406709385228886,0.0609506742954994,9.21176571115469e-05,1.0,16.873760021000546,0.059263613963659
1.0,17.6325,16.490843026260276,0.0606397137130942,5.873521294301344e-05,1.0,17.001314501419838,0.0588189813156204
2.0,17.6325,16.66078501728013,0.0600211814126901,3.955235539897937e-05,1.0,17.275762177270828,0.0578845662344014
3.0,17.6325,16.917250986641164,0.059111258725762,2.4558401527034987e-05,1.0,17.57020699296472,0.0569145258448241
4.0,17.6325,17.260069901293797,0.0579371929383113,1.4541709112169635e-05,1.0,17.6344226212588,0.0567072719916824
5.0,17.6325,17.688063662018948,0.0565353008168593,9.347229862312871e-06,1.0,17.772535965955772,0.0562665903119033
6.0,17.6325,18.198955243635112,0.0549482092028188,6.399605315299013e-06,1.5,17.934210206631313,0.0557593553593033
7.5,17.6325,18.818144249136328,0.0531402027086648,4.025764637860704e-06,1.5,18.129028351794982,0.055160154234134
9.0,17.6325,19.530150723733385,0.0512028818489753,2.397529104659993e-06,nan,18.20393698610809,0.0549331719156755
nan,nan,nan,nan,1.5467066249184546e-06,nan,18.32077807164153,0.0545828346421534
nan,nan,nan,nan,1.068415494000459e-06,nan,18.41740212023069,0.0542964742514659
nan,nan,nan,nan,6.77809483275016e-07,nan,18.556467951359185,0.0538895657633355
Name:	784.7599703514607_10_80_1
Lambda:	784.7599703514607	Maximal Depth:	10	Filter time:	10 to 80 [us]
Chi2:	1.202710151246661	RelRMS:	12.224775162805877	AbsRMS:	3.791215347486673e-07	Phi model:	0.0040436475867966
depth_vector,start_model,resistivity_model,conductivity_model,E/I[V/A],modelled_thickness,rhoa,sigma
0.0,17.6325,16.489224909844825,0.0606456643940221,9.188541053282957e-05,1.0,16.90218110181336,0.0591639619748669
1.0,17.6325,16.570153227101166,0.0603494721077448,5.862607591367655e-05,1.0,17.02240747892394,0.0587460969453431
2.0,17.6325,16.73324730754657,0.0597612634069543,3.950448778648071e-05,1.0,17.289714728372143,0.0578378542220257
3.0,17.6325,16.97836360784118,0.0588984912266907,2.4547888595033435e-05,1.0,17.575223071606263,0.0568982820830055
4.0,17.6325,17.30411836555362,0.0577897110314875,1.4546208999505391e-05,1.0,17.630785613755698,0.0567189699828118
5.0,17.6325,17.707887103666813,0.0564720112651343,9.356098098406653e-06,1.0,17.761303651477572,0.0563021735128552
6.0,17.6325,18.185837379047456,0.0549878446154002,6.409290733780618e-06,1.5,17.91613809687962,0.0558156001361792
7.5,17.6325,18.7574175592008,0.0533122428417383,4.034527196701092e-06,1.5,18.10276930850042,0.0552401670130345
9.0,17.6325,19.405017759945792,0.05153306285883,2.404245504031362e-06,nan,18.170018678623627,0.0550357166763105
nan,nan,nan,nan,1.5518487849943888e-06,nan,18.280284230179912,0.0547037446140495
nan,nan,nan,nan,1.0724309028088192e-06,nan,18.37140094352224,0.0544324302253389
nan,nan,nan,nan,6.80699081718391e-07,nan,18.503915361254744,0.0540426164126266
Name:	1000.0_10_80_1
Lambda:	1000.0	Maximal Depth:	10	Filter time:	10.0 to 80.0 [us]
Chi2:	1.2511689293780754	RelRMS:	12.484004578174213	AbsRMS:	3.5186859044482047e-07	Phi model:	0.003415039295220324
depth_vector,start_model,resistivity_model,conductivity_model,E/I[V/A],modelled_thickness,rhoa,sigma
0.0,17.6325,16.585376275405853,0.06029407976006438,9.16347732734293e-05,1.0,16.932987365732437,0.059056324699309486
1.0,17.6325,16.6616575416584,0.06001803827138714,5.850882982325955e-05,1.0,17.045140739943008,0.0586677467353868
2.0,17.6325,16.81511593510705,0.059470300642541114,3.945348496459541e-05,1.0,17.304612176286245,0.057788061923189006
3.0,17.6325,17.045030148608067,0.058668127382670666,2.453710391849036e-05,1.0,17.580372530551156,0.05688161603300504
4.0,17.6325,17.34924279384557,0.05763940316488843,1.4551417566659344e-05,1.0,17.62657816067099,0.05673250876515745
5.0,17.6325,17.72423790750464,0.05641991521545695,9.365902279502882e-06,1.0,17.748906523607523,0.056341499047838056
6.0,17.6325,18.165254268640723,0.05505015152616569,6.41990984331797e-06,1.5,17.89637604148582,0.055877234456958615
7.5,17.6325,18.687266384833872,0.05351237465162778,4.044089762657415e-06,1.5,18.074221109514134,0.05532741875519092
9.0,17.6325,19.271755344670016,0.05188940924764125,2.411553570051898e-06,nan,18.133291357353574,0.05514718648109468
nan,nan,nan,nan,1.5574352618713773e-06,nan,18.23654414163682,0.05483495075784929
nan,nan,nan,nan,1.0767896308276718e-06,nan,18.321790472860226,0.054579818576207605
nan,nan,nan,nan,6.838332614343117e-07,nan,18.447333354517976,0.05420837693894049
