Name:	10.0_10_80_1
Lambda:	10	Maximal Depth:	10	Filter time:	10 to 80 [us]
Chi2:	0.1977256493785626	RelRMS:	2.3846594429192622	AbsRMS:	1.8082488411634578e-07	Phi model:	0.0012597146616491
depth_vector,start_model,resistivity_model,conductivity_model,E/I[V/A],modelled_thickness,rhoa,sigma
0.0,19.8017,21.340286934751308,0.0468597260691731,7.308609655412345e-05,1.0,19.68871077161979,0.0507905272010722
1.0,19.8017,21.235514587491544,0.0470909238332766,4.724919525743532e-05,1.0,19.65555248701288,0.0508762091862203
2.0,19.8017,21.01562815882581,0.0475836359704544,3.224184849615917e-05,1.0,19.79727864753441,0.0505119929765974
3.0,19.8017,20.71811198476865,0.0482669463672737,2.0333950308523344e-05,1.0,19.926411887934684,0.050184649681235
4.0,19.8017,20.37653288682496,0.0490760624270176,1.2213008831687494e-05,1.0,19.81024131793673,0.05047894086452
5.0,19.8017,20.019125440694143,0.0499522320773931,7.946641125066719e-06,1.0,19.803819072880696,0.0504953108448358
6.0,19.8017,19.71163948426168,0.0507314473156039,5.499168864131833e-06,1.5,19.84204112997117,0.0503980408794492
7.5,19.8017,19.528516403563525,0.0512071669621314,3.5024609122683773e-06,1.5,19.89258628397832,0.0502699842908515
9.0,19.8017,19.582567777853,0.051065826062451,2.1099820016830685e-06,nan,19.822362544783424,0.0504480733686896
nan,nan,nan,nan,1.3742822729173248e-06,nan,19.82281135863818,0.0504469311596526
nan,nan,nan,nan,9.568452343981695e-07,nan,19.822603311236616,0.050447460623557
nan,nan,nan,nan,6.126072550316035e-07,nan,19.850844432246507,0.0503756907376474
Name:	12.742749857031335_10_80_1
Lambda:	12.742749857031336	Maximal Depth:	10	Filter time:	10 to 80 [us]
Chi2:	0.1978650661120455	RelRMS:	2.387741977883638	AbsRMS:	1.803716423496147e-07	Phi model:	0.001078687819063
depth_vector,start_model,resistivity_model,conductivity_model,E/I[V/A],modelled_thickness,rhoa,sigma
0.0,19.8017,21.26582154236721,0.0470238122711475,7.308478903471535e-05,1.0,19.68894559745277,0.0507899214333434
1.0,19.8017,21.17359479699248,0.0472286359301653,4.724574838765495e-05,1.0,19.65650847153245,0.0508737348470737
2.0,19.8017,20.97715912397184,0.0476708973836805,3.223818365369309e-05,1.0,19.798778991219866,0.050508165197635
3.0,19.8017,20.71044217215996,0.0482848213325088,2.033114207833748e-05,1.0,19.92824673036602,0.0501800290577611
4.0,19.8017,20.400813247299475,0.049017653751248,1.2211516990301667e-05,1.0,19.8118547203322,0.0504748300508046
5.0,19.8017,20.07074118781601,0.0498237703651448,7.945826359159892e-06,1.0,19.805172840266085,0.0504918592766274
6.0,19.8017,19.778567177875864,0.0505597797356418,5.49869531874344e-06,1.5,19.843180305923426,0.0503951475813324
7.5,19.8017,19.58073258250671,0.0510706121840095,3.502262014902275e-06,1.5,19.893339424958093,0.0502680811219359
9.0,19.8017,19.574247973679626,0.0510875309919769,2.109958727156907e-06,nan,19.82250831548548,0.0504477023837993
nan,nan,nan,nan,1.3743205063386209e-06,nan,19.82244371154345,0.0504478667994732
nan,nan,nan,nan,9.569004562121526e-07,nan,19.82184067486253,0.0504494015668368
nan,nan,nan,nan,6.126661678339796e-07,nan,19.84957186579346,0.0503789203495763
Name:	16.237767391887218_10_80_1
Lambda:	16.237767391887218	Maximal Depth:	10	Filter time:	10 to 80 [us]
Chi2:	0.1979967835417267	RelRMS:	2.3899319822325875	AbsRMS:	1.7997290172189585e-07	Phi model:	0.0009557831304167
depth_vector,start_model,resistivity_model,conductivity_model,E/I[V/A],modelled_thickness,rhoa,sigma
0.0,19.8017,21.20337434985865,0.0471623046171736,7.308486934421683e-05,1.0,19.68893117395025,0.0507899586404703
1.0,19.8017,21.121633413635955,0.047344823215917,4.724349216648313e-05,1.0,19.657134294272616,0.0508721151837154
2.0,19.8017,20.94496084965269,0.0477441809119725,3.2235458783736125e-05,1.0,19.79989470540681,0.0505053190877286
3.0,19.8017,20.70365070521016,0.0483006603153493,2.0328941455075674e-05,1.0,19.9296848695904,0.0501764080337188
4.0,19.8017,20.421041311852328,0.0489690993093286,1.2210319582044774e-05,1.0,19.8131499357196,0.0504715304353083
5.0,19.8017,20.11365887783695,0.0497174584730523,7.945155996035623e-06,1.0,19.806286849930604,0.0504890193491014
6.0,19.8017,19.834503239440465,0.0504171941151277,5.498293849887321e-06,1.5,19.844146220341297,0.0503926945959986
7.5,19.8017,19.6243981821796,0.0509569766530763,3.5020824076781584e-06,1.5,19.89401958350696,0.0502663625016759
9.0,19.8017,19.567765897690776,0.0511044543985479,2.1099255800817823e-06,nan,19.82271592358253,0.0504471740328139
nan,nan,nan,nan,1.3743404886625964e-06,nan,19.82225157116516,0.0504483557990289
nan,nan,nan,nan,9.56936532550506e-07,nan,19.821342485135965,0.0504506695623619
nan,nan,nan,nan,6.127076553213226e-07,nan,19.8486758232864,0.0503811946400375
Name:	20.6913808111479_10_80_1
Lambda:	20.6913808111479	Maximal Depth:	10	Filter time:	10 to 80 [us]
Chi2:	0.1981145982720457	RelRMS:	2.39112829649868	AbsRMS:	1.796102213155449e-07	Phi model:	0.0008724956761639
depth_vector,start_model,resistivity_model,conductivity_model,E/I[V/A],modelled_thickness,rhoa,sigma
0.0,19.8017,21.156220410203986,0.0472674220919765,7.308621241925384e-05,1.0,19.68868996299239,0.0507905808806801
1.0,19.8017,21.07514593505092,0.047449256251026,4.724228172554454e-05,1.0,19.657470062679074,0.050871246239289
2.0,19.8017,20.91806603540403,0.0478055666478674,3.223354010263513e-05,1.0,19.800680415090504,0.0505033149890081
3.0,19.8017,20.69780044382851,0.0483143125625298,2.032724663049641e-05,1.0,19.93079263891532,0.0501736191890069
4.0,19.8017,20.43433583907496,0.0489372401371508,1.2209354309240527e-05,1.0,19.814194208404217,0.0504688704209757
5.0,19.8017,20.15203663714577,0.0496227760005519,7.944589968408359e-06,1.0,19.807227596818368,0.0504866213664667
6.0,19.8017,19.87749492177855,0.0503081501937329,5.497937085748976e-06,1.5,19.845004676043487,0.0503905147075717
7.5,19.8017,19.662597755972445,0.050857979826,3.5019056114670387e-06,1.5,19.894689153751003,0.0502646707506589
9.0,19.8017,19.563035692685578,0.0511168110976707,2.109873896679959e-06,nan,19.82303963999397,0.0504463502147496
nan,nan,nan,nan,1.3743373018321275e-06,nan,19.82228221387602,0.0504482778123287
nan,nan,nan,nan,9.56950431988954e-07,nan,19.82115055168601,0.0504511580895559
nan,nan,nan,nan,6.127301232535014e-07,nan,19.848190605394866,0.0503824262816276
Name:	26.366508987303583_10_80_1
Lambda:	26.366508987303583	Maximal Depth:	10	Filter time:	10 to 80 [us]
Chi2:	0.1982173921652876	RelRMS:	2.3913427111201013	AbsRMS:	1.792720970104506e-07	Phi model:	0.0008162616507736
depth_vector,start_model,resistivity_model,conductivity_model,E/I[V/A],modelled_thickness,rhoa,sigma
0.0,19.8017,21.11311316927946,0.0473639293259245,7.308861753121254e-05,1.0,19.688258032868905,0.0507916951479675
1.0,19.8017,21.039114233148705,0.0475305181063385,4.724192525180034e-05,1.0,19.65756894889938,0.0508709903345392
2.0,19.8017,20.895273469875374,0.0478577129627758,3.223226644717227e-05,1.0,19.80120202653709,0.0505019846098142
3.0,19.8017,20.692369086221085,0.0483269941606586,2.0325946099038508e-05,1.0,19.93164279520564,0.050171479103596
4.0,19.8017,20.447278433869258,0.048906264138487,1.22085609084142e-05,1.0,19.815052645796783,0.0504666839839117
5.0,19.8017,20.18069145097113,0.0495523160060939,7.94409365750354e-06,1.0,19.808052565330904,0.0504845186926781
6.0,19.8017,19.91529066648964,0.0502126741078725,5.4976035284995e-06,1.5,19.845807374674617,0.0503884765744581
7.5,19.8017,19.69253966920988,0.0507806518000084,3.5017206275057475e-06,1.5,19.895389793312425,0.0502629006211347
9.0,19.8017,19.55989213522806,0.0511250263082465,2.109799531298442e-06,nan,19.82350544704464,0.0504451648408674
nan,nan,nan,nan,1.3743095823282824e-06,nan,19.82254875352038,0.0504475994703963
nan,nan,nan,nan,9.5694189393622e-07,nan,19.82126845071281,0.0504508580006663
nan,nan,nan,nan,6.12733950593086e-07,nan,19.8481079530522,0.0503826360862886
Name:	33.59818286283781_10_80_1
Lambda:	33.59818286283781	Maximal Depth:	10	Filter time:	10 to 80 [us]
Chi2:	0.1983071009309617	RelRMS:	2.390485235118245	AbsRMS:	1.789465122539426e-07	Phi model:	0.0007771494039844
depth_vector,start_model,resistivity_model,conductivity_model,E/I[V/A],modelled_thickness,rhoa,sigma
0.0,19.8017,21.077128381042847,0.0474447933286499,7.309215953737676e-05,1.0,19.687621972904825,0.0507933361061206
1.0,19.8017,21.00891172342129,0.0475988482014122,4.724239198838636e-05,1.0,19.65743947589372,0.0508713253944552
2.0,19.8017,20.875905822377227,0.0479021130152869,3.223157223154734e-05,1.0,19.80148634929979,0.0505012594691085
3.0,19.8017,20.68724218328081,0.0483389710015667,2.0324974090497293e-05,1.0,19.932278255552266,0.0501698795882223
4.0,19.8017,20.45728095544504,0.0488823515782938,1.220789504235162e-05,1.0,19.815773165924604,0.0504648489678722
5.0,19.8017,20.20372253413281,0.0494958292121943,7.943636628359676e-06,1.0,19.808812315633645,0.0504825824015089
6.0,19.8017,19.94605800685208,0.0501352196838327,5.497271215094875e-06,1.5,19.846607160739907,0.0503864460006129
7.5,19.8017,19.71729468177359,0.0507168968227871,3.5015135006766926e-06,1.5,19.896174373727657,0.0502609185673639
9.0,19.8017,19.558278811858045,0.0511292435095928,2.109694831212093e-06,nan,19.824161309852965,0.0504434959123835
nan,nan,nan,nan,1.3742527947151584e-06,nan,19.82309482844032,0.0504462097696921
nan,nan,nan,nan,9.569079944407926e-07,nan,19.8217365744585,0.0504496665185511
nan,nan,nan,nan,6.127174947487841e-07,nan,19.84846332717374,0.0503817340172092
Name:	42.81332398719393_10_80_1
Lambda:	42.81332398719393	Maximal Depth:	10	Filter time:	10 to 80 [us]
Chi2:	0.1983879568158371	RelRMS:	2.388485230276327	AbsRMS:	1.786257802251496e-07	Phi model:	0.0007485907629597
depth_vector,start_model,resistivity_model,conductivity_model,E/I[V/A],modelled_thickness,rhoa,sigma
0.0,19.8017,21.04641944540317,0.0475140202633571,7.309692031050928e-05,1.0,19.6867671323381,0.050795541658913
1.0,19.8017,20.98295545563596,0.0476577287748758,4.724365801485596e-05,1.0,19.65708829013461,0.0508722342414199
2.0,19.8017,20.859995131993347,0.0479386497298976,3.223139837680751e-05,1.0,19.80155755479786,0.0505010778688822
3.0,19.8017,20.68120404339602,0.0483530841773848,2.03242706873972e-05,1.0,19.93273814398357,0.0501687220680133
4.0,19.8017,20.465967036893023,0.0488616051319416,1.2207317082944211e-05,1.0,19.8163986171502,0.0504632561808958
5.0,19.8017,20.220969211228294,0.0494536136994224,7.943191960733245e-06,1.0,19.80955158648069,0.0504806984466253
6.0,19.8017,19.97188109076516,0.0500703962463702,5.496920746471191e-06,1.5,19.847450728682457,0.0503843044464574
7.5,19.8017,19.73740971823377,0.0506652095830073,3.5012719829288377e-06,1.5,19.897089321972395,0.0502586073680484
9.0,19.8017,19.558147416370804,0.051129587005923,2.1095532026105163e-06,nan,19.825048586781207,0.0504412382962214
nan,nan,nan,nan,1.3741630881319178e-06,nan,19.82395753184356,0.0504440144402893
nan,nan,nan,nan,9.568462676846172e-07,nan,19.822589040444644,0.0504474969419821
nan,nan,nan,nan,6.12679380332665e-07,nan,19.84928649262414,0.0503796446472568
Name:	54.5559478116852_10_80_1
Lambda:	54.5559478116852	Maximal Depth:	10	Filter time:	10 to 80 [us]
Chi2:	0.1984666499767201	RelRMS:	2.3851763120256884	AbsRMS:	1.7830359749259617e-07	Phi model:	0.000725767028645
depth_vector,start_model,resistivity_model,conductivity_model,E/I[V/A],modelled_thickness,rhoa,sigma
0.0,19.8017,21.0205826528169,0.0475724206372554,7.310316859337904e-05,1.0,19.68564533652936,0.0507984362668754
1.0,19.8017,20.960991157134703,0.0477076676624435,4.7245802547257965e-05,1.0,19.65649344954332,0.0508737737260677
2.0,19.8017,20.844189019206475,0.0479750015257762,3.223174313339687e-05,1.0,19.80141635383772,0.0505014379845707
3.0,19.8017,20.676920912442988,0.0483631003007908,2.032380050282005e-05,1.0,19.93304556778186,0.0501679483247817
4.0,19.8017,20.469882640619065,0.0488522585867525,1.220679386463974e-05,1.0,19.816964871676564,0.0504618142321709
5.0,19.8017,20.236397378881016,0.049415910415142,7.942732305804065e-06,1.0,19.81031584659157,0.0504787509570198
6.0,19.8017,19.99126493890349,0.0500218471945702,5.496529735913116e-06,1.5,19.84839198569978,0.0503819151052877
7.5,19.8017,19.7552139906614,0.0506195478557061,3.500979833396884e-06,1.5,19.89819622056768,0.0502558115778532
9.0,19.8017,19.55955743377908,0.0511259011552589,2.109364348460281e-06,nan,19.82623187748551,0.0504382278074529
nan,nan,nan,nan,1.3740335090344992e-06,nan,19.82520385280741,0.0504408432530892
nan,nan,nan,nan,9.56751706839381e-07,nan,19.823895133332048,0.0504441732199537
nan,nan,nan,nan,6.126163170697166e-07,nan,19.85064867127039,0.0503761875271757
Name:	69.51927961775606_10_80_1
Lambda:	69.51927961775606	Maximal Depth:	10	Filter time:	10 to 80 [us]
Chi2:	0.1985525744193481	RelRMS:	2.380446342932056	AbsRMS:	1.7798325557341813e-07	Phi model:	0.0007056782320243
depth_vector,start_model,resistivity_model,conductivity_model,E/I[V/A],modelled_thickness,rhoa,sigma
0.0,19.8017,20.9973830027908,0.047624982592692,7.311110158998057e-05,1.0,19.68422130307476,0.050802111224171
1.0,19.8017,20.94103528326273,0.0477531309447368,4.724887195344575e-05,1.0,19.65564214998296,0.0508759771046639
2.0,19.8017,20.830350370090773,0.0480068737315071,3.223259131466485e-05,1.0,19.80106897740068,0.0505023239473241
3.0,19.8017,20.671218263070408,0.0483764424173548,2.0323526627732096e-05,1.0,19.933224642750726,0.0501674976288233
4.0,19.8017,20.473017634085107,0.0488447779351843,1.2206295311309055e-05,1.0,19.81750447010153,0.0504604402390164
5.0,19.8017,20.24749009371437,0.0493888375977247,7.94223434732669e-06,1.0,19.811143876522408,0.05047664113858
6.0,19.8017,20.007734269834103,0.0499806717998904,5.496079671453463e-06,1.5,19.849475537908347,0.0503791648343659
7.5,19.8017,19.770117065068053,0.0505813899183685,3.5006240334929497e-06,1.5,19.89954448615522,0.0502524065661771
9.0,19.8017,19.56254291408884,0.0511180987252841,2.10912030206915e-06,nan,19.827761244027126,0.0504343373764013
nan,nan,nan,nan,1.3738588097586674e-06,nan,19.826884459933407,0.0504365676826745
nan,nan,nan,nan,9.566205897314637e-07,nan,19.825706504494423,0.0504395643995488
nan,nan,nan,nan,6.125259045419206e-07,nan,19.852602007079536,0.0503712309169042
Name:	88.58667904100822_10_80_1
Lambda:	88.58667904100822	Maximal Depth:	10	Filter time:	10 to 80 [us]
Chi2:	0.1986595035350634	RelRMS:	2.374079949630716	AbsRMS:	1.776754274314406e-07	Phi model:	0.0006859591293908
depth_vector,start_model,resistivity_model,conductivity_model,E/I[V/A],modelled_thickness,rhoa,sigma
0.0,19.8017,20.976009795553225,0.0476735093922388,7.312109804212941e-05,1.0,19.68242723027065,0.0508067418871005
1.0,19.8017,20.92241668635653,0.047795625858656,4.725301039093919e-05,1.0,19.654494500578817,0.0508789478137201
2.0,19.8017,20.816944765565463,0.048037788986891,3.223398021491127e-05,1.0,19.80050017998252,0.0505037746981239
3.0,19.8017,20.66479392155304,0.0483914818505408,2.032343278004132e-05,1.0,19.933286006585696,0.05016734319016
4.0,19.8017,20.47427703823669,0.0488417734180529,1.2205795041847689e-05,1.0,19.81804596286681,0.0504590614974708
5.0,19.8017,20.255852076742176,0.0493684489900181,7.941672313260028e-06,1.0,19.812078558454267,0.0504742597829684
6.0,19.8017,20.02123389803424,0.0499469715549441,5.495547515913923e-06,1.5,19.8507569192284,0.0503759128213066
7.5,19.8017,19.78331828376047,0.0505476374416353,3.500186497513509e-06,1.5,19.90120279499242,0.0502482191805824
9.0,19.8017,19.56725324170225,0.0511057933194615,2.1088086971165574e-06,nan,19.829714408852112,0.0504293697519714
nan,nan,nan,nan,1.3736301600418172e-06,nan,19.82908460855644,0.0504309714614103
nan,nan,nan,nan,9.564463038013016e-07,nan,19.82811488975273,0.0504334378512606
nan,nan,nan,nan,6.124035927043025e-07,nan,19.85524528289788,0.0503645251293541
Name:	112.88378916846884_10_80_1
Lambda:	112.88378916846884	Maximal Depth:	10	Filter time:	10 to 80 [us]
Chi2:	0.1988082717563305	RelRMS:	2.365778638284921	AbsRMS:	1.7740512068103188e-07	Phi model:	0.0006648826295272
depth_vector,start_model,resistivity_model,conductivity_model,E/I[V/A],modelled_thickness,rhoa,sigma
0.0,19.8017,20.955427663727587,0.0477203336551766,7.313352278757653e-05,1.0,19.680197919062163,0.0508124971157634
1.0,19.8017,20.904241882704923,0.0478371808751097,4.725834405608712e-05,1.0,19.65301564407344,0.050882776369313
2.0,19.8017,20.803339669007304,0.048069205036814,3.2235928461194726e-05,1.0,19.79970238197036,0.0505058096686645
3.0,19.8017,20.657364085206005,0.0484088868199869,2.0323485407189468e-05,1.0,19.933251595413022,0.0501674297950524
4.0,19.8017,20.473756660586144,0.048843014820289,1.2205252502070525e-05,1.0,19.818633250926226,0.0504575662377356
5.0,19.8017,20.26192606788989,0.0493536496308093,7.941008991601286e-06,1.0,19.81318182697469,0.0504714491964409
6.0,19.8017,20.03245557764732,0.0499189925131207,5.494900963687808e-06,1.5,19.85231403548096,0.0503719615865815
7.5,19.8017,19.795476943812044,0.0505165903725595,3.4996421718738264e-06,1.5,19.90326633056037,0.0502430095337947
9.0,19.8017,19.57391935611821,0.0510883886771215,2.1084122990661578e-06,nan,19.8321997588794,0.0504230499973798
nan,nan,nan,nan,1.3733351906732517e-06,nan,19.831923810158035,0.0504237516023429
nan,nan,nan,nan,9.562195632582095e-07,nan,19.83124921862668,0.0504254668465737
nan,nan,nan,nan,6.122429605303058e-07,nan,19.858718034699454,0.0503557177383093
Name:	143.8449888287663_10_80_1
Lambda:	143.8449888287663	Maximal Depth:	10	Filter time:	10 to 80 [us]
Chi2:	0.1990256265145093	RelRMS:	2.3554614633803275	AbsRMS:	1.77227690167025e-07	Phi model:	0.0006412431568571
depth_vector,start_model,resistivity_model,conductivity_model,E/I[V/A],modelled_thickness,rhoa,sigma
0.0,19.8017,20.9346530070458,0.0477676892787971,7.314908565732672e-05,1.0,19.677406439937776,0.0508197054856972
1.0,19.8017,20.885638539845576,0.0478797906078955,4.7265231602243415e-05,1.0,19.651106357049567,0.0508877201023983
2.0,19.8017,20.788892429504127,0.0481026107278699,3.223861908984379e-05,1.0,19.79860071386674,0.0505086200005846
3.0,19.8017,20.64858973093676,0.0484294575576631,2.032375851131153e-05,1.0,19.93307302393584,0.050167879222596
4.0,19.8017,20.47145575592629,0.0488485045676592,1.2204693464067743e-05,1.0,19.81923844348883,0.0504560254851027
5.0,19.8017,20.26602746190872,0.049343661547857,7.940251246342113e-06,1.0,19.814442333336807,0.0504682384281666
6.0,19.8017,20.04194138911907,0.0498953659520682,5.494138770537398e-06,1.5,19.854150046373576,0.0503673034435766
7.5,19.8017,19.807153380524,0.0504868105370093,3.4989861695961325e-06,1.5,19.905753942583782,0.0502367306902518
9.0,19.8017,19.582686911623536,0.0510655153969927,2.107926206344848e-06,nan,19.835248542860285,0.0504152997044219
nan,nan,nan,nan,1.3729696644975602e-06,nan,19.835443560490923,0.0504148040325068
nan,nan,nan,nan,9.559368032241124e-07,nan,19.8351596642263,0.0504155256084754
nan,nan,nan,nan,6.120412914557074e-07,nan,19.863080125340613,0.050344659221519
Name:	183.29807108324357_10_80_1
Lambda:	183.2980710832436	Maximal Depth:	10	Filter time:	10 to 80 [us]
Chi2:	0.1993564701760758	RelRMS:	2.34265576394814	AbsRMS:	1.7722194195415985e-07	Phi model:	0.0006139219007801
depth_vector,start_model,resistivity_model,conductivity_model,E/I[V/A],modelled_thickness,rhoa,sigma
0.0,19.8017,20.912811283089777,0.0478175787302497,7.316813638463716e-05,1.0,19.67399069831348,0.0508285286566554
1.0,19.8017,20.865844928261595,0.0479252099993112,4.727376504662901e-05,1.0,19.648741455946546,0.0508938448929184
2.0,19.8017,20.773036236147533,0.0481393277627794,3.224203028831344e-05,1.0,19.797204231349827,0.0505121828473361
3.0,19.8017,20.63817147453033,0.0484539049999707,2.0324178757306944e-05,1.0,19.932798250291995,0.0501685707868613
4.0,19.8017,20.46737146035765,0.0488582523621489,1.2204044012373192e-05,1.0,19.81994157237618,0.0504542355156959
5.0,19.8017,20.26843737850665,0.0493377945879752,7.939334757694809e-06,1.0,19.815967176634235,0.050464354885445
6.0,19.8017,20.05020679140234,0.0498747973227291,5.493206633948614e-06,1.5,19.85639600307012,0.0503616063985319
7.5,19.8017,19.818904033127104,0.0504568768448805,3.498176918512649e-06,1.5,19.90882375719446,0.0502289845043522
9.0,19.8017,19.5939709565178,0.0510361070871832,2.107321691064613e-06,nan,19.839041710801343,0.050405660443546
nan,nan,nan,nan,1.3725128907337255e-06,nan,19.839844154370525,0.0504036217330724
nan,nan,nan,nan,9.555824729772676e-07,nan,19.840062616402893,0.0504030667309106
nan,nan,nan,nan,6.117877964053126e-07,nan,19.868566608146043,0.0503307571060512
Name:	233.57214690901213_10_80_1
Lambda:	233.57214690901213	Maximal Depth:	10	Filter time:	10 to 80 [us]
Chi2:	0.1998590644166752	RelRMS:	2.327197098140707	AbsRMS:	1.775226165890208e-07	Phi model:	0.0005821991408026
depth_vector,start_model,resistivity_model,conductivity_model,E/I[V/A],modelled_thickness,rhoa,sigma
0.0,19.8017,20.88906496513576,0.0478719369042615,7.3191379705738e-05,1.0,19.66982524338458,0.0508392925522469
1.0,19.8017,20.844110406462075,0.0479751824616118,4.7284283395086576e-05,1.0,19.64582745073311,0.0509013938205328
2.0,19.8017,20.75519269303605,0.0481807138478424,3.224632003306778e-05,1.0,19.795448437490528,0.0505166631186845
3.0,19.8017,20.62576376029781,0.0484830531184926,2.032479440372008e-05,1.0,19.932395733134697,0.0501695838969144
4.0,19.8017,20.461423158139343,0.048872455853698,1.2203307678290125e-05,1.0,19.82073883992187,0.0504522060492444
5.0,19.8017,20.26933462771753,0.0493356105845003,7.938248039385186e-06,1.0,19.817775626302787,0.050459749815351
6.0,19.8017,20.057640053822936,0.0498563139689707,5.492088289681133e-06,1.5,19.85909146023225,0.0503547708616225
7.5,19.8017,19.831194704778195,0.0504256054608276,3.4971981570000755e-06,1.5,19.91253817480685,0.0502196149592416
9.0,19.8017,19.608051773628294,0.0509994573425669,2.106585877123896e-06,nan,19.84366118978326,0.0503939263241836
nan,nan,nan,nan,1.3719548299981937e-06,nan,19.845223868684,0.0503899581388956
nan,nan,nan,nan,9.55148625769715e-07,nan,19.84606999162041,0.0503878097992312
nan,nan,nan,nan,6.11476694006362e-07,nan,19.875305087612613,0.0503136930775093
Name:	297.63514416313194_10_80_1
Lambda:	297.63514416313194	Maximal Depth:	10	Filter time:	10 to 80 [us]
Chi2:	0.2006150014336621	RelRMS:	2.3088856124689805	AbsRMS:	1.7832081360369037e-07	Phi model:	0.0005455780767085
depth_vector,start_model,resistivity_model,conductivity_model,E/I[V/A],modelled_thickness,rhoa,sigma
0.0,19.8017,20.862675662756256,0.0479324903557401,7.321940539904984e-05,1.0,19.66480566640417,0.0508522696315491
1.0,19.8017,20.819773028602945,0.048031263291207,4.729704817496772e-05,1.0,19.64229254451677,0.0509105542407347
2.0,19.8017,20.7348459357898,0.0482279927758677,3.2251590907970063e-05,1.0,19.79329159971094,0.0505221678245069
3.0,19.8017,20.611050575709164,0.0485176627133473,2.0325616310833845e-05,1.0,19.931858391879885,0.0501709364144084
4.0,19.8017,20.45352377430605,0.0488913309527726,1.2202463584669463e-05,1.0,19.8216528830146,0.0504498795283067
5.0,19.8017,20.268860327125605,0.049336765060328,7.936962589838613e-06,1.0,19.819915325028155,0.0504543023318178
6.0,19.8017,20.06457847925728,0.0498390734215422,5.490755023560483e-06,1.5,19.86230612224618,0.0503466210743766
7.5,19.8017,19.84444925604404,0.0503919250717139,3.4960251530068565e-06,1.5,19.916992029264684,0.0502083848068356
9.0,19.8017,19.625273106155017,0.0509547049149788,2.1057004348191043e-06,nan,19.84922360998071,0.0503798042507402
nan,nan,nan,nan,1.371281701079442e-06,nan,19.85171769677087,0.050373474742826
nan,nan,nan,nan,9.5462460405089e-07,nan,19.853332057735013,0.0503693786560323
nan,nan,nan,nan,6.111003864979299e-07,nan,19.88346354985622,0.0502930486679334
Name:	379.26901907322497_10_80_1
Lambda:	379.26901907322497	Maximal Depth:	10	Filter time:	10 to 80 [us]
Chi2:	0.2017303444314883	RelRMS:	2.287664733234596	AbsRMS:	1.79875713906813e-07	Phi model:	0.0005039179560278
depth_vector,start_model,resistivity_model,conductivity_model,E/I[V/A],modelled_thickness,rhoa,sigma
0.0,19.8017,20.83302543899709,0.0480007093990348,7.325276129797824e-05,1.0,19.658835588286887,0.0508677126632982
1.0,19.8017,20.79227705291015,0.0480947804540742,4.7312310203134e-05,1.0,19.6380681704888,0.0509215056857147
2.0,19.8017,20.711559455987704,0.0482822166107294,3.225794854617505e-05,1.0,19.79069084079837,0.0505288071065466
3.0,19.8017,20.59375913078749,0.0485584003216299,2.0326664565609897e-05,1.0,19.931173123021207,0.0501726613796237
4.0,19.8017,20.443589213445648,0.0489150896918973,1.2201500073068848e-05,1.0,19.82269636898132,0.0504472237977072
5.0,19.8017,20.26712036723196,0.0493410006888205,7.935457913793565e-06,1.0,19.822420671684,0.0504479254356902
6.0,19.8017,20.07129348751388,0.0498223993696314,5.489184879447148e-06,1.5,19.866093593685523,0.0503370224893056
7.5,19.8017,19.85902043219933,0.0503549509611563,3.4946383522192945e-06,1.5,19.92226087655574,0.0501951061777725
9.0,19.8017,19.64593162056033,0.0509011239229529,2.104650619255633e-06,nan,19.85582368941159,0.0503630579945804
nan,nan,nan,nan,1.3704823094608606e-06,nan,19.85943651434433,0.0503538959566001
nan,nan,nan,nan,9.540016975624163e-07,nan,19.86197314924401,0.0503474651025828
nan,nan,nan,nan,6.106526300926365e-07,nan,19.89318196157553,0.0502684790161543
Name:	483.2930238571752_10_80_1
Lambda:	483.2930238571752	Maximal Depth:	10	Filter time:	10 to 80 [us]
Chi2:	0.2033352509962253	RelRMS:	2.263671368005924	AbsRMS:	1.8250798296133745e-07	Phi model:	0.0004575164948024
depth_vector,start_model,resistivity_model,conductivity_model,E/I[V/A],modelled_thickness,rhoa,sigma
0.0,19.8017,20.79967296161096,0.0480776790022446,7.329185479447125e-05,1.0,19.65184435249065,0.0508858090906496
1.0,19.8017,20.7612271375884,0.0481667096734128,4.733025968344994e-05,1.0,19.633102842401453,0.0509343840363484
2.0,19.8017,20.68502600566698,0.0483441500013601,3.226547652211884e-05,1.0,19.78761242893636,0.0505366680083976
3.0,19.8017,20.57370293530725,0.0486057372921364,2.0327959274300223e-05,1.0,19.930326822723327,0.0501747918583985
4.0,19.8017,20.43157163800812,0.0489438608892786,1.2200412836357622e-05,1.0,19.823874014547368,0.050444226959179
5.0,19.8017,20.264205476370392,0.0493480981115236,7.933722333670998e-06,1.0,19.825311466498565,0.0504405694553566
6.0,19.8017,20.0779945543178,0.0498057710542086,5.487364440301228e-06,1.5,19.870487082947644,0.0503258926580705
7.5,19.8017,19.87516981505843,0.050314035517943,3.4930254128055e-06,1.5,19.92839327345211,0.0501796600598084
9.0,19.8017,19.67023253913547,0.0508382398637342,2.103427004485087e-06,nan,19.863523354171537,0.0503435358455674
nan,nan,nan,nan,1.3695494512938623e-06,nan,19.868453560068605,0.0503310434793872
nan,nan,nan,nan,9.532742777805604e-07,nan,19.87207598159173,0.0503218687834294
nan,nan,nan,nan,6.101293775084689e-07,nan,19.90455405410477,0.0502397590662814
Name:	615.8482110660261_10_80_1
Lambda:	615.8482110660261	Maximal Depth:	10	Filter time:	10 to 80 [us]
Chi2:	0.2055770963272325	RelRMS:	2.237292660512819	AbsRMS:	1.865700347187711e-07	Phi model:	0.0004071853587601
depth_vector,start_model,resistivity_model,conductivity_model,E/I[V/A],modelled_thickness,rhoa,sigma
0.0,19.8017,20.762419740962308,0.0481639429544473,7.333685226701925e-05,1.0,19.64380497662665,0.0509066344931574
1.0,19.8017,20.726451637948283,0.0482475253105596,4.735097857128994e-05,1.0,19.627375319428666,0.0509492473509753
2.0,19.8017,20.655124885160028,0.0484141347757458,3.227421511884264e-05,1.0,19.784040459412207,0.0505457923042334
3.0,19.8017,20.550829812837552,0.0486598355933699,2.0329515506077727e-05,1.0,19.92930969392001,0.0501773526207522
4.0,19.8017,20.417494706480568,0.0489776054494382,1.21992064719765e-05,1.0,19.82518089853353,0.0504409016552262
5.0,19.8017,20.26020994413552,0.0493578300894881,7.93175654109227e-06,1.0,19.82858697807171,0.0504322371082666
6.0,19.8017,20.08482767763341,0.0497888264739063,5.485292816011676e-06,1.5,19.875489744237264,0.0503132256295692
7.5,19.8017,19.893039450224443,0.0502688391335149,3.491184871759875e-06,1.5,19.935396779912303,0.0501620314378512
9.0,19.8017,19.69822910791129,0.0507659848264418,2.102028324566646e-06,nan,19.87233377495413,0.0503212159842211
nan,nan,nan,nan,1.36848210498105e-06,nan,19.878783138540506,0.0503048900443621
nan,nan,nan,nan,9.524415190965116e-07,nan,19.88365760833541,0.0502925578230028
nan,nan,nan,nan,6.095300248243241e-07,nan,19.917600054747925,0.0502068520931878
Name:	784.7599703514607_10_80_1
Lambda:	784.7599703514607	Maximal Depth:	10	Filter time:	10 to 80 [us]
Chi2:	0.2086046895432336	RelRMS:	2.209199367008665	AbsRMS:	1.9238763185206038e-07	Phi model:	0.0003542711926888
depth_vector,start_model,resistivity_model,conductivity_model,E/I[V/A],modelled_thickness,rhoa,sigma
0.0,19.8017,20.72137480350457,0.0482593461815512,7.338758004965496e-05,1.0,19.634751659938807,0.0509301068492921
1.0,19.8017,20.688064282952077,0.0483370501136757,4.73743940972406e-05,1.0,19.620907364284875,0.050966042570501
2.0,19.8017,20.621977504208207,0.0484919547505051,3.2284140979827006e-05,1.0,19.77998514115914,0.0505561552682439
3.0,19.8017,20.5252680695938,0.0487204355436118,2.033133884722676e-05,1.0,19.928118151678405,0.0501803528255264
4.0,19.8017,20.40148687713472,0.0490160352538209,1.2197896411976044e-05,1.0,19.826600362498898,0.0504372903935388
5.0,19.8017,20.25524841822591,0.0493699202968149,7.929577392938657e-06,1.0,19.832219576020687,0.050422999612666
6.0,19.8017,20.091871837300467,0.049771370636732,5.482985797654191e-06,1.5,19.88106455407927,0.0502991173978566
7.5,19.8017,19.91262226712283,0.0502194028784984,3.489129912825533e-06,1.5,19.943223449699587,0.0501423454699878
9.0,19.8017,19.729760574506496,0.050684852267905,2.1004643713260023e-06,nan,19.882196846403907,0.050296252860049
nan,nan,nan,nan,1.3672876571837943e-06,nan,19.890358714384824,0.0502756141485167
nan,nan,nan,nan,9.515091423467268e-07,nan,19.89664472030525,0.0502597304247717
nan,nan,nan,nan,6.088586705866306e-07,nan,19.93223871083071,0.050169979123149
Name:	1000.0_10_80_1
Lambda:	1000.0	Maximal Depth:	10	Filter time:	10.0 to 80.0 [us]
Chi2:	0.21254321050705607	RelRMS:	2.1803283416085524	AbsRMS:	2.0017945793372788e-07	Phi model:	0.0003005795701331873
depth_vector,start_model,resistivity_model,conductivity_model,E/I[V/A],modelled_thickness,rhoa,sigma
0.0,19.8017,20.67699920606937,0.048362917173516526,7.344344490883732e-05,1.0,19.624793596345096,0.050955949936015585
1.0,19.8017,20.646506841812922,0.04843434328439611,4.740024037651534e-05,1.0,19.61377415784222,0.05098457808030627
2.0,19.8017,20.585986205131626,0.048576735165144644,3.229514933145615e-05,1.0,19.775489989237244,0.05056764715029803
3.0,19.8017,20.497359247086887,0.048786772381038374,2.0333420382111784e-05,1.0,19.92675809911091,0.05018377776386104
4.0,19.8017,20.383805553884343,0.049058552749461436,1.2196509282855013e-05,1.0,19.828103608649823,0.05043346654511929
5.0,19.8017,20.249468594265625,0.04938401199739071,7.927220002645869e-06,1.0,19.836151174152263,0.05041300558865785
6.0,19.8017,20.099137088222406,0.04975337974016681,5.480478419325827e-06,1.5,19.887127960259473,0.05028378165003534
7.5,19.8017,19.93374071381775,0.050166198826235166,3.4868908147718536e-06,1.5,19.951760196308744,0.05012089109736839
9.0,19.8017,19.764406141263084,0.050596005407531716,2.098757923346791e-06,nan,19.89297253369776,0.05026900822921497
nan,nan,nan,nan,1.3659834025530103e-06,nan,19.9030177095423,0.050243637150589486
nan,nan,nan,nan,9.504905975172796e-07,nan,19.910856333368724,0.050223856937990856
nan,nan,nan,nan,6.081249750801684e-07,nan,19.948267493836653,0.050129666664484346
