Name:	10.0_10_80_1
Lambda:	10	Maximal Depth:	10	Filter time:	10 to 80 [us]
Chi2:	0.1742357790380591	RelRMS:	1.3329678218595338	AbsRMS:	3.4022287200371705e-07	Phi model:	0.0051386616677846
depth_vector,start_model,resistivity_model,conductivity_model,E/I[V/A],modelled_thickness,rhoa,sigma
0.0,16.7241,16.49125833933431,0.0606381865727516,9.473697640133924e-05,1.0,16.561288049731836,0.0603817768881927
1.0,16.7241,16.62202427282728,0.0601611442497254,6.10927423234937e-05,1.0,16.561072292451016,0.0603825635406366
2.0,16.7241,16.86541774809067,0.059292927986513,4.1600613718980205e-05,1.0,16.703941460721936,0.0598661101843193
3.0,16.7241,17.205750800513798,0.0581201024932976,2.6186217798809945e-05,1.0,16.834301120171023,0.0594025254069971
4.0,16.7241,17.54996587215981,0.056980167784049,1.5715233433064143e-05,1.0,16.745225066034976,0.0597185165356983
5.0,16.7241,17.80023754719838,0.05617902555224,1.021997166525001e-05,1.0,16.74576102273644,0.0597166052138363
6.0,16.7241,17.870280266236065,0.0559588313726332,7.068992430911563e-06,1.5,16.783377833478642,0.05958276158243
7.5,16.7241,17.485992092684207,0.0571886338904602,4.500993300788581e-06,1.5,16.829370476016848,0.0594199290713266
9.0,16.7241,16.49767948914066,0.060614585260808,2.7120443618992342e-06,nan,16.767824612278748,0.0596380283741589
nan,nan,nan,nan,1.7667555532646552e-06,nan,16.766081297992606,0.0596442294550802
nan,nan,nan,nan,1.230243295144176e-06,nan,16.764649740004025,0.0596493225631661
nan,nan,nan,nan,7.878273462272861e-07,nan,16.78596740294559,0.0595735697559212
Name:	12.742749857031335_10_80_1
Lambda:	12.742749857031336	Maximal Depth:	10	Filter time:	10 to 80 [us]
Chi2:	0.1757785150172377	RelRMS:	1.345675054303823	AbsRMS:	3.4793742743848626e-07	Phi model:	0.0036051620786863
depth_vector,start_model,resistivity_model,conductivity_model,E/I[V/A],modelled_thickness,rhoa,sigma
0.0,16.7241,16.641609981413822,0.0600903398839925,9.468660758416548e-05,1.0,16.56716074614197,0.0603603728679262
1.0,16.7241,16.750387440922633,0.0597001116258907,6.107385990908078e-05,1.0,16.56448561220372,0.0603701209570468
2.0,16.7241,16.95154172216171,0.0589916844373301,4.159493449202225e-05,1.0,16.70546189130915,0.0598606615313186
3.0,16.7241,17.214220024070997,0.0580915079859371,2.618585267909876e-05,1.0,16.834457604690975,0.0594019732314599
4.0,16.7241,17.481230830437482,0.0572042100295848,1.571468944227843e-05,1.0,16.745611506828457,0.0597171384032302
5.0,16.7241,17.673438976716348,0.0565820835049385,1.0219210196271984e-05,1.0,16.746592869094705,0.0597136389363992
6.0,16.7241,17.705484640791866,0.0564796739704085,7.068228612122162e-06,1.5,16.784586927408398,0.0595784694806548
7.5,16.7241,17.359736371623363,0.0576045614168786,4.500167525937877e-06,1.5,16.83142919136096,0.059412661196547
9.0,16.7241,16.52388747809842,0.0605184464809173,2.7111800866882587e-06,nan,16.771387942596093,0.0596253573897836
nan,nan,nan,nan,1.765987402213197e-06,nan,16.770942770763465,0.0596269400992343
nan,nan,nan,nan,1.2295988805967724e-06,nan,16.77050663144825,0.0596284907770638
nan,nan,nan,nan,7.873222775549497e-07,nan,16.793145454696397,0.0595481056659542
Name:	16.237767391887218_10_80_1
Lambda:	16.237767391887218	Maximal Depth:	10	Filter time:	10 to 80 [us]
Chi2:	0.1771764860504567	RelRMS:	1.356564639309935	AbsRMS:	3.539420176023177e-07	Phi model:	0.0025395700399104
depth_vector,start_model,resistivity_model,conductivity_model,E/I[V/A],modelled_thickness,rhoa,sigma
0.0,16.7241,16.774062243108453,0.0596158512772209,9.464988816283434e-05,1.0,16.5714452888235,0.0603447667099044
1.0,16.7241,16.86306273307928,0.0593012085543843,6.106132834606083e-05,1.0,16.566751877955507,0.0603618625646616
2.0,16.7241,17.021943959682503,0.0587476966419675,4.159224438297513e-05,1.0,16.706182202357784,0.0598580805528906
3.0,16.7241,17.22248443303323,0.0580636321018801,2.618670747045577e-05,1.0,16.834091260375143,0.0594032659401013
4.0,16.7241,17.417510297608,0.0574134869400555,1.5714838982028936e-05,1.0,16.74550527438827,0.0597175172450286
5.0,16.7241,17.557062726096987,0.0569571354617074,1.0218914826351186e-05,1.0,16.746915565849687,0.0597124883127254
6.0,16.7241,17.567978024479515,0.0569217469766061,7.067795543079076e-06,1.5,16.785272554746772,0.0595760358813599
7.5,16.7241,17.259767798911593,0.0579382070286635,4.499584433606688e-06,1.5,16.832883261245655,0.0594075289705299
9.0,16.7241,16.546273203123217,0.0604365700797955,2.7105077236858687e-06,nan,16.774161345404618,0.0596154990648135
nan,nan,nan,nan,1.7653701673078043e-06,nan,16.774851680198203,0.0596130457105886
nan,nan,nan,nan,1.2290732090245444e-06,nan,16.775288093462752,0.0596114948624754
nan,nan,nan,nan,7.869051711997271e-07,nan,16.799079171822655,0.0595270722741348
Name:	20.6913808111479_10_80_1
Lambda:	20.6913808111479	Maximal Depth:	10	Filter time:	10 to 80 [us]
Chi2:	0.1784096986639138	RelRMS:	1.365795434490108	AbsRMS:	3.585148544413489e-07	Phi model:	0.0017880642680812
depth_vector,start_model,resistivity_model,conductivity_model,E/I[V/A],modelled_thickness,rhoa,sigma
0.0,16.7241,16.8932495678033,0.0591952422170978,9.4623185201095e-05,1.0,16.574562818340787,0.0603334163899296
1.0,16.7241,16.9592639500436,0.0589648231754438,6.10534393211437e-05,1.0,16.56817896331261,0.0603566633493233
2.0,16.7241,17.07522511167049,0.0585643816383143,4.159173556632271e-05,1.0,16.706318453246023,0.0598575923713282
3.0,16.7241,17.22510220517209,0.0580548079244334,2.618846413913653e-05,1.0,16.833338454321737,0.0594059225217599
4.0,16.7241,17.36931082345212,0.0575728081651803,1.571552247131142e-05,1.0,16.745019747785733,0.0597192487713986
5.0,16.7241,17.463456302639475,0.0572624332016599,1.0218989007951984e-05,1.0,16.746834519703985,0.0597127772907423
6.0,16.7241,17.449222752094762,0.0573091428888975,7.067629789883058e-06,1.5,16.785534990837306,0.0595751044304437
7.5,16.7241,17.1728578180336,0.058231426044294,4.499199688033234e-06,1.5,16.83384288154438,0.0594041424193367
9.0,16.7241,16.565683459237466,0.0603657556575109,2.709991610889963e-06,nan,16.776291016090223,0.0596079311595688
nan,nan,nan,nan,1.7648753055423208e-06,nan,16.7779872538762,0.0596019048571497
nan,nan,nan,nan,1.2286435372560609e-06,nan,16.779198882033143,0.0595976009957651
nan,nan,nan,nan,7.865588697549209e-07,nan,16.804009608954242,0.0595096065326656
Name:	26.366508987303583_10_80_1
Lambda:	26.366508987303583	Maximal Depth:	10	Filter time:	10 to 80 [us]
Chi2:	0.1795008179659938	RelRMS:	1.373797538023322	AbsRMS:	3.620363938254598e-07	Phi model:	0.0012540693752969
depth_vector,start_model,resistivity_model,conductivity_model,E/I[V/A],modelled_thickness,rhoa,sigma
0.0,16.7241,16.98787303174428,0.0588655211945225,9.460331296879464e-05,1.0,16.576883822556926,0.0603249688363776
1.0,16.7241,17.037793607747798,0.0586930457676901,6.104858518799156e-05,1.0,16.569057204588557,0.0603534641502151
2.0,16.7241,17.127036634736065,0.058387216733796,4.159255833676679e-05,1.0,16.7060981332189,0.0598583817732741
3.0,16.7241,17.237248089533207,0.058013900757582,2.6190711517583585e-05,1.0,16.832375481295653,0.0594093211092642
4.0,16.7241,17.334658177641273,0.0576878984143931,1.571650336775784e-05,1.0,16.744323015149977,0.059721733694173
5.0,16.7241,17.38309965940147,0.0575271395547203,1.021927743147328e-05,1.0,16.74651941564461,0.0597139008518868
6.0,16.7241,17.342599483907655,0.0576614826934052,7.067622764111418e-06,1.5,16.785546114928117,0.0595750649489239
7.5,16.7241,17.09513792605193,0.0584961644840584,4.498938535765272e-06,1.5,16.83449431723776,0.0594018436880545
9.0,16.7241,16.582902862212332,0.0603030728883247,2.709578538005703e-06,nan,16.777995993391425,0.059601873811025
nan,nan,nan,nan,1.7644634940416896e-06,nan,16.780597716639036,0.05959263292561
nan,nan,nan,nan,1.2282800090050834e-06,nan,16.782509425738358,0.0595858446810319
nan,nan,nan,nan,7.862620796910176e-07,nan,16.80823801193452,0.0594946358618886
Name:	33.59818286283781_10_80_1
Lambda:	33.59818286283781	Maximal Depth:	10	Filter time:	10 to 80 [us]
Chi2:	0.1803690151113575	RelRMS:	1.3804080539258303	AbsRMS:	3.643323576343146e-07	Phi model:	0.0009139142128651
depth_vector,start_model,resistivity_model,conductivity_model,E/I[V/A],modelled_thickness,rhoa,sigma
0.0,16.7241,17.069329068791014,0.0585846107934239,9.459076445978016e-05,1.0,16.578349861222094,0.0603196342441215
1.0,16.7241,17.10361257666259,0.0584671802823967,6.104649867190863e-05,1.0,16.569434746387603,0.0603520889702055
2.0,16.7241,17.16644829748968,0.0582531681959065,4.159420924824823e-05,1.0,16.705656076946045,0.0598599657142474
3.0,16.7241,17.239307680436486,0.0580069698004647,2.6192970194813613e-05,1.0,16.83140780563372,0.0594127366853582
4.0,16.7241,17.300296307979938,0.0578024781886966,1.57174816644116e-05,1.0,16.743628201334317,0.0597242119793551
5.0,16.7241,17.31848501486261,0.0577417712427967,1.0219589929644538e-05,1.0,16.746178026645676,0.0597151181845105
6.0,16.7241,17.260548244524717,0.0579355873193201,7.067647685752935e-06,1.5,16.785506655914563,0.0595752049967248
7.5,16.7241,17.03658126434175,0.0586972224347052,4.4987307687326806e-06,1.5,16.835012630244623,0.0594000148359537
9.0,16.7241,16.597072440248056,0.0602515897668188,2.7092393697289754e-06,nan,16.77939624994192,0.0595968999780585
nan,nan,nan,nan,1.7641234181835266e-06,nan,16.782754214601614,0.0595849755774867
nan,nan,nan,nan,1.2279789708824358e-06,nan,16.78525212674019,0.0595761083866547
nan,nan,nan,nan,7.860161015939732e-07,nan,16.81174450735358,0.0594822268184359
Name:	42.81332398719393_10_80_1
Lambda:	42.81332398719393	Maximal Depth:	10	Filter time:	10 to 80 [us]
Chi2:	0.1810868561979735	RelRMS:	1.3860498538966552	AbsRMS:	3.658104239536076e-07	Phi model:	0.0006869636843986
depth_vector,start_model,resistivity_model,conductivity_model,E/I[V/A],modelled_thickness,rhoa,sigma
0.0,16.7241,17.134830741865898,0.0583606581859416,9.458297926905096e-05,1.0,16.57925956573854,0.0603163245038111
1.0,16.7241,17.15857509464248,0.0582798976304411,6.104620777106967e-05,1.0,16.56948738475032,0.060351897242177
2.0,16.7241,17.197550363985847,0.0581478163363396,4.159639770841497e-05,1.0,16.705070129035754,0.0598620653655239
3.0,16.7241,17.242629746366248,0.057995793838277,2.6195242809021925e-05,1.0,16.830434299364708,0.0594161732378912
4.0,16.7241,17.272513466684433,0.0578954534861889,1.5718471187762687e-05,1.0,16.74292548732224,0.0597267186524362
5.0,16.7241,17.26398052499678,0.05792406904955,1.0219930723089386e-05,1.0,16.745805746273764,0.0597164457268661
6.0,16.7241,17.194518861832357,0.0581580681632073,7.067703863025831e-06,1.5,16.785417709984777,0.0595755206857409
7.5,16.7241,16.987277351291265,0.0588675853887784,4.498565709824499e-06,1.5,16.835424428432557,0.0593985618985136
9.0,16.7241,16.609235930968495,0.0602074655424374,2.708953945961245e-06,nan,16.78057484864235,0.0595927141364234
nan,nan,nan,nan,1.7638340677194708e-06,nan,16.78458959698361,0.0595784600047481
nan,nan,nan,nan,1.2277215505360278e-06,nan,16.787598323473063,0.0595677821646329
nan,nan,nan,nan,7.858051657533463e-07,nan,16.814752921297092,0.0594715845472476
Name:	54.5559478116852_10_80_1
Lambda:	54.5559478116852	Maximal Depth:	10	Filter time:	10 to 80 [us]
Chi2:	0.1816696143359515	RelRMS:	1.3910170694171964	AbsRMS:	3.6655733858025145e-07	Phi model:	0.0005391067349381
depth_vector,start_model,resistivity_model,conductivity_model,E/I[V/A],modelled_thickness,rhoa,sigma
0.0,16.7241,17.18794564823642,0.0581803096464065,9.457935667594146e-05,1.0,16.5796829106077,0.0603147843895252
1.0,16.7241,17.201218656607487,0.0581354158657747,6.104736721065183e-05,1.0,16.56927758721965,0.0603526614082033
2.0,16.7241,17.223224089963,0.0580611385404176,4.159890317806684e-05,1.0,16.704399366696787,0.0598644691166615
3.0,16.7241,17.244247239177103,0.0579903538919406,2.619738523370766e-05,1.0,16.82951669049952,0.059419412832248
4.0,16.7241,17.24946571585554,0.0579728100842456,1.5719366882384204e-05,1.0,16.742289469733606,0.0597289875920363
5.0,16.7241,17.221034761504956,0.0580685199146888,1.0220220059490352e-05,1.0,16.745489693455642,0.0597175728095197
6.0,16.7241,17.140179365198378,0.0583424466391764,7.06772965155685e-06,1.5,16.78537687918999,0.0595756656044923
7.5,16.7241,16.94876274860601,0.0590013569033083,4.498398261177137e-06,1.5,16.835842214408125,0.0593970879071436
9.0,16.7241,16.619741108296136,0.0601694089868118,2.7086906215587565e-06,nan,16.78166237612865,0.0595888522595035
nan,nan,nan,nan,1.763572403783088e-06,nan,16.786249792760557,0.0595725675684435
nan,nan,nan,nan,1.227490396087948e-06,nan,16.789705824682688,0.0595603050131999
nan,nan,nan,nan,7.856171247368741e-07,nan,16.81743593911034,0.0594620965776606
Name:	69.51927961775606_10_80_1
Lambda:	69.51927961775606	Maximal Depth:	10	Filter time:	10 to 80 [us]
Chi2:	0.1821176614480937	RelRMS:	1.3954486611001014	AbsRMS:	3.665723194470305e-07	Phi model:	0.0004472943756731
depth_vector,start_model,resistivity_model,conductivity_model,E/I[V/A],modelled_thickness,rhoa,sigma
0.0,16.7241,17.22481170461086,0.0580557870326276,9.45798564829779e-05,1.0,16.579624500358506,0.0603149968793549
1.0,16.7241,17.232189169948295,0.0580309321199844,6.104987538034237e-05,1.0,16.568823763258507,0.060354314481726
2.0,16.7241,17.241895316856173,0.0579982642060453,4.160161131111848e-05,1.0,16.70367442319217,0.059867067249081
3.0,16.7241,17.246327700652124,0.0579833583912584,2.6199297083882005e-05,1.0,16.82869794319613,0.0594223036966625
4.0,16.7241,17.233041483012002,0.0580280620217725,1.572009757481224e-05,1.0,16.741770662143146,0.0597308385224283
5.0,16.7241,17.18913592924321,0.058176280885576,1.0220405678606997e-05,1.0,16.74528694270314,0.0597182958656767
6.0,16.7241,17.099434760806275,0.0584814652641095,7.067685008303594e-06,1.5,16.78544756268737,0.0595754147314436
7.5,16.7241,16.919269081721993,0.0591042080582728,4.498200307420059e-06,1.5,16.83633614435768,0.0593953453664636
9.0,16.7241,16.62871558349559,0.0601369357109291,2.708431283790935e-06,nan,16.78273361108691,0.0595850487276629
nan,nan,nan,nan,1.7633259719264427e-06,nan,16.787813720028975,0.0595670178783872
nan,nan,nan,nan,1.227276423120027e-06,nan,16.79165726704413,0.0595533832126643
nan,nan,nan,nan,7.854458632323068e-07,nan,16.819880473999692,0.0594534545917735
Name:	88.58667904100822_10_80_1
Lambda:	88.58667904100822	Maximal Depth:	10	Filter time:	10 to 80 [us]
Chi2:	0.1825417307103329	RelRMS:	1.399910390126425	AbsRMS:	3.662989200368861e-07	Phi model:	0.0003782112443853
depth_vector,start_model,resistivity_model,conductivity_model,E/I[V/A],modelled_thickness,rhoa,sigma
0.0,16.7241,17.262259329461475,0.0579298445767931,9.458204018714644e-05,1.0,16.579369306494495,0.0603159252631086
1.0,16.7241,17.261734946346913,0.0579316043901849,6.105308143826272e-05,1.0,16.568243709832494,0.0603564274834118
2.0,16.7241,17.257910889800584,0.0579444410383993,4.160457130960198e-05,1.0,16.70288214747661,0.0598699069520211
3.0,16.7241,17.245157298025642,0.0579872936337024,2.620123884729298e-05,1.0,16.82786648750958,0.0594252397202132
4.0,16.7241,17.215040536918057,0.0580887391961393,1.572081237581866e-05,1.0,16.74126317669768,0.0597326491702196
5.0,16.7241,17.157600078840183,0.0582832095051138,1.0220566964583082e-05,1.0,16.74511077589086,0.0597189241315603
6.0,16.7241,17.062562042813852,0.0586078454976909,7.067615393904177e-06,1.5,16.785557784392772,0.0595750235318245
7.5,16.7241,16.893870919451956,0.0591930650333417,4.497983578377258e-06,1.5,16.836876963541926,0.0593934375220161
9.0,16.7241,16.637511104318634,0.0601051439563233,2.708162307340216e-06,nan,16.783844840741608,0.0595811037035191
nan,nan,nan,nan,1.7630743592652212e-06,nan,16.7894109020575,0.0595613512489263
nan,nan,nan,nan,1.227059362216361e-06,nan,16.793637450976984,0.0595463611096251
nan,nan,nan,nan,7.852732334929977e-07,nan,16.82234543785565,0.059444742928039
Name:	112.88378916846884_10_80_1
Lambda:	112.88378916846884	Maximal Depth:	10	Filter time:	10 to 80 [us]
Chi2:	0.1828780789765908	RelRMS:	1.4043478066974933	AbsRMS:	3.65371304369041e-07	Phi model:	0.00033501079184
depth_vector,start_model,resistivity_model,conductivity_model,E/I[V/A],modelled_thickness,rhoa,sigma
0.0,16.7241,17.286768029729735,0.0578477132498222,9.458797509782266e-05,1.0,16.578675785605157,0.060318448405166
1.0,16.7241,17.281439518634517,0.0578655498531649,6.105755666899118e-05,1.0,16.56743411723158,0.0603593768910728
2.0,16.7241,17.26864574636394,0.0579084205378733,4.160774979715297e-05,1.0,16.702031495387498,0.0598729561895607
3.0,16.7241,17.244234175791284,0.0579903978225877,2.6202968898211537e-05,1.0,16.827125772812664,0.0594278555649524
4.0,16.7241,17.20204473655017,0.0581326240755113,1.5721335781146863e-05,1.0,16.74089160034262,0.0597339749801339
5.0,16.7241,17.134893324173813,0.0583604450334806,1.0220581916915825e-05,1.0,16.745094444235697,0.0597189823760139
6.0,16.7241,17.035470866949897,0.058701048407184,7.067430748326274e-06,1.5,16.785850145755024,0.0595739859057951
7.5,16.7241,16.875488403184015,0.0592575442030657,4.497693474943971e-06,1.5,16.837600946969374,0.0593908837220656
9.0,16.7241,16.64557640433372,0.0600760211427492,2.7078597943408782e-06,nan,16.78509484064225,0.0595766666494293
nan,nan,nan,nan,1.7628070826403795e-06,nan,16.791107931654544,0.0595553315522916
nan,nan,nan,nan,1.2268344389530186e-06,nan,16.795689976952023,0.0595390842157872
nan,nan,nan,nan,7.850985055726737e-07,nan,16.824841281282364,0.0594359247306837
Name:	143.8449888287663_10_80_1
Lambda:	143.8449888287663	Maximal Depth:	10	Filter time:	10 to 80 [us]
Chi2:	0.1831751175589554	RelRMS:	1.4090201230648711	AbsRMS:	3.638905551156522e-07	Phi model:	0.0003044867267884
depth_vector,start_model,resistivity_model,conductivity_model,E/I[V/A],modelled_thickness,rhoa,sigma
0.0,16.7241,17.30446375222487,0.0577885575836713,9.459722083351895e-05,1.0,16.57759552447149,0.0603223789918038
1.0,16.7241,17.295415352711416,0.0578187906798797,6.10633488441784e-05,1.0,16.56638642932753,0.0603631941260102
2.0,16.7241,17.275702135807208,0.05788476741141,4.1611351423912125e-05,1.0,16.70106773030403,0.0598764112659398
3.0,16.7241,17.242343915521246,0.0579967552497208,2.6204688388844936e-05,1.0,16.826389660221807,0.0594304553854494
4.0,16.7241,17.190986908427245,0.0581700169586998,1.5721773764632422e-05,1.0,16.74058068257941,0.0597350844012609
5.0,16.7241,17.11663340032081,0.0584227036130397,1.0220505644771215e-05,1.0,16.74517775274774,0.0597186852696089
6.0,16.7241,17.0142963745196,0.0587741025539902,7.067161278837329e-06,1.5,16.78627683718383,0.059572471590893
7.5,16.7241,16.861844822340892,0.0593054918092391,4.497339189336807e-06,1.5,16.838485209286105,0.0593877648476668
9.0,16.7241,16.653539919283244,0.0600472935392008,2.707519122085012e-06,nan,16.786502795294435,0.0595716697036096
nan,nan,nan,nan,1.7625154885725114e-06,nan,16.792959850120564,0.0595487638227647
nan,nan,nan,nan,1.226592618703816e-06,nan,16.797897395254026,0.0595312601613183
nan,nan,nan,nan,7.849133838915847e-07,nan,16.827486601175796,0.0594265812655662
Name:	183.29807108324357_10_80_1
Lambda:	183.2980710832436	Maximal Depth:	10	Filter time:	10 to 80 [us]
Chi2:	0.1834649881531586	RelRMS:	1.414292650067258	AbsRMS:	3.618720281162256e-07	Phi model:	0.0002812086517492
depth_vector,start_model,resistivity_model,conductivity_model,E/I[V/A],modelled_thickness,rhoa,sigma
0.0,16.7241,17.316280327959056,0.057749122852059,9.460981432660032e-05,1.0,16.576124398261488,0.0603277325853611
1.0,16.7241,17.304418923763432,0.0577887072894855,6.107048073330606e-05,1.0,16.565096641642093,0.0603678941109316
2.0,16.7241,17.279491310869027,0.0578720740101293,4.161537904850481e-05,1.0,16.6999901364318,0.059880274888214
3.0,16.7241,17.23944628608578,0.0580065034227413,2.6206374589715223e-05,1.0,16.825667877128794,0.0594330048175564
4.0,16.7241,17.181349506038107,0.0582026458194431,1.5722084103458718e-05,1.0,16.74036038654155,0.0597358704896193
5.0,16.7241,17.101915307350904,0.058472982822583,1.0220293212584448e-05,1.0,16.74540978799572,0.0597178577688119
6.0,16.7241,16.997968899011976,0.0588305582826502,7.066765425713623e-06,1.5,16.78690369994076,0.0595702470136603
7.5,16.7241,16.85223493388221,0.0593393104192639,4.496885355088316e-06,1.5,16.839618104930405,0.059383769499334
9.0,16.7241,16.661841341197636,0.0600173762024384,2.707112715132228e-06,nan,16.78818280926297,0.059565708293827
nan,nan,nan,nan,1.7621781798729765e-06,nan,16.795102740027627,0.0595411659862436
nan,nan,nan,nan,1.2263170936438705e-06,nan,16.800413366812712,0.0595223449665461
nan,nan,nan,nan,7.847056118910455e-07,nan,16.830456824429998,0.0594160937181731
Name:	233.57214690901213_10_80_1
Lambda:	233.57214690901213	Maximal Depth:	10	Filter time:	10 to 80 [us]
Chi2:	0.1837756396961124	RelRMS:	1.4203902345748665	AbsRMS:	3.592719765393099e-07	Phi model:	0.0002617279688006
depth_vector,start_model,resistivity_model,conductivity_model,E/I[V/A],modelled_thickness,rhoa,sigma
0.0,16.7241,17.32291066571421,0.0577270193962967,9.46262323163094e-05,1.0,16.574206998237784,0.0603347116460125
1.0,16.7241,17.30899357057613,0.0577734341354148,6.10792532147504e-05,1.0,16.563510500423906,0.0603736750113695
2.0,16.7241,17.280279208812306,0.0578694353208157,4.1620023824355504e-05,1.0,16.69874763908573,0.0598847303769871
3.0,16.7241,17.235443801542587,0.0580199739278253,2.6208125665500013e-05,1.0,16.82491840606627,0.059435652278673
4.0,16.7241,17.172658928504415,0.0582321004664064,1.5722301586921384e-05,1.0,16.74020600880762,0.0597364213722259
5.0,16.7241,17.089967038423488,0.0585138635874307,1.0219952589154218e-05,1.0,16.745781860644065,0.0597165309044303
6.0,16.7241,16.985593274081975,0.0588734219561163,7.0662399155914825e-06,1.5,16.787735974585562,0.0595672937383497
7.5,16.7241,16.846088156964854,0.0593609620632644,4.496322480875851e-06,1.5,16.841023459204827,0.0593788140264972
9.0,16.7241,16.670793068161334,0.0599851486315817,2.7066296966489774e-06,nan,16.79018006842277,0.059558622714279
nan,nan,nan,nan,1.7617852477113516e-06,nan,16.79759986266622,0.0595323146268394
nan,nan,nan,nan,1.225999393750498e-06,nan,16.803315629824635,0.0595120642871859
nan,nan,nan,nan,7.844685400636457e-07,nan,16.833847507429244,0.0594041260952775
Name:	297.63514416313194_10_80_1
Lambda:	297.63514416313194	Maximal Depth:	10	Filter time:	10 to 80 [us]
Chi2:	0.1841447293290256	RelRMS:	1.4276092301473613	AbsRMS:	3.5606602224631025e-07	Phi model:	0.0002437780899373
depth_vector,start_model,resistivity_model,conductivity_model,E/I[V/A],modelled_thickness,rhoa,sigma
0.0,16.7241,17.324873982682387,0.0577204775630449,9.464693330617896e-05,1.0,16.57179019163868,0.060343510775592
1.0,16.7241,17.309539988859783,0.057771610374602,6.108993020954261e-05,1.0,16.561580518765737,0.0603807105769229
2.0,16.7241,17.278245837977337,0.057876245619912,4.162543699342797e-05,1.0,16.697299884858133,0.0598899227357619
3.0,16.7241,17.23023014941759,0.0580375300462136,2.6210005811279143e-05,1.0,16.82411378517042,0.0594384948157832
4.0,16.7241,17.16451577754146,0.0582597268085143,1.5722437805807168e-05,1.0,16.74010931746194,0.0597367664114881
5.0,16.7241,17.080162891401887,0.0585474510025544,1.021947532470048e-05,1.0,16.74630322493279,0.0597146717438596
6.0,16.7241,16.97646442673216,0.0589050802842869,7.065569308115665e-06,1.5,16.788798196436993,0.0595635249348714
7.5,16.7241,16.842979341671747,0.0593719186917167,4.495632895118839e-06,1.5,16.842745579806024,0.0593727427195107
9.0,16.7241,16.680725859883225,0.0599494295631929,2.706054192626592e-06,nan,16.79256052671063,0.0595501798793207
nan,nan,nan,nan,1.761323498331264e-06,nan,16.80053551208818,0.0595219122200294
nan,nan,nan,nan,1.2256287369134363e-06,nan,16.806703251622864,0.0595000688135217
nan,nan,nan,nan,7.841940312406531e-07,nan,16.83777576151155,0.0593902671091415
Name:	379.26901907322497_10_80_1
Lambda:	379.26901907322497	Maximal Depth:	10	Filter time:	10 to 80 [us]
Chi2:	0.1846200375342011	RelRMS:	1.4362757157077564	AbsRMS:	3.522502395639386e-07	Phi model:	0.0002259185154933
depth_vector,start_model,resistivity_model,conductivity_model,E/I[V/A],modelled_thickness,rhoa,sigma
0.0,16.7241,17.32255065854991,0.0577282191122604,9.467239271984676e-05,1.0,16.5688190546342,0.0603543316335696
1.0,16.7241,17.30634496237536,0.0577822759325575,6.110277500692827e-05,1.0,16.559259428329227,0.0603891740647061
2.0,16.7241,17.273504036748573,0.0578921334011065,4.163176334673429e-05,1.0,16.69560829674768,0.0598959907435538
3.0,16.7241,17.223694154599084,0.0580595539507405,2.621207258366392e-05,1.0,16.82322940716431,0.0594416194297476
4.0,16.7241,17.156582412296824,0.058286666654733,1.5722500818263406e-05,1.0,16.740064590221557,0.0597369260202337
5.0,16.7241,17.071995221759448,0.0585754615679267,1.021885112951108e-05,1.0,16.74698515778857,0.0597122401780434
6.0,16.7241,16.970025225411554,0.0589274315575301,7.064737160902763e-06,1.5,16.79011652596168,0.0595588481148271
7.5,16.7241,16.84259090224013,0.059373287981898,4.494798636518408e-06,1.5,16.84482958428376,0.05936539725715
9.0,16.7241,16.691949538995573,0.059909119522786,2.705370509166485e-06,nan,16.795389544607147,0.059540149238223
nan,nan,nan,nan,1.760780053924013e-06,nan,16.80399219499567,0.0595096682024052
nan,nan,nan,nan,1.2251946680950537e-06,nan,16.810672599140283,0.0594860196165584
nan,nan,nan,nan,7.838742474968946e-07,nan,16.842354796097812,0.0593741203119464
Name:	483.2930238571752_10_80_1
Lambda:	483.2930238571752	Maximal Depth:	10	Filter time:	10 to 80 [us]
Chi2:	0.1852606912089193	RelRMS:	1.4467238647780638	AbsRMS:	3.478554799091649e-07	Phi model:	0.000207307009545
depth_vector,start_model,resistivity_model,conductivity_model,E/I[V/A],modelled_thickness,rhoa,sigma
0.0,16.7241,17.31622894099467,0.0577492942260994,9.470306102070302e-05,1.0,16.56524180344052,0.0603673651049455
1.0,16.7241,17.29962226412123,0.0578047303422319,6.111803604439243e-05,1.0,16.556502773469727,0.0603992288517843
2.0,16.7241,17.26612949550209,0.0579168597258873,4.1639139649439465e-05,1.0,16.693636506136077,0.0599030654364871
3.0,16.7241,17.21573456730463,0.05808639742269,2.621438165416429e-05,1.0,16.822241486524256,0.0594451102607858
4.0,16.7241,17.14858022368154,0.0583138654603625,1.5722500909460574e-05,1.0,16.740064525488574,0.0597369262512334
5.0,16.7241,17.065054759941525,0.0585992845652858,1.0218073202874088e-05,1.0,16.747835139338093,0.0597092096787574
6.0,16.7241,16.96583286579726,0.0589419928812323,7.063730671995683e-06,1.5,16.791711402241294,0.0595531912170979
7.5,16.7241,16.8446787997991,0.059365928664186,4.4938050946966415e-06,1.5,16.847312324512615,0.0593566487483593
9.0,16.7241,16.70472742338787,0.0598632934650538,2.7045656889635084e-06,nan,16.7987213422801,0.0595283402602277
nan,nan,nan,nan,1.7601442128431867e-06,nan,16.808038842722915,0.0594953408519134
nan,nan,nan,nan,1.2246884669363303e-06,nan,16.81530452313526,0.0594696336676005
nan,nan,nan,nan,7.835026329654575e-07,nan,16.8476799167927,0.059355353671176
Name:	615.8482110660261_10_80_1
Lambda:	615.8482110660261	Maximal Depth:	10	Filter time:	10 to 80 [us]
Chi2:	0.1861376512228858	RelRMS:	1.459279867773794	AbsRMS:	3.429681634157801e-07	Phi model:	0.0001875626821502
depth_vector,start_model,resistivity_model,conductivity_model,E/I[V/A],modelled_thickness,rhoa,sigma
0.0,16.7241,17.30616043475699,0.0577828920383541,9.473926936581277e-05,1.0,16.561020827923524,0.060382751183665
1.0,16.7241,17.289562340677264,0.0578383639964843,6.113589951277478e-05,1.0,16.55327748935098,0.060410997196375
2.0,16.7241,17.25619925313524,0.0579501885282364,4.164767089142437e-05,1.0,16.6913567097354,0.059911247323397
3.0,16.7241,17.20628298888563,0.0581183048451515,2.6216977895870767e-05,1.0,16.821130874767473,0.0594490351121427
4.0,16.7241,17.140294483098295,0.0583420547987714,1.572244829215886e-05,1.0,16.74010187406255,0.0597367929731311
5.0,16.7241,17.0590174271264,0.0586200233554981,1.0217138395605825e-05,1.0,16.74885667515899,0.0597055679318783
6.0,16.7241,16.96353123316328,0.0589499902028078,7.062541791946333e-06,1.5,16.793595782418603,0.0595465088570793
7.5,16.7241,16.849039566708697,0.0593505639321933,4.4926424318222905e-06,1.5,16.850218839643514,0.0593464102464532
9.0,16.7241,16.719255544832176,0.0598112755271028,2.7036307444104298e-06,nan,16.80259390463088,0.0595146205208467
nan,nan,nan,nan,1.7594084554552304e-06,nan,16.812724424006248,0.0594787599428048
nan,nan,nan,nan,1.2241039654243097e-06,nan,16.820656894710904,0.0594507102938673
nan,nan,nan,nan,7.830745227927781e-07,nan,16.853819822943986,0.0593337303059718
Name:	784.7599703514607_10_80_1
Lambda:	784.7599703514607	Maximal Depth:	10	Filter time:	10 to 80 [us]
Chi2:	0.1873305772444375	RelRMS:	1.4742234319098813	AbsRMS:	3.3774635223816255e-07	Phi model:	0.0001666909393986
depth_vector,start_model,resistivity_model,conductivity_model,E/I[V/A],modelled_thickness,rhoa,sigma
0.0,16.7241,17.29261692906705,0.0578281473591834,9.478113528070718e-05,1.0,16.556143673558786,0.0604005389006779
1.0,16.7241,17.276383491620464,0.0578824845191141,6.115644478587814e-05,1.0,16.549569941679458,0.0604245308804997
2.0,16.7241,17.24383195794049,0.0579917504670136,4.165741034269779e-05,1.0,16.68875499591062,0.059920587260406
3.0,16.7241,17.19532893514488,0.0581553283319947,2.6219890326658296e-05,1.0,16.819885222813248,0.059453437806084
4.0,16.7241,17.131581624294885,0.0583717266701088,1.5722353993496276e-05,1.0,16.74016880923188,0.0597365541169763
5.0,16.7241,17.053633515589752,0.0586385299699234,1.0216049933523957e-05,1.0,16.75004631771905,0.0597013274489963
6.0,16.7241,16.962824166628536,0.0589524474330948,7.061170401471726e-06,1.5,16.795770099192538,0.0595388001916074
7.5,16.7241,16.855475655699745,0.0593279015334014,4.491308542284721e-06,1.5,16.853554945071302,0.0593346628209404
9.0,16.7241,16.735631183567435,0.0597527508243543,2.7025629484180747e-06,nan,16.807019471892726,0.059498949333185
nan,nan,nan,nan,1.7585702087428205e-06,nan,16.81806667743524,0.0594598665339873
nan,nan,nan,nan,1.2234389328138714e-06,nan,16.826751884756398,0.0594291760435307
nan,nan,nan,nan,7.825881444320149e-07,nan,16.860802196703037,0.0593091590977527
Name:	1000.0_10_80_1
Lambda:	1000	Maximal Depth:	10	Filter time:	10 to 80 [us]
Chi2:	0.1889202008588649	RelRMS:	1.491735418798603	AbsRMS:	3.324267350015764e-07	Phi model:	0.000145026348147
depth_vector,start_model,resistivity_model,conductivity_model,E/I[V/A],modelled_thickness,rhoa,sigma
0.0,16.7241,17.275944041002745,0.0578839568840116,9.482846544401712e-05,1.0,16.55063428577964,0.0604206450781891
1.0,16.7241,17.260380401417688,0.0579361506956048,6.117959766571642e-05,1.0,16.54539431896841,0.0604397804441296
2.0,16.7241,17.229226511598977,0.058040910851499,4.166833793689147e-05,1.0,16.685837098322125,0.0599310657360161
3.0,16.7241,17.18294469564375,0.0581972425397796,2.6223125893541e-05,1.0,16.818501635338347,0.059458328790648
4.0,16.7241,17.122377883440112,0.0584031030507245,1.572223001733461e-05,1.0,16.740256811130884,0.0597362400877316
5.0,16.7241,17.04871957740213,0.0586554313043829,1.0214819656228396e-05,1.0,16.75139121260336,0.0596965342942754
6.0,16.7241,16.963452229812304,0.0589502647487376,7.059627144485793e-06,1.5,16.798217749257553,0.059530124857692
7.5,16.7241,16.863763264249886,0.0592987451454526,4.48981178666519e-06,1.5,16.857300351027728,0.0593214796661693
9.0,16.7241,16.75382140802121,0.05968787512091,2.701367987113066e-06,nan,16.811975542945333,0.0594814093944849
nan,nan,nan,nan,1.7576335206556943e-06,nan,16.824041333558526,0.0594387507836968
nan,nan,nan,nan,1.2226963977909157e-06,nan,16.8335637083775,0.0594051275965013
nan,nan,nan,nan,7.820455784795492e-07,nan,16.868599730069057,0.0592817433575979
Name:	200_10_80_1
Lambda:	200	Maximal Depth:	10	Filter time:	10 to 80 [us]
Chi2:	0.1835727202313021	RelRMS:	1.416379035159595	AbsRMS:	3.610057786667622e-07	Phi model:	0.000273900377078
depth_vector,start_model,resistivity_model,conductivity_model,E/I[V/A],modelled_thickness,rhoa,sigma
0.0,16.7241,17.319232988137443,0.057739277523718,9.461525318749692e-05,1.0,16.575489151156056,0.0603300446147168
1.0,16.7241,17.306551534620347,0.0577815862391523,6.107343119758289e-05,1.0,16.5645631295681,0.0603698384423419
2.0,16.7241,17.280109718251428,0.0578700029284993,4.161696875067314e-05,1.0,16.699564858308538,0.0598817998244109
3.0,16.7241,17.238139210422098,0.0580109017448591,2.6206991984125444e-05,1.0,16.825403619048608,0.0594339382662931
4.0,16.7241,17.178136334083952,0.058213532629605,1.572217125864629e-05,1.0,16.740298520167265,0.0597360912528104
5.0,16.7241,17.097333286739804,0.0584886533606718,1.022018504398424e-05,1.0,16.745527941390772,0.0597174364104848
6.0,16.7241,16.99310206228384,0.0588474073971166,7.066591492136985e-06,1.5,16.787179155156263,0.0595692695453747
7.5,16.7241,16.84964980897628,0.0593484144381013,4.496695917540664e-06,1.5,16.84009104974998,0.0593821017383897
9.0,16.7241,16.664971244052108,0.0600061041423584,2.706948331469062e-06,nan,16.78886246145668,0.0595632969354396
nan,nan,nan,nan,1.7620437341870448e-06,nan,16.79595705117037,0.0595381374787641
nan,nan,nan,nan,1.2262080892824597e-06,nan,16.80140900597864,0.0595188177160712
nan,nan,nan,nan,7.846240369794795e-07,nan,16.831623344252115,0.059411975871091
Name:	200_10_80_2
Lambda:	200	Maximal Depth:	10	Filter time:	10 to 80 [us]
Chi2:	0.1835727202313021	RelRMS:	1.416379035159595	AbsRMS:	3.610057786667622e-07	Phi model:	0.000273900377078
depth_vector,start_model,resistivity_model,conductivity_model,E/I[V/A],modelled_thickness,rhoa,sigma
0.0,16.7241,17.319232988137443,0.057739277523718,9.461525318749692e-05,1.0,16.575489151156056,0.0603300446147168
1.0,16.7241,17.306551534620347,0.0577815862391523,6.107343119758289e-05,1.0,16.5645631295681,0.0603698384423419
2.0,16.7241,17.280109718251428,0.0578700029284993,4.161696875067314e-05,1.0,16.699564858308538,0.0598817998244109
3.0,16.7241,17.238139210422098,0.0580109017448591,2.6206991984125444e-05,1.0,16.825403619048608,0.0594339382662931
4.0,16.7241,17.178136334083952,0.058213532629605,1.572217125864629e-05,1.0,16.740298520167265,0.0597360912528104
5.0,16.7241,17.097333286739804,0.0584886533606718,1.022018504398424e-05,1.0,16.745527941390772,0.0597174364104848
6.0,16.7241,16.99310206228384,0.0588474073971166,7.066591492136985e-06,1.5,16.787179155156263,0.0595692695453747
7.5,16.7241,16.84964980897628,0.0593484144381013,4.496695917540664e-06,1.5,16.84009104974998,0.0593821017383897
9.0,16.7241,16.664971244052108,0.0600061041423584,2.706948331469062e-06,nan,16.78886246145668,0.0595632969354396
nan,nan,nan,nan,1.7620437341870448e-06,nan,16.79595705117037,0.0595381374787641
nan,nan,nan,nan,1.2262080892824597e-06,nan,16.80140900597864,0.0595188177160712
nan,nan,nan,nan,7.846240369794795e-07,nan,16.831623344252115,0.059411975871091
Name:	200_10_80_3
Lambda:	200	Maximal Depth:	10	Filter time:	10 to 80 [us]
Chi2:	0.1835727202313021	RelRMS:	1.416379035159595	AbsRMS:	3.610057786667622e-07	Phi model:	0.000273900377078
depth_vector,start_model,resistivity_model,conductivity_model,E/I[V/A],modelled_thickness,rhoa,sigma
0.0,16.7241,17.319232988137443,0.057739277523718,9.461525318749692e-05,1.0,16.575489151156056,0.0603300446147168
1.0,16.7241,17.306551534620347,0.0577815862391523,6.107343119758289e-05,1.0,16.5645631295681,0.0603698384423419
2.0,16.7241,17.280109718251428,0.0578700029284993,4.161696875067314e-05,1.0,16.699564858308538,0.0598817998244109
3.0,16.7241,17.238139210422098,0.0580109017448591,2.6206991984125444e-05,1.0,16.825403619048608,0.0594339382662931
4.0,16.7241,17.178136334083952,0.058213532629605,1.572217125864629e-05,1.0,16.740298520167265,0.0597360912528104
5.0,16.7241,17.097333286739804,0.0584886533606718,1.022018504398424e-05,1.0,16.745527941390772,0.0597174364104848
6.0,16.7241,16.99310206228384,0.0588474073971166,7.066591492136985e-06,1.5,16.787179155156263,0.0595692695453747
7.5,16.7241,16.84964980897628,0.0593484144381013,4.496695917540664e-06,1.5,16.84009104974998,0.0593821017383897
9.0,16.7241,16.664971244052108,0.0600061041423584,2.706948331469062e-06,nan,16.78886246145668,0.0595632969354396
nan,nan,nan,nan,1.7620437341870448e-06,nan,16.79595705117037,0.0595381374787641
nan,nan,nan,nan,1.2262080892824597e-06,nan,16.80140900597864,0.0595188177160712
nan,nan,nan,nan,7.846240369794795e-07,nan,16.831623344252115,0.059411975871091
Name:	200_10_80_4
Lambda:	200	Maximal Depth:	10	Filter time:	10 to 80 [us]
Chi2:	0.1835727202313021	RelRMS:	1.416379035159595	AbsRMS:	3.610057786667622e-07	Phi model:	0.000273900377078
depth_vector,start_model,resistivity_model,conductivity_model,E/I[V/A],modelled_thickness,rhoa,sigma
0.0,16.7241,17.319232988137443,0.057739277523718,9.461525318749692e-05,1.0,16.575489151156056,0.0603300446147168
1.0,16.7241,17.306551534620347,0.0577815862391523,6.107343119758289e-05,1.0,16.5645631295681,0.0603698384423419
2.0,16.7241,17.280109718251428,0.0578700029284993,4.161696875067314e-05,1.0,16.699564858308538,0.0598817998244109
3.0,16.7241,17.238139210422098,0.0580109017448591,2.6206991984125444e-05,1.0,16.825403619048608,0.0594339382662931
4.0,16.7241,17.178136334083952,0.058213532629605,1.572217125864629e-05,1.0,16.740298520167265,0.0597360912528104
5.0,16.7241,17.097333286739804,0.0584886533606718,1.022018504398424e-05,1.0,16.745527941390772,0.0597174364104848
6.0,16.7241,16.99310206228384,0.0588474073971166,7.066591492136985e-06,1.5,16.787179155156263,0.0595692695453747
7.5,16.7241,16.84964980897628,0.0593484144381013,4.496695917540664e-06,1.5,16.84009104974998,0.0593821017383897
9.0,16.7241,16.664971244052108,0.0600061041423584,2.706948331469062e-06,nan,16.78886246145668,0.0595632969354396
nan,nan,nan,nan,1.7620437341870448e-06,nan,16.79595705117037,0.0595381374787641
nan,nan,nan,nan,1.2262080892824597e-06,nan,16.80140900597864,0.0595188177160712
nan,nan,nan,nan,7.846240369794795e-07,nan,16.831623344252115,0.059411975871091
Name:	200_10_80_5
Lambda:	200	Maximal Depth:	10	Filter time:	10 to 80 [us]
Chi2:	0.1835727202313021	RelRMS:	1.416379035159595	AbsRMS:	3.610057786667622e-07	Phi model:	0.000273900377078
depth_vector,start_model,resistivity_model,conductivity_model,E/I[V/A],modelled_thickness,rhoa,sigma
0.0,16.7241,17.319232988137443,0.057739277523718,9.461525318749692e-05,1.0,16.575489151156056,0.0603300446147168
1.0,16.7241,17.306551534620347,0.0577815862391523,6.107343119758289e-05,1.0,16.5645631295681,0.0603698384423419
2.0,16.7241,17.280109718251428,0.0578700029284993,4.161696875067314e-05,1.0,16.699564858308538,0.0598817998244109
3.0,16.7241,17.238139210422098,0.0580109017448591,2.6206991984125444e-05,1.0,16.825403619048608,0.0594339382662931
4.0,16.7241,17.178136334083952,0.058213532629605,1.572217125864629e-05,1.0,16.740298520167265,0.0597360912528104
5.0,16.7241,17.097333286739804,0.0584886533606718,1.022018504398424e-05,1.0,16.745527941390772,0.0597174364104848
6.0,16.7241,16.99310206228384,0.0588474073971166,7.066591492136985e-06,1.5,16.787179155156263,0.0595692695453747
7.5,16.7241,16.84964980897628,0.0593484144381013,4.496695917540664e-06,1.5,16.84009104974998,0.0593821017383897
9.0,16.7241,16.664971244052108,0.0600061041423584,2.706948331469062e-06,nan,16.78886246145668,0.0595632969354396
nan,nan,nan,nan,1.7620437341870448e-06,nan,16.79595705117037,0.0595381374787641
nan,nan,nan,nan,1.2262080892824597e-06,nan,16.80140900597864,0.0595188177160712
nan,nan,nan,nan,7.846240369794795e-07,nan,16.831623344252115,0.059411975871091
Name:	200_10_80_6
Lambda:	200	Maximal Depth:	10	Filter time:	10 to 80 [us]
Chi2:	0.1835727202313021	RelRMS:	1.416379035159595	AbsRMS:	3.610057786667622e-07	Phi model:	0.000273900377078
depth_vector,start_model,resistivity_model,conductivity_model,E/I[V/A],modelled_thickness,rhoa,sigma
0.0,16.7241,17.319232988137443,0.057739277523718,9.461525318749692e-05,1.0,16.575489151156056,0.0603300446147168
1.0,16.7241,17.306551534620347,0.0577815862391523,6.107343119758289e-05,1.0,16.5645631295681,0.0603698384423419
2.0,16.7241,17.280109718251428,0.0578700029284993,4.161696875067314e-05,1.0,16.699564858308538,0.0598817998244109
3.0,16.7241,17.238139210422098,0.0580109017448591,2.6206991984125444e-05,1.0,16.825403619048608,0.0594339382662931
4.0,16.7241,17.178136334083952,0.058213532629605,1.572217125864629e-05,1.0,16.740298520167265,0.0597360912528104
5.0,16.7241,17.097333286739804,0.0584886533606718,1.022018504398424e-05,1.0,16.745527941390772,0.0597174364104848
6.0,16.7241,16.99310206228384,0.0588474073971166,7.066591492136985e-06,1.5,16.787179155156263,0.0595692695453747
7.5,16.7241,16.84964980897628,0.0593484144381013,4.496695917540664e-06,1.5,16.84009104974998,0.0593821017383897
9.0,16.7241,16.664971244052108,0.0600061041423584,2.706948331469062e-06,nan,16.78886246145668,0.0595632969354396
nan,nan,nan,nan,1.7620437341870448e-06,nan,16.79595705117037,0.0595381374787641
nan,nan,nan,nan,1.2262080892824597e-06,nan,16.80140900597864,0.0595188177160712
nan,nan,nan,nan,7.846240369794795e-07,nan,16.831623344252115,0.059411975871091
Name:	200_10_80_7
Lambda:	200	Maximal Depth:	10	Filter time:	10 to 80 [us]
Chi2:	0.1835727202313021	RelRMS:	1.416379035159595	AbsRMS:	3.610057786667622e-07	Phi model:	0.000273900377078
depth_vector,start_model,resistivity_model,conductivity_model,E/I[V/A],modelled_thickness,rhoa,sigma
0.0,16.7241,17.319232988137443,0.057739277523718,9.461525318749692e-05,1.0,16.575489151156056,0.0603300446147168
1.0,16.7241,17.306551534620347,0.0577815862391523,6.107343119758289e-05,1.0,16.5645631295681,0.0603698384423419
2.0,16.7241,17.280109718251428,0.0578700029284993,4.161696875067314e-05,1.0,16.699564858308538,0.0598817998244109
3.0,16.7241,17.238139210422098,0.0580109017448591,2.6206991984125444e-05,1.0,16.825403619048608,0.0594339382662931
4.0,16.7241,17.178136334083952,0.058213532629605,1.572217125864629e-05,1.0,16.740298520167265,0.0597360912528104
5.0,16.7241,17.097333286739804,0.0584886533606718,1.022018504398424e-05,1.0,16.745527941390772,0.0597174364104848
6.0,16.7241,16.99310206228384,0.0588474073971166,7.066591492136985e-06,1.5,16.787179155156263,0.0595692695453747
7.5,16.7241,16.84964980897628,0.0593484144381013,4.496695917540664e-06,1.5,16.84009104974998,0.0593821017383897
9.0,16.7241,16.664971244052108,0.0600061041423584,2.706948331469062e-06,nan,16.78886246145668,0.0595632969354396
nan,nan,nan,nan,1.7620437341870448e-06,nan,16.79595705117037,0.0595381374787641
nan,nan,nan,nan,1.2262080892824597e-06,nan,16.80140900597864,0.0595188177160712
nan,nan,nan,nan,7.846240369794795e-07,nan,16.831623344252115,0.059411975871091
Name:	200_10_80_8
Lambda:	200	Maximal Depth:	10	Filter time:	10 to 80 [us]
Chi2:	0.1835727202313021	RelRMS:	1.416379035159595	AbsRMS:	3.610057786667622e-07	Phi model:	0.000273900377078
depth_vector,start_model,resistivity_model,conductivity_model,E/I[V/A],modelled_thickness,rhoa,sigma
0.0,16.7241,17.319232988137443,0.057739277523718,9.461525318749692e-05,1.0,16.575489151156056,0.0603300446147168
1.0,16.7241,17.306551534620347,0.0577815862391523,6.107343119758289e-05,1.0,16.5645631295681,0.0603698384423419
2.0,16.7241,17.280109718251428,0.0578700029284993,4.161696875067314e-05,1.0,16.699564858308538,0.0598817998244109
3.0,16.7241,17.238139210422098,0.0580109017448591,2.6206991984125444e-05,1.0,16.825403619048608,0.0594339382662931
4.0,16.7241,17.178136334083952,0.058213532629605,1.572217125864629e-05,1.0,16.740298520167265,0.0597360912528104
5.0,16.7241,17.097333286739804,0.0584886533606718,1.022018504398424e-05,1.0,16.745527941390772,0.0597174364104848
6.0,16.7241,16.99310206228384,0.0588474073971166,7.066591492136985e-06,1.5,16.787179155156263,0.0595692695453747
7.5,16.7241,16.84964980897628,0.0593484144381013,4.496695917540664e-06,1.5,16.84009104974998,0.0593821017383897
9.0,16.7241,16.664971244052108,0.0600061041423584,2.706948331469062e-06,nan,16.78886246145668,0.0595632969354396
nan,nan,nan,nan,1.7620437341870448e-06,nan,16.79595705117037,0.0595381374787641
nan,nan,nan,nan,1.2262080892824597e-06,nan,16.80140900597864,0.0595188177160712
nan,nan,nan,nan,7.846240369794795e-07,nan,16.831623344252115,0.059411975871091
Name:	200_10_80_9
Lambda:	200	Maximal Depth:	10	Filter time:	10 to 80 [us]
Chi2:	0.1835727202313021	RelRMS:	1.416379035159595	AbsRMS:	3.610057786667622e-07	Phi model:	0.000273900377078
depth_vector,start_model,resistivity_model,conductivity_model,E/I[V/A],modelled_thickness,rhoa,sigma
0.0,16.7241,17.319232988137443,0.057739277523718,9.461525318749692e-05,1.0,16.575489151156056,0.0603300446147168
1.0,16.7241,17.306551534620347,0.0577815862391523,6.107343119758289e-05,1.0,16.5645631295681,0.0603698384423419
2.0,16.7241,17.280109718251428,0.0578700029284993,4.161696875067314e-05,1.0,16.699564858308538,0.0598817998244109
3.0,16.7241,17.238139210422098,0.0580109017448591,2.6206991984125444e-05,1.0,16.825403619048608,0.0594339382662931
4.0,16.7241,17.178136334083952,0.058213532629605,1.572217125864629e-05,1.0,16.740298520167265,0.0597360912528104
5.0,16.7241,17.097333286739804,0.0584886533606718,1.022018504398424e-05,1.0,16.745527941390772,0.0597174364104848
6.0,16.7241,16.99310206228384,0.0588474073971166,7.066591492136985e-06,1.5,16.787179155156263,0.0595692695453747
7.5,16.7241,16.84964980897628,0.0593484144381013,4.496695917540664e-06,1.5,16.84009104974998,0.0593821017383897
9.0,16.7241,16.664971244052108,0.0600061041423584,2.706948331469062e-06,nan,16.78886246145668,0.0595632969354396
nan,nan,nan,nan,1.7620437341870448e-06,nan,16.79595705117037,0.0595381374787641
nan,nan,nan,nan,1.2262080892824597e-06,nan,16.80140900597864,0.0595188177160712
nan,nan,nan,nan,7.846240369794795e-07,nan,16.831623344252115,0.059411975871091
Name:	200_10_80_10
Lambda:	200	Maximal Depth:	10	Filter time:	10 to 80 [us]
Chi2:	0.1835727202313021	RelRMS:	1.416379035159595	AbsRMS:	3.610057786667622e-07	Phi model:	0.000273900377078
depth_vector,start_model,resistivity_model,conductivity_model,E/I[V/A],modelled_thickness,rhoa,sigma
0.0,16.7241,17.319232988137443,0.057739277523718,9.461525318749692e-05,1.0,16.575489151156056,0.0603300446147168
1.0,16.7241,17.306551534620347,0.0577815862391523,6.107343119758289e-05,1.0,16.5645631295681,0.0603698384423419
2.0,16.7241,17.280109718251428,0.0578700029284993,4.161696875067314e-05,1.0,16.699564858308538,0.0598817998244109
3.0,16.7241,17.238139210422098,0.0580109017448591,2.6206991984125444e-05,1.0,16.825403619048608,0.0594339382662931
4.0,16.7241,17.178136334083952,0.058213532629605,1.572217125864629e-05,1.0,16.740298520167265,0.0597360912528104
5.0,16.7241,17.097333286739804,0.0584886533606718,1.022018504398424e-05,1.0,16.745527941390772,0.0597174364104848
6.0,16.7241,16.99310206228384,0.0588474073971166,7.066591492136985e-06,1.5,16.787179155156263,0.0595692695453747
7.5,16.7241,16.84964980897628,0.0593484144381013,4.496695917540664e-06,1.5,16.84009104974998,0.0593821017383897
9.0,16.7241,16.664971244052108,0.0600061041423584,2.706948331469062e-06,nan,16.78886246145668,0.0595632969354396
nan,nan,nan,nan,1.7620437341870448e-06,nan,16.79595705117037,0.0595381374787641
nan,nan,nan,nan,1.2262080892824597e-06,nan,16.80140900597864,0.0595188177160712
nan,nan,nan,nan,7.846240369794795e-07,nan,16.831623344252115,0.059411975871091
Name:	200_10_80_11
Lambda:	200	Maximal Depth:	10	Filter time:	10 to 80 [us]
Chi2:	0.1835727202313021	RelRMS:	1.416379035159595	AbsRMS:	3.610057786667622e-07	Phi model:	0.000273900377078
depth_vector,start_model,resistivity_model,conductivity_model,E/I[V/A],modelled_thickness,rhoa,sigma
0.0,16.7241,17.319232988137443,0.057739277523718,9.461525318749692e-05,1.0,16.575489151156056,0.0603300446147168
1.0,16.7241,17.306551534620347,0.0577815862391523,6.107343119758289e-05,1.0,16.5645631295681,0.0603698384423419
2.0,16.7241,17.280109718251428,0.0578700029284993,4.161696875067314e-05,1.0,16.699564858308538,0.0598817998244109
3.0,16.7241,17.238139210422098,0.0580109017448591,2.6206991984125444e-05,1.0,16.825403619048608,0.0594339382662931
4.0,16.7241,17.178136334083952,0.058213532629605,1.572217125864629e-05,1.0,16.740298520167265,0.0597360912528104
5.0,16.7241,17.097333286739804,0.0584886533606718,1.022018504398424e-05,1.0,16.745527941390772,0.0597174364104848
6.0,16.7241,16.99310206228384,0.0588474073971166,7.066591492136985e-06,1.5,16.787179155156263,0.0595692695453747
7.5,16.7241,16.84964980897628,0.0593484144381013,4.496695917540664e-06,1.5,16.84009104974998,0.0593821017383897
9.0,16.7241,16.664971244052108,0.0600061041423584,2.706948331469062e-06,nan,16.78886246145668,0.0595632969354396
nan,nan,nan,nan,1.7620437341870448e-06,nan,16.79595705117037,0.0595381374787641
nan,nan,nan,nan,1.2262080892824597e-06,nan,16.80140900597864,0.0595188177160712
nan,nan,nan,nan,7.846240369794795e-07,nan,16.831623344252115,0.059411975871091
Name:	200_10_80_12
Lambda:	200	Maximal Depth:	10	Filter time:	10 to 80 [us]
Chi2:	0.1835727202313021	RelRMS:	1.416379035159595	AbsRMS:	3.610057786667622e-07	Phi model:	0.000273900377078
depth_vector,start_model,resistivity_model,conductivity_model,E/I[V/A],modelled_thickness,rhoa,sigma
0.0,16.7241,17.319232988137443,0.057739277523718,9.461525318749692e-05,1.0,16.575489151156056,0.0603300446147168
1.0,16.7241,17.306551534620347,0.0577815862391523,6.107343119758289e-05,1.0,16.5645631295681,0.0603698384423419
2.0,16.7241,17.280109718251428,0.0578700029284993,4.161696875067314e-05,1.0,16.699564858308538,0.0598817998244109
3.0,16.7241,17.238139210422098,0.0580109017448591,2.6206991984125444e-05,1.0,16.825403619048608,0.0594339382662931
4.0,16.7241,17.178136334083952,0.058213532629605,1.572217125864629e-05,1.0,16.740298520167265,0.0597360912528104
5.0,16.7241,17.097333286739804,0.0584886533606718,1.022018504398424e-05,1.0,16.745527941390772,0.0597174364104848
6.0,16.7241,16.99310206228384,0.0588474073971166,7.066591492136985e-06,1.5,16.787179155156263,0.0595692695453747
7.5,16.7241,16.84964980897628,0.0593484144381013,4.496695917540664e-06,1.5,16.84009104974998,0.0593821017383897
9.0,16.7241,16.664971244052108,0.0600061041423584,2.706948331469062e-06,nan,16.78886246145668,0.0595632969354396
nan,nan,nan,nan,1.7620437341870448e-06,nan,16.79595705117037,0.0595381374787641
nan,nan,nan,nan,1.2262080892824597e-06,nan,16.80140900597864,0.0595188177160712
nan,nan,nan,nan,7.846240369794795e-07,nan,16.831623344252115,0.059411975871091
Name:	200_10_80_13
Lambda:	200	Maximal Depth:	10	Filter time:	10 to 80 [us]
Chi2:	0.1835727202313021	RelRMS:	1.416379035159595	AbsRMS:	3.610057786667622e-07	Phi model:	0.000273900377078
depth_vector,start_model,resistivity_model,conductivity_model,E/I[V/A],modelled_thickness,rhoa,sigma
0.0,16.7241,17.319232988137443,0.057739277523718,9.461525318749692e-05,1.0,16.575489151156056,0.0603300446147168
1.0,16.7241,17.306551534620347,0.0577815862391523,6.107343119758289e-05,1.0,16.5645631295681,0.0603698384423419
2.0,16.7241,17.280109718251428,0.0578700029284993,4.161696875067314e-05,1.0,16.699564858308538,0.0598817998244109
3.0,16.7241,17.238139210422098,0.0580109017448591,2.6206991984125444e-05,1.0,16.825403619048608,0.0594339382662931
4.0,16.7241,17.178136334083952,0.058213532629605,1.572217125864629e-05,1.0,16.740298520167265,0.0597360912528104
5.0,16.7241,17.097333286739804,0.0584886533606718,1.022018504398424e-05,1.0,16.745527941390772,0.0597174364104848
6.0,16.7241,16.99310206228384,0.0588474073971166,7.066591492136985e-06,1.5,16.787179155156263,0.0595692695453747
7.5,16.7241,16.84964980897628,0.0593484144381013,4.496695917540664e-06,1.5,16.84009104974998,0.0593821017383897
9.0,16.7241,16.664971244052108,0.0600061041423584,2.706948331469062e-06,nan,16.78886246145668,0.0595632969354396
nan,nan,nan,nan,1.7620437341870448e-06,nan,16.79595705117037,0.0595381374787641
nan,nan,nan,nan,1.2262080892824597e-06,nan,16.80140900597864,0.0595188177160712
nan,nan,nan,nan,7.846240369794795e-07,nan,16.831623344252115,0.059411975871091
Name:	200_10_80_14
Lambda:	200	Maximal Depth:	10	Filter time:	10 to 80 [us]
Chi2:	0.1835727202313021	RelRMS:	1.416379035159595	AbsRMS:	3.610057786667622e-07	Phi model:	0.000273900377078
depth_vector,start_model,resistivity_model,conductivity_model,E/I[V/A],modelled_thickness,rhoa,sigma
0.0,16.7241,17.319232988137443,0.057739277523718,9.461525318749692e-05,1.0,16.575489151156056,0.0603300446147168
1.0,16.7241,17.306551534620347,0.0577815862391523,6.107343119758289e-05,1.0,16.5645631295681,0.0603698384423419
2.0,16.7241,17.280109718251428,0.0578700029284993,4.161696875067314e-05,1.0,16.699564858308538,0.0598817998244109
3.0,16.7241,17.238139210422098,0.0580109017448591,2.6206991984125444e-05,1.0,16.825403619048608,0.0594339382662931
4.0,16.7241,17.178136334083952,0.058213532629605,1.572217125864629e-05,1.0,16.740298520167265,0.0597360912528104
5.0,16.7241,17.097333286739804,0.0584886533606718,1.022018504398424e-05,1.0,16.745527941390772,0.0597174364104848
6.0,16.7241,16.99310206228384,0.0588474073971166,7.066591492136985e-06,1.5,16.787179155156263,0.0595692695453747
7.5,16.7241,16.84964980897628,0.0593484144381013,4.496695917540664e-06,1.5,16.84009104974998,0.0593821017383897
9.0,16.7241,16.664971244052108,0.0600061041423584,2.706948331469062e-06,nan,16.78886246145668,0.0595632969354396
nan,nan,nan,nan,1.7620437341870448e-06,nan,16.79595705117037,0.0595381374787641
nan,nan,nan,nan,1.2262080892824597e-06,nan,16.80140900597864,0.0595188177160712
nan,nan,nan,nan,7.846240369794795e-07,nan,16.831623344252115,0.059411975871091
Name:	200_10_80_15
Lambda:	200	Maximal Depth:	10	Filter time:	10 to 80 [us]
Chi2:	0.1835727202313021	RelRMS:	1.416379035159595	AbsRMS:	3.610057786667622e-07	Phi model:	0.000273900377078
depth_vector,start_model,resistivity_model,conductivity_model,E/I[V/A],modelled_thickness,rhoa,sigma
0.0,16.7241,17.319232988137443,0.057739277523718,9.461525318749692e-05,1.0,16.575489151156056,0.0603300446147168
1.0,16.7241,17.306551534620347,0.0577815862391523,6.107343119758289e-05,1.0,16.5645631295681,0.0603698384423419
2.0,16.7241,17.280109718251428,0.0578700029284993,4.161696875067314e-05,1.0,16.699564858308538,0.0598817998244109
3.0,16.7241,17.238139210422098,0.0580109017448591,2.6206991984125444e-05,1.0,16.825403619048608,0.0594339382662931
4.0,16.7241,17.178136334083952,0.058213532629605,1.572217125864629e-05,1.0,16.740298520167265,0.0597360912528104
5.0,16.7241,17.097333286739804,0.0584886533606718,1.022018504398424e-05,1.0,16.745527941390772,0.0597174364104848
6.0,16.7241,16.99310206228384,0.0588474073971166,7.066591492136985e-06,1.5,16.787179155156263,0.0595692695453747
7.5,16.7241,16.84964980897628,0.0593484144381013,4.496695917540664e-06,1.5,16.84009104974998,0.0593821017383897
9.0,16.7241,16.664971244052108,0.0600061041423584,2.706948331469062e-06,nan,16.78886246145668,0.0595632969354396
nan,nan,nan,nan,1.7620437341870448e-06,nan,16.79595705117037,0.0595381374787641
nan,nan,nan,nan,1.2262080892824597e-06,nan,16.80140900597864,0.0595188177160712
nan,nan,nan,nan,7.846240369794795e-07,nan,16.831623344252115,0.059411975871091
Name:	200_10_80_16
Lambda:	200	Maximal Depth:	10	Filter time:	10 to 80 [us]
Chi2:	0.1835727202313021	RelRMS:	1.416379035159595	AbsRMS:	3.610057786667622e-07	Phi model:	0.000273900377078
depth_vector,start_model,resistivity_model,conductivity_model,E/I[V/A],modelled_thickness,rhoa,sigma
0.0,16.7241,17.319232988137443,0.057739277523718,9.461525318749692e-05,1.0,16.575489151156056,0.0603300446147168
1.0,16.7241,17.306551534620347,0.0577815862391523,6.107343119758289e-05,1.0,16.5645631295681,0.0603698384423419
2.0,16.7241,17.280109718251428,0.0578700029284993,4.161696875067314e-05,1.0,16.699564858308538,0.0598817998244109
3.0,16.7241,17.238139210422098,0.0580109017448591,2.6206991984125444e-05,1.0,16.825403619048608,0.0594339382662931
4.0,16.7241,17.178136334083952,0.058213532629605,1.572217125864629e-05,1.0,16.740298520167265,0.0597360912528104
5.0,16.7241,17.097333286739804,0.0584886533606718,1.022018504398424e-05,1.0,16.745527941390772,0.0597174364104848
6.0,16.7241,16.99310206228384,0.0588474073971166,7.066591492136985e-06,1.5,16.787179155156263,0.0595692695453747
7.5,16.7241,16.84964980897628,0.0593484144381013,4.496695917540664e-06,1.5,16.84009104974998,0.0593821017383897
9.0,16.7241,16.664971244052108,0.0600061041423584,2.706948331469062e-06,nan,16.78886246145668,0.0595632969354396
nan,nan,nan,nan,1.7620437341870448e-06,nan,16.79595705117037,0.0595381374787641
nan,nan,nan,nan,1.2262080892824597e-06,nan,16.80140900597864,0.0595188177160712
nan,nan,nan,nan,7.846240369794795e-07,nan,16.831623344252115,0.059411975871091
Name:	200_10_80_17
Lambda:	200	Maximal Depth:	10	Filter time:	10 to 80 [us]
Chi2:	0.1835727202313021	RelRMS:	1.416379035159595	AbsRMS:	3.610057786667622e-07	Phi model:	0.000273900377078
depth_vector,start_model,resistivity_model,conductivity_model,E/I[V/A],modelled_thickness,rhoa,sigma
0.0,16.7241,17.319232988137443,0.057739277523718,9.461525318749692e-05,1.0,16.575489151156056,0.0603300446147168
1.0,16.7241,17.306551534620347,0.0577815862391523,6.107343119758289e-05,1.0,16.5645631295681,0.0603698384423419
2.0,16.7241,17.280109718251428,0.0578700029284993,4.161696875067314e-05,1.0,16.699564858308538,0.0598817998244109
3.0,16.7241,17.238139210422098,0.0580109017448591,2.6206991984125444e-05,1.0,16.825403619048608,0.0594339382662931
4.0,16.7241,17.178136334083952,0.058213532629605,1.572217125864629e-05,1.0,16.740298520167265,0.0597360912528104
5.0,16.7241,17.097333286739804,0.0584886533606718,1.022018504398424e-05,1.0,16.745527941390772,0.0597174364104848
6.0,16.7241,16.99310206228384,0.0588474073971166,7.066591492136985e-06,1.5,16.787179155156263,0.0595692695453747
7.5,16.7241,16.84964980897628,0.0593484144381013,4.496695917540664e-06,1.5,16.84009104974998,0.0593821017383897
9.0,16.7241,16.664971244052108,0.0600061041423584,2.706948331469062e-06,nan,16.78886246145668,0.0595632969354396
nan,nan,nan,nan,1.7620437341870448e-06,nan,16.79595705117037,0.0595381374787641
nan,nan,nan,nan,1.2262080892824597e-06,nan,16.80140900597864,0.0595188177160712
nan,nan,nan,nan,7.846240369794795e-07,nan,16.831623344252115,0.059411975871091
Name:	200_10_80_18
Lambda:	200	Maximal Depth:	10	Filter time:	10 to 80 [us]
Chi2:	0.1835727202313021	RelRMS:	1.416379035159595	AbsRMS:	3.610057786667622e-07	Phi model:	0.000273900377078
depth_vector,start_model,resistivity_model,conductivity_model,E/I[V/A],modelled_thickness,rhoa,sigma
0.0,16.7241,17.319232988137443,0.057739277523718,9.461525318749692e-05,1.0,16.575489151156056,0.0603300446147168
1.0,16.7241,17.306551534620347,0.0577815862391523,6.107343119758289e-05,1.0,16.5645631295681,0.0603698384423419
2.0,16.7241,17.280109718251428,0.0578700029284993,4.161696875067314e-05,1.0,16.699564858308538,0.0598817998244109
3.0,16.7241,17.238139210422098,0.0580109017448591,2.6206991984125444e-05,1.0,16.825403619048608,0.0594339382662931
4.0,16.7241,17.178136334083952,0.058213532629605,1.572217125864629e-05,1.0,16.740298520167265,0.0597360912528104
5.0,16.7241,17.097333286739804,0.0584886533606718,1.022018504398424e-05,1.0,16.745527941390772,0.0597174364104848
6.0,16.7241,16.99310206228384,0.0588474073971166,7.066591492136985e-06,1.5,16.787179155156263,0.0595692695453747
7.5,16.7241,16.84964980897628,0.0593484144381013,4.496695917540664e-06,1.5,16.84009104974998,0.0593821017383897
9.0,16.7241,16.664971244052108,0.0600061041423584,2.706948331469062e-06,nan,16.78886246145668,0.0595632969354396
nan,nan,nan,nan,1.7620437341870448e-06,nan,16.79595705117037,0.0595381374787641
nan,nan,nan,nan,1.2262080892824597e-06,nan,16.80140900597864,0.0595188177160712
nan,nan,nan,nan,7.846240369794795e-07,nan,16.831623344252115,0.059411975871091
Name:	200_10_80_19
Lambda:	200	Maximal Depth:	10	Filter time:	10 to 80 [us]
Chi2:	0.1835727202313021	RelRMS:	1.416379035159595	AbsRMS:	3.610057786667622e-07	Phi model:	0.000273900377078
depth_vector,start_model,resistivity_model,conductivity_model,E/I[V/A],modelled_thickness,rhoa,sigma
0.0,16.7241,17.319232988137443,0.057739277523718,9.461525318749692e-05,1.0,16.575489151156056,0.0603300446147168
1.0,16.7241,17.306551534620347,0.0577815862391523,6.107343119758289e-05,1.0,16.5645631295681,0.0603698384423419
2.0,16.7241,17.280109718251428,0.0578700029284993,4.161696875067314e-05,1.0,16.699564858308538,0.0598817998244109
3.0,16.7241,17.238139210422098,0.0580109017448591,2.6206991984125444e-05,1.0,16.825403619048608,0.0594339382662931
4.0,16.7241,17.178136334083952,0.058213532629605,1.572217125864629e-05,1.0,16.740298520167265,0.0597360912528104
5.0,16.7241,17.097333286739804,0.0584886533606718,1.022018504398424e-05,1.0,16.745527941390772,0.0597174364104848
6.0,16.7241,16.99310206228384,0.0588474073971166,7.066591492136985e-06,1.5,16.787179155156263,0.0595692695453747
7.5,16.7241,16.84964980897628,0.0593484144381013,4.496695917540664e-06,1.5,16.84009104974998,0.0593821017383897
9.0,16.7241,16.664971244052108,0.0600061041423584,2.706948331469062e-06,nan,16.78886246145668,0.0595632969354396
nan,nan,nan,nan,1.7620437341870448e-06,nan,16.79595705117037,0.0595381374787641
nan,nan,nan,nan,1.2262080892824597e-06,nan,16.80140900597864,0.0595188177160712
nan,nan,nan,nan,7.846240369794795e-07,nan,16.831623344252115,0.059411975871091
Name:	200_10_80_20
Lambda:	200	Maximal Depth:	10	Filter time:	10 to 80 [us]
Chi2:	0.1835727202313021	RelRMS:	1.416379035159595	AbsRMS:	3.610057786667622e-07	Phi model:	0.000273900377078
depth_vector,start_model,resistivity_model,conductivity_model,E/I[V/A],modelled_thickness,rhoa,sigma
0.0,16.7241,17.319232988137443,0.057739277523718,9.461525318749692e-05,1.0,16.575489151156056,0.0603300446147168
1.0,16.7241,17.306551534620347,0.0577815862391523,6.107343119758289e-05,1.0,16.5645631295681,0.0603698384423419
2.0,16.7241,17.280109718251428,0.0578700029284993,4.161696875067314e-05,1.0,16.699564858308538,0.0598817998244109
3.0,16.7241,17.238139210422098,0.0580109017448591,2.6206991984125444e-05,1.0,16.825403619048608,0.0594339382662931
4.0,16.7241,17.178136334083952,0.058213532629605,1.572217125864629e-05,1.0,16.740298520167265,0.0597360912528104
5.0,16.7241,17.097333286739804,0.0584886533606718,1.022018504398424e-05,1.0,16.745527941390772,0.0597174364104848
6.0,16.7241,16.99310206228384,0.0588474073971166,7.066591492136985e-06,1.5,16.787179155156263,0.0595692695453747
7.5,16.7241,16.84964980897628,0.0593484144381013,4.496695917540664e-06,1.5,16.84009104974998,0.0593821017383897
9.0,16.7241,16.664971244052108,0.0600061041423584,2.706948331469062e-06,nan,16.78886246145668,0.0595632969354396
nan,nan,nan,nan,1.7620437341870448e-06,nan,16.79595705117037,0.0595381374787641
nan,nan,nan,nan,1.2262080892824597e-06,nan,16.80140900597864,0.0595188177160712
nan,nan,nan,nan,7.846240369794795e-07,nan,16.831623344252115,0.059411975871091
Name:	200_10_80_21
Lambda:	200	Maximal Depth:	10	Filter time:	10 to 80 [us]
Chi2:	0.1835727202313021	RelRMS:	1.416379035159595	AbsRMS:	3.610057786667622e-07	Phi model:	0.000273900377078
depth_vector,start_model,resistivity_model,conductivity_model,E/I[V/A],modelled_thickness,rhoa,sigma
0.0,16.7241,17.319232988137443,0.057739277523718,9.461525318749692e-05,1.0,16.575489151156056,0.0603300446147168
1.0,16.7241,17.306551534620347,0.0577815862391523,6.107343119758289e-05,1.0,16.5645631295681,0.0603698384423419
2.0,16.7241,17.280109718251428,0.0578700029284993,4.161696875067314e-05,1.0,16.699564858308538,0.0598817998244109
3.0,16.7241,17.238139210422098,0.0580109017448591,2.6206991984125444e-05,1.0,16.825403619048608,0.0594339382662931
4.0,16.7241,17.178136334083952,0.058213532629605,1.572217125864629e-05,1.0,16.740298520167265,0.0597360912528104
5.0,16.7241,17.097333286739804,0.0584886533606718,1.022018504398424e-05,1.0,16.745527941390772,0.0597174364104848
6.0,16.7241,16.99310206228384,0.0588474073971166,7.066591492136985e-06,1.5,16.787179155156263,0.0595692695453747
7.5,16.7241,16.84964980897628,0.0593484144381013,4.496695917540664e-06,1.5,16.84009104974998,0.0593821017383897
9.0,16.7241,16.664971244052108,0.0600061041423584,2.706948331469062e-06,nan,16.78886246145668,0.0595632969354396
nan,nan,nan,nan,1.7620437341870448e-06,nan,16.79595705117037,0.0595381374787641
nan,nan,nan,nan,1.2262080892824597e-06,nan,16.80140900597864,0.0595188177160712
nan,nan,nan,nan,7.846240369794795e-07,nan,16.831623344252115,0.059411975871091
Name:	200_10_80_22
Lambda:	200	Maximal Depth:	10	Filter time:	10 to 80 [us]
Chi2:	0.1835727202313021	RelRMS:	1.416379035159595	AbsRMS:	3.610057786667622e-07	Phi model:	0.000273900377078
depth_vector,start_model,resistivity_model,conductivity_model,E/I[V/A],modelled_thickness,rhoa,sigma
0.0,16.7241,17.319232988137443,0.057739277523718,9.461525318749692e-05,1.0,16.575489151156056,0.0603300446147168
1.0,16.7241,17.306551534620347,0.0577815862391523,6.107343119758289e-05,1.0,16.5645631295681,0.0603698384423419
2.0,16.7241,17.280109718251428,0.0578700029284993,4.161696875067314e-05,1.0,16.699564858308538,0.0598817998244109
3.0,16.7241,17.238139210422098,0.0580109017448591,2.6206991984125444e-05,1.0,16.825403619048608,0.0594339382662931
4.0,16.7241,17.178136334083952,0.058213532629605,1.572217125864629e-05,1.0,16.740298520167265,0.0597360912528104
5.0,16.7241,17.097333286739804,0.0584886533606718,1.022018504398424e-05,1.0,16.745527941390772,0.0597174364104848
6.0,16.7241,16.99310206228384,0.0588474073971166,7.066591492136985e-06,1.5,16.787179155156263,0.0595692695453747
7.5,16.7241,16.84964980897628,0.0593484144381013,4.496695917540664e-06,1.5,16.84009104974998,0.0593821017383897
9.0,16.7241,16.664971244052108,0.0600061041423584,2.706948331469062e-06,nan,16.78886246145668,0.0595632969354396
nan,nan,nan,nan,1.7620437341870448e-06,nan,16.79595705117037,0.0595381374787641
nan,nan,nan,nan,1.2262080892824597e-06,nan,16.80140900597864,0.0595188177160712
nan,nan,nan,nan,7.846240369794795e-07,nan,16.831623344252115,0.059411975871091
Name:	200_10_80_23
Lambda:	200	Maximal Depth:	10	Filter time:	10 to 80 [us]
Chi2:	0.1835727202313021	RelRMS:	1.416379035159595	AbsRMS:	3.610057786667622e-07	Phi model:	0.000273900377078
depth_vector,start_model,resistivity_model,conductivity_model,E/I[V/A],modelled_thickness,rhoa,sigma
0.0,16.7241,17.319232988137443,0.057739277523718,9.461525318749692e-05,1.0,16.575489151156056,0.0603300446147168
1.0,16.7241,17.306551534620347,0.0577815862391523,6.107343119758289e-05,1.0,16.5645631295681,0.0603698384423419
2.0,16.7241,17.280109718251428,0.0578700029284993,4.161696875067314e-05,1.0,16.699564858308538,0.0598817998244109
3.0,16.7241,17.238139210422098,0.0580109017448591,2.6206991984125444e-05,1.0,16.825403619048608,0.0594339382662931
4.0,16.7241,17.178136334083952,0.058213532629605,1.572217125864629e-05,1.0,16.740298520167265,0.0597360912528104
5.0,16.7241,17.097333286739804,0.0584886533606718,1.022018504398424e-05,1.0,16.745527941390772,0.0597174364104848
6.0,16.7241,16.99310206228384,0.0588474073971166,7.066591492136985e-06,1.5,16.787179155156263,0.0595692695453747
7.5,16.7241,16.84964980897628,0.0593484144381013,4.496695917540664e-06,1.5,16.84009104974998,0.0593821017383897
9.0,16.7241,16.664971244052108,0.0600061041423584,2.706948331469062e-06,nan,16.78886246145668,0.0595632969354396
nan,nan,nan,nan,1.7620437341870448e-06,nan,16.79595705117037,0.0595381374787641
nan,nan,nan,nan,1.2262080892824597e-06,nan,16.80140900597864,0.0595188177160712
nan,nan,nan,nan,7.846240369794795e-07,nan,16.831623344252115,0.059411975871091
Name:	200_10_80_24
Lambda:	200	Maximal Depth:	10	Filter time:	10 to 80 [us]
Chi2:	0.1835727202313021	RelRMS:	1.416379035159595	AbsRMS:	3.610057786667622e-07	Phi model:	0.000273900377078
depth_vector,start_model,resistivity_model,conductivity_model,E/I[V/A],modelled_thickness,rhoa,sigma
0.0,16.7241,17.319232988137443,0.057739277523718,9.461525318749692e-05,1.0,16.575489151156056,0.0603300446147168
1.0,16.7241,17.306551534620347,0.0577815862391523,6.107343119758289e-05,1.0,16.5645631295681,0.0603698384423419
2.0,16.7241,17.280109718251428,0.0578700029284993,4.161696875067314e-05,1.0,16.699564858308538,0.0598817998244109
3.0,16.7241,17.238139210422098,0.0580109017448591,2.6206991984125444e-05,1.0,16.825403619048608,0.0594339382662931
4.0,16.7241,17.178136334083952,0.058213532629605,1.572217125864629e-05,1.0,16.740298520167265,0.0597360912528104
5.0,16.7241,17.097333286739804,0.0584886533606718,1.022018504398424e-05,1.0,16.745527941390772,0.0597174364104848
6.0,16.7241,16.99310206228384,0.0588474073971166,7.066591492136985e-06,1.5,16.787179155156263,0.0595692695453747
7.5,16.7241,16.84964980897628,0.0593484144381013,4.496695917540664e-06,1.5,16.84009104974998,0.0593821017383897
9.0,16.7241,16.664971244052108,0.0600061041423584,2.706948331469062e-06,nan,16.78886246145668,0.0595632969354396
nan,nan,nan,nan,1.7620437341870448e-06,nan,16.79595705117037,0.0595381374787641
nan,nan,nan,nan,1.2262080892824597e-06,nan,16.80140900597864,0.0595188177160712
nan,nan,nan,nan,7.846240369794795e-07,nan,16.831623344252115,0.059411975871091
Name:	200_10_80_25
Lambda:	200	Maximal Depth:	10	Filter time:	10 to 80 [us]
Chi2:	0.1835727202313021	RelRMS:	1.416379035159595	AbsRMS:	3.610057786667622e-07	Phi model:	0.000273900377078
depth_vector,start_model,resistivity_model,conductivity_model,E/I[V/A],modelled_thickness,rhoa,sigma
0.0,16.7241,17.319232988137443,0.057739277523718,9.461525318749692e-05,1.0,16.575489151156056,0.0603300446147168
1.0,16.7241,17.306551534620347,0.0577815862391523,6.107343119758289e-05,1.0,16.5645631295681,0.0603698384423419
2.0,16.7241,17.280109718251428,0.0578700029284993,4.161696875067314e-05,1.0,16.699564858308538,0.0598817998244109
3.0,16.7241,17.238139210422098,0.0580109017448591,2.6206991984125444e-05,1.0,16.825403619048608,0.0594339382662931
4.0,16.7241,17.178136334083952,0.058213532629605,1.572217125864629e-05,1.0,16.740298520167265,0.0597360912528104
5.0,16.7241,17.097333286739804,0.0584886533606718,1.022018504398424e-05,1.0,16.745527941390772,0.0597174364104848
6.0,16.7241,16.99310206228384,0.0588474073971166,7.066591492136985e-06,1.5,16.787179155156263,0.0595692695453747
7.5,16.7241,16.84964980897628,0.0593484144381013,4.496695917540664e-06,1.5,16.84009104974998,0.0593821017383897
9.0,16.7241,16.664971244052108,0.0600061041423584,2.706948331469062e-06,nan,16.78886246145668,0.0595632969354396
nan,nan,nan,nan,1.7620437341870448e-06,nan,16.79595705117037,0.0595381374787641
nan,nan,nan,nan,1.2262080892824597e-06,nan,16.80140900597864,0.0595188177160712
nan,nan,nan,nan,7.846240369794795e-07,nan,16.831623344252115,0.059411975871091
Name:	200_10_80_26
Lambda:	200	Maximal Depth:	10	Filter time:	10 to 80 [us]
Chi2:	0.1835727202313021	RelRMS:	1.416379035159595	AbsRMS:	3.610057786667622e-07	Phi model:	0.000273900377078
depth_vector,start_model,resistivity_model,conductivity_model,E/I[V/A],modelled_thickness,rhoa,sigma
0.0,16.7241,17.319232988137443,0.057739277523718,9.461525318749692e-05,1.0,16.575489151156056,0.0603300446147168
1.0,16.7241,17.306551534620347,0.0577815862391523,6.107343119758289e-05,1.0,16.5645631295681,0.0603698384423419
2.0,16.7241,17.280109718251428,0.0578700029284993,4.161696875067314e-05,1.0,16.699564858308538,0.0598817998244109
3.0,16.7241,17.238139210422098,0.0580109017448591,2.6206991984125444e-05,1.0,16.825403619048608,0.0594339382662931
4.0,16.7241,17.178136334083952,0.058213532629605,1.572217125864629e-05,1.0,16.740298520167265,0.0597360912528104
5.0,16.7241,17.097333286739804,0.0584886533606718,1.022018504398424e-05,1.0,16.745527941390772,0.0597174364104848
6.0,16.7241,16.99310206228384,0.0588474073971166,7.066591492136985e-06,1.5,16.787179155156263,0.0595692695453747
7.5,16.7241,16.84964980897628,0.0593484144381013,4.496695917540664e-06,1.5,16.84009104974998,0.0593821017383897
9.0,16.7241,16.664971244052108,0.0600061041423584,2.706948331469062e-06,nan,16.78886246145668,0.0595632969354396
nan,nan,nan,nan,1.7620437341870448e-06,nan,16.79595705117037,0.0595381374787641
nan,nan,nan,nan,1.2262080892824597e-06,nan,16.80140900597864,0.0595188177160712
nan,nan,nan,nan,7.846240369794795e-07,nan,16.831623344252115,0.059411975871091
Name:	200_10_80_27
Lambda:	200	Maximal Depth:	10	Filter time:	10 to 80 [us]
Chi2:	0.1835727202313021	RelRMS:	1.416379035159595	AbsRMS:	3.610057786667622e-07	Phi model:	0.000273900377078
depth_vector,start_model,resistivity_model,conductivity_model,E/I[V/A],modelled_thickness,rhoa,sigma
0.0,16.7241,17.319232988137443,0.057739277523718,9.461525318749692e-05,1.0,16.575489151156056,0.0603300446147168
1.0,16.7241,17.306551534620347,0.0577815862391523,6.107343119758289e-05,1.0,16.5645631295681,0.0603698384423419
2.0,16.7241,17.280109718251428,0.0578700029284993,4.161696875067314e-05,1.0,16.699564858308538,0.0598817998244109
3.0,16.7241,17.238139210422098,0.0580109017448591,2.6206991984125444e-05,1.0,16.825403619048608,0.0594339382662931
4.0,16.7241,17.178136334083952,0.058213532629605,1.572217125864629e-05,1.0,16.740298520167265,0.0597360912528104
5.0,16.7241,17.097333286739804,0.0584886533606718,1.022018504398424e-05,1.0,16.745527941390772,0.0597174364104848
6.0,16.7241,16.99310206228384,0.0588474073971166,7.066591492136985e-06,1.5,16.787179155156263,0.0595692695453747
7.5,16.7241,16.84964980897628,0.0593484144381013,4.496695917540664e-06,1.5,16.84009104974998,0.0593821017383897
9.0,16.7241,16.664971244052108,0.0600061041423584,2.706948331469062e-06,nan,16.78886246145668,0.0595632969354396
nan,nan,nan,nan,1.7620437341870448e-06,nan,16.79595705117037,0.0595381374787641
nan,nan,nan,nan,1.2262080892824597e-06,nan,16.80140900597864,0.0595188177160712
nan,nan,nan,nan,7.846240369794795e-07,nan,16.831623344252115,0.059411975871091
Name:	200_10_80_28
Lambda:	200	Maximal Depth:	10	Filter time:	10 to 80 [us]
Chi2:	0.1835727202313021	RelRMS:	1.416379035159595	AbsRMS:	3.610057786667622e-07	Phi model:	0.000273900377078
depth_vector,start_model,resistivity_model,conductivity_model,E/I[V/A],modelled_thickness,rhoa,sigma
0.0,16.7241,17.319232988137443,0.057739277523718,9.461525318749692e-05,1.0,16.575489151156056,0.0603300446147168
1.0,16.7241,17.306551534620347,0.0577815862391523,6.107343119758289e-05,1.0,16.5645631295681,0.0603698384423419
2.0,16.7241,17.280109718251428,0.0578700029284993,4.161696875067314e-05,1.0,16.699564858308538,0.0598817998244109
3.0,16.7241,17.238139210422098,0.0580109017448591,2.6206991984125444e-05,1.0,16.825403619048608,0.0594339382662931
4.0,16.7241,17.178136334083952,0.058213532629605,1.572217125864629e-05,1.0,16.740298520167265,0.0597360912528104
5.0,16.7241,17.097333286739804,0.0584886533606718,1.022018504398424e-05,1.0,16.745527941390772,0.0597174364104848
6.0,16.7241,16.99310206228384,0.0588474073971166,7.066591492136985e-06,1.5,16.787179155156263,0.0595692695453747
7.5,16.7241,16.84964980897628,0.0593484144381013,4.496695917540664e-06,1.5,16.84009104974998,0.0593821017383897
9.0,16.7241,16.664971244052108,0.0600061041423584,2.706948331469062e-06,nan,16.78886246145668,0.0595632969354396
nan,nan,nan,nan,1.7620437341870448e-06,nan,16.79595705117037,0.0595381374787641
nan,nan,nan,nan,1.2262080892824597e-06,nan,16.80140900597864,0.0595188177160712
nan,nan,nan,nan,7.846240369794795e-07,nan,16.831623344252115,0.059411975871091
Name:	200_10_80_29
Lambda:	200	Maximal Depth:	10	Filter time:	10 to 80 [us]
Chi2:	0.1835727202313021	RelRMS:	1.416379035159595	AbsRMS:	3.610057786667622e-07	Phi model:	0.000273900377078
depth_vector,start_model,resistivity_model,conductivity_model,E/I[V/A],modelled_thickness,rhoa,sigma
0.0,16.7241,17.319232988137443,0.057739277523718,9.461525318749692e-05,1.0,16.575489151156056,0.0603300446147168
1.0,16.7241,17.306551534620347,0.0577815862391523,6.107343119758289e-05,1.0,16.5645631295681,0.0603698384423419
2.0,16.7241,17.280109718251428,0.0578700029284993,4.161696875067314e-05,1.0,16.699564858308538,0.0598817998244109
3.0,16.7241,17.238139210422098,0.0580109017448591,2.6206991984125444e-05,1.0,16.825403619048608,0.0594339382662931
4.0,16.7241,17.178136334083952,0.058213532629605,1.572217125864629e-05,1.0,16.740298520167265,0.0597360912528104
5.0,16.7241,17.097333286739804,0.0584886533606718,1.022018504398424e-05,1.0,16.745527941390772,0.0597174364104848
6.0,16.7241,16.99310206228384,0.0588474073971166,7.066591492136985e-06,1.5,16.787179155156263,0.0595692695453747
7.5,16.7241,16.84964980897628,0.0593484144381013,4.496695917540664e-06,1.5,16.84009104974998,0.0593821017383897
9.0,16.7241,16.664971244052108,0.0600061041423584,2.706948331469062e-06,nan,16.78886246145668,0.0595632969354396
nan,nan,nan,nan,1.7620437341870448e-06,nan,16.79595705117037,0.0595381374787641
nan,nan,nan,nan,1.2262080892824597e-06,nan,16.80140900597864,0.0595188177160712
nan,nan,nan,nan,7.846240369794795e-07,nan,16.831623344252115,0.059411975871091
Name:	200_10_80_30
Lambda:	200	Maximal Depth:	10	Filter time:	10 to 80 [us]
Chi2:	0.1835727202313021	RelRMS:	1.416379035159595	AbsRMS:	3.610057786667622e-07	Phi model:	0.000273900377078
depth_vector,start_model,resistivity_model,conductivity_model,E/I[V/A],modelled_thickness,rhoa,sigma
0.0,16.7241,17.319232988137443,0.057739277523718,9.461525318749692e-05,1.0,16.575489151156056,0.0603300446147168
1.0,16.7241,17.306551534620347,0.0577815862391523,6.107343119758289e-05,1.0,16.5645631295681,0.0603698384423419
2.0,16.7241,17.280109718251428,0.0578700029284993,4.161696875067314e-05,1.0,16.699564858308538,0.0598817998244109
3.0,16.7241,17.238139210422098,0.0580109017448591,2.6206991984125444e-05,1.0,16.825403619048608,0.0594339382662931
4.0,16.7241,17.178136334083952,0.058213532629605,1.572217125864629e-05,1.0,16.740298520167265,0.0597360912528104
5.0,16.7241,17.097333286739804,0.0584886533606718,1.022018504398424e-05,1.0,16.745527941390772,0.0597174364104848
6.0,16.7241,16.99310206228384,0.0588474073971166,7.066591492136985e-06,1.5,16.787179155156263,0.0595692695453747
7.5,16.7241,16.84964980897628,0.0593484144381013,4.496695917540664e-06,1.5,16.84009104974998,0.0593821017383897
9.0,16.7241,16.664971244052108,0.0600061041423584,2.706948331469062e-06,nan,16.78886246145668,0.0595632969354396
nan,nan,nan,nan,1.7620437341870448e-06,nan,16.79595705117037,0.0595381374787641
nan,nan,nan,nan,1.2262080892824597e-06,nan,16.80140900597864,0.0595188177160712
nan,nan,nan,nan,7.846240369794795e-07,nan,16.831623344252115,0.059411975871091
Name:	183_10_80_1
Lambda:	183	Maximal Depth:	10	Filter time:	10 to 80 [us]
Chi2:	0.1834634701298531	RelRMS:	1.4142629642154327	AbsRMS:	3.618899293789005e-07	Phi model:	0.0002813433148299
depth_vector,start_model,resistivity_model,conductivity_model,E/I[V/A],modelled_thickness,rhoa,sigma
0.0,16.7241,17.316220489870485,0.0577493224104516,9.46097014763208e-05,1.0,16.576137579572855,0.0603276846128691
1.0,16.7241,17.304375287354823,0.0577888530151533,6.107041634004016e-05,1.0,16.565108285910565,0.060367851675956
2.0,16.7241,17.279477626601615,0.0578721198411986,4.161534173916734e-05,1.0,16.700000117774394,0.0598802390986611
3.0,16.7241,17.239470767189538,0.0580064210499557,2.62063573291935e-05,1.0,16.82567526515225,0.0594329787209851
4.0,16.7241,17.18141196285328,0.0582024342447541,1.572207854727639e-05,1.0,16.740364330570067,0.0597358564158529
5.0,16.7241,17.102005402012214,0.0584726747824755,1.0220292409422766e-05,1.0,16.745410665287725,0.0597178546401936
6.0,16.7241,16.99806627712207,0.0588302212555738,7.066766559186904e-06,1.5,16.78690190491827,0.0595702533835035
7.5,16.7241,16.85228872931695,0.0593391209978712,4.496887428867054e-06,1.5,16.839612927772475,0.0593837877562354
9.0,16.7241,16.661789565073775,0.0600175627050402,2.7071148389896912e-06,nan,16.788174028521812,0.0595657394485592
nan,nan,nan,nan,1.7621800400533271e-06,nan,16.795090920605134,0.059541207887904
nan,nan,nan,nan,1.2263186565628758e-06,nan,16.800399092278774,0.0595223955399717
nan,nan,nan,nan,7.847068180602016e-07,nan,16.830439577748276,0.0594161546037164
Name:	183_10_80_2
Lambda:	183.0	Maximal Depth:	10	Filter time:	10.0 to 80.0 [us]
Chi2:	0.18346347012985317	RelRMS:	1.4142629642154327	AbsRMS:	3.618899293789005e-07	Phi model:	0.0002813433148299867
depth_vector,start_model,resistivity_model,conductivity_model,E/I[V/A],modelled_thickness,rhoa,sigma
0.0,16.7241,17.316220489870485,0.05774932241045167,9.460970147632081e-05,1.0,16.576137579572855,0.060327684612869185
1.0,16.7241,17.304375287354823,0.05778885301515336,6.107041634004016e-05,1.0,16.565108285910565,0.060367851675956076
2.0,16.7241,17.279477626601615,0.05787211984119868,4.161534173916734e-05,1.0,16.700000117774394,0.059880239098661144
3.0,16.7241,17.239470767189538,0.05800642104995575,2.62063573291935e-05,1.0,16.82567526515225,0.059432978720985165
4.0,16.7241,17.18141196285328,0.05820243424475413,1.572207854727639e-05,1.0,16.740364330570067,0.05973585641585296
5.0,16.7241,17.102005402012214,0.05847267478247554,1.0220292409422766e-05,1.0,16.745410665287725,0.0597178546401936
6.0,16.7241,16.99806627712207,0.058830221255573856,7.066766559186904e-06,1.5,16.78690190491827,0.059570253383503566
7.5,16.7241,16.85228872931695,0.059339120997871225,4.496887428867054e-06,1.5,16.839612927772475,0.05938378775623549
9.0,16.7241,16.661789565073775,0.06001756270504021,2.7071148389896912e-06,nan,16.788174028521812,0.05956573944855927
nan,nan,nan,nan,1.7621800400533273e-06,nan,16.795090920605134,0.05954120788790405
nan,nan,nan,nan,1.2263186565628758e-06,nan,16.800399092278774,0.05952239553997178
nan,nan,nan,nan,7.847068180602016e-07,nan,16.830439577748276,0.059416154603716465
