Name:	10.0_10_80_1
Lambda:	10	Maximal Depth:	10	Filter time:	10 to 80 [us]
Chi2:	2.5979315088405657	RelRMS:	10.469089906453974	AbsRMS:	8.265853689036952e-07	Phi model:	0.4420353531278702
depth_vector,start_model,resistivity_model,conductivity_model,E/I[V/A],modelled_thickness,rhoa,sigma
0.0,17.6952,28.391259210113013,0.035222108064999,8.83754900674399e-05,1.0,17.34679451638657,0.0576475382270398
1.0,17.6952,26.700680432329023,0.0374522290746271,5.692553117460016e-05,1.0,17.35975021328917,0.0576045154863163
2.0,17.6952,23.67233748448312,0.0422433991005529,3.863159749442402e-05,1.0,17.54918717750539,0.0569826961149404
3.0,17.6952,19.939053463106067,0.050152832071509,2.410692871823147e-05,1.0,17.78889694916374,0.0562148402375792
4.0,17.6952,16.215263035718745,0.061670291613353,1.4238942125446828e-05,1.0,17.88352241864197,0.055917395722757
5.0,17.6952,13.189429499155256,0.0758182907049957,9.120890342655045e-06,1.0,18.065356127758925,0.055354568873592
6.0,17.6952,11.465423762390673,0.0872187562120676,6.225394378759606e-06,1.5,18.26724849442854,0.0547427818866643
7.5,17.6952,13.078091280277768,0.076463757483329,3.893855403696173e-06,1.5,18.53617987449033,0.0539485485559087
9.0,17.6952,22.0311781105666,0.045390219033288,2.297866703783478e-06,nan,18.72656090199752,0.0534000879944449
nan,nan,nan,nan,1.4706779675691566e-06,nan,18.94687050648217,0.0527791647521883
nan,nan,nan,nan,1.009596986563778e-06,nan,19.125954797574444,0.0522849714214957
nan,nan,nan,nan,6.353320126831879e-07,nan,19.374622552300128,0.0516139087252196
Name:	12.742749857031335_10_80_1
Lambda:	12.742749857031336	Maximal Depth:	10	Filter time:	10 to 80 [us]
Chi2:	2.6967566593071184	RelRMS:	10.62804252573752	AbsRMS:	8.736420836791164e-07	Phi model:	0.3401441764466114
depth_vector,start_model,resistivity_model,conductivity_model,E/I[V/A],modelled_thickness,rhoa,sigma
0.0,17.6952,26.635000131204457,0.0375445840087848,8.855028091484265e-05,1.0,17.323959585664788,0.0577235241778951
1.0,17.6952,25.156259599542963,0.0397515376259739,5.695790888239792e-05,1.0,17.353170826327155,0.0576263560134417
2.0,17.6952,22.49907666591548,0.0444462683890903,3.861099013235277e-05,1.0,17.555430828021464,0.0569624300193094
3.0,17.6952,19.223659079003145,0.0520192329613377,2.407457208856672e-05,1.0,17.804832431964858,0.0561645274574282
4.0,17.6952,15.995167100347286,0.0625188842183641,1.42211626478077e-05,1.0,17.898424785334914,0.0558708384672684
5.0,17.6952,13.435308923038562,0.0744307410963377,9.11186794721812e-06,1.0,18.07727947145024,0.0553180583162039
6.0,17.6952,12.099735601071306,0.0826464340188938,6.220804688638584e-06,1.5,18.276232402237103,0.0547158723959755
7.5,17.6952,13.821881216138989,0.0723490517942202,3.893163837328294e-06,1.5,18.538374939076405,0.053942160695657
9.0,17.6952,21.77976528267109,0.0459141770823234,2.299754313073025e-06,nan,18.71631248329337,0.0534293280737123
nan,nan,nan,nan,1.473189967653441e-06,nan,18.925326294020657,0.0528392474964061
nan,nan,nan,nan,1.01202708327407e-06,nan,19.09532548532411,0.0523688376387487
nan,nan,nan,nan,6.374499314595434e-07,nan,19.33168413899905,0.0517285505396105
Name:	16.237767391887218_10_80_1
Lambda:	16.237767391887218	Maximal Depth:	10	Filter time:	10 to 80 [us]
Chi2:	2.8374718759572235	RelRMS:	10.83700656017854	AbsRMS:	9.083981294246398e-07	Phi model:	0.2236113238975251
depth_vector,start_model,resistivity_model,conductivity_model,E/I[V/A],modelled_thickness,rhoa,sigma
0.0,17.6952,24.18730969472283,0.0413439945418228,8.869444360607493e-05,1.0,17.305182417801287,0.0577861576871522
1.0,17.6952,23.050609749834425,0.0433828003186416,5.694468372210585e-05,1.0,17.355857522354835,0.0576174354227079
2.0,17.6952,21.01684404656695,0.0475808831137683,3.85464870570388e-05,1.0,17.575010021533668,0.0568989718227617
3.0,17.6952,18.49570633533437,0.054066602370821,2.401009310561209e-05,1.0,17.83669470623729,0.0560641989151897
4.0,17.6952,15.997288450797535,0.0625105937844201,1.4186608270775568e-05,1.0,17.927476508389937,0.0557802990025956
5.0,17.6952,14.037912621366324,0.0712356620939466,9.09384649302707e-06,1.0,18.101154323410768,0.0552450955410434
6.0,17.6952,13.097019011494517,0.0763532525319201,6.211105170034509e-06,1.5,18.29525473341932,0.0546589820459473
7.5,17.6952,14.764079080417492,0.0677319590712814,3.890412316703244e-06,1.5,18.54711483706598,0.0539167417026783
9.0,17.6952,21.438832275432947,0.0466443315173426,2.3014656892034627e-06,nan,18.70703299918714,0.0534558312931533
nan,nan,nan,nan,1.476166679918111e-06,nan,18.899875599268505,0.0529104011689211
nan,nan,nan,nan,1.0150866585443871e-06,nan,19.056936004885948,0.0524743326914469
nan,nan,nan,nan,6.402178311715563e-07,nan,19.27592520761293,0.0518781842754325
Name:	20.6913808111479_10_80_1
Lambda:	20.6913808111479	Maximal Depth:	10	Filter time:	10 to 80 [us]
Chi2:	2.958515117732153	RelRMS:	11.023518358856563	AbsRMS:	9.534175058793148e-07	Phi model:	0.1465864523072742
depth_vector,start_model,resistivity_model,conductivity_model,E/I[V/A],modelled_thickness,rhoa,sigma
0.0,17.6952,22.37727323027828,0.044688197248578,8.886155944597853e-05,1.0,17.283479165191885,0.0578587210620158
1.0,17.6952,21.50923988882889,0.0464916475509375,5.696327301267634e-05,1.0,17.35208139770493,0.0576299740117784
2.0,17.6952,19.95297282392944,0.0501178450361395,3.851243020697477e-05,1.0,17.585369643013433,0.0568654523788923
3.0,17.6952,18.016449713173863,0.0555048311915075,2.3968368870288103e-05,1.0,17.857388832844734,0.0559992286308242
4.0,17.6952,16.099803945879447,0.0621125576039041,1.416471575977915e-05,1.0,17.945943825472128,0.0557228981504232
5.0,17.6952,14.624219501196688,0.0683797176265147,9.083069336619351e-06,1.0,18.11546963227089,0.0552014394492208
6.0,17.6952,14.001368884807516,0.0714215880052322,6.205763478048357e-06,1.5,18.30575181421063,0.0546276389054781
7.5,17.6952,15.58305633108579,0.0641722636916324,3.889701299301157e-06,1.5,18.5493749797116,0.0539101722345767
9.0,17.6952,21.16428279427158,0.0472494159013347,2.303736205538881e-06,nan,18.694739460835248,0.0534909834980562
nan,nan,nan,nan,1.4791359825491031e-06,nan,18.87457333091192,0.0529813300924924
nan,nan,nan,nan,1.017941466591669e-06,nan,19.02128932184562,0.0525726717616096
nan,nan,nan,nan,6.426935775598463e-07,nan,19.22639098135472,0.0520118414823549
Name:	26.366508987303583_10_80_1
Lambda:	26.366508987303583	Maximal Depth:	10	Filter time:	10 to 80 [us]
Chi2:	3.059487144510069	RelRMS:	11.178008828368595	AbsRMS:	9.915545801978215e-07	Phi model:	0.0967817054543021
depth_vector,start_model,resistivity_model,conductivity_model,E/I[V/A],modelled_thickness,rhoa,sigma
0.0,17.6952,21.04914327384704,0.0475078717926953,8.900078484086795e-05,1.0,17.265449908321553,0.0579191393974635
1.0,17.6952,20.38652955970693,0.0490519976473315,5.698096023243777e-05,1.0,17.34849042093285,0.0576419028824197
2.0,17.6952,19.194862005111407,0.0520972747672637,3.848679699190093e-05,1.0,17.59317698778024,0.0568402171304576
3.0,17.6952,17.70960255853485,0.0564665410584308,2.393600095051775e-05,1.0,17.873483872791553,0.0559488014265803
4.0,17.6952,16.25021575725284,0.0615376444804234,1.4147999324344025e-05,1.0,17.960076950583325,0.0556790487452516
5.0,17.6952,15.161573410340562,0.0659562152908204,9.075048537314744e-06,1.0,18.12614205644877,0.0551689375977403
6.0,17.6952,14.792100967156138,0.0676036488812755,6.201927224579771e-06,1.5,18.31329981916436,0.0546051235918459
7.5,17.6952,16.273041945187515,0.0614513256567702,3.889430797753303e-06,1.5,18.55023501583608,0.0539076728217359
9.0,17.6952,20.946103799762263,0.047741575691578,2.305751916046729e-06,nan,18.68384245867732,0.0535221811151362
nan,nan,nan,nan,1.481650223674197e-06,nan,18.8532148667056,0.0530413516776908
nan,nan,nan,nan,1.0203257519090389e-06,nan,18.991645284336613,0.0526547323851268
nan,nan,nan,nan,6.447421306830093e-07,nan,19.185643765713017,0.0521223062520902
Name:	33.59818286283781_10_80_1
Lambda:	33.59818286283781	Maximal Depth:	10	Filter time:	10 to 80 [us]
Chi2:	3.143945396400492	RelRMS:	11.306141901132422	AbsRMS:	1.02120118700271e-06	Phi model:	0.0642722625042878
depth_vector,start_model,resistivity_model,conductivity_model,E/I[V/A],modelled_thickness,rhoa,sigma
0.0,17.6952,20.04497298686166,0.0498878197868085,8.910892979610652e-05,1.0,17.251477876634105,0.0579660483090801
1.0,17.6952,19.54338135718347,0.0511682181155634,5.699240536645023e-05,1.0,17.346167743695265,0.0576496212175433
2.0,17.6952,18.63807069753129,0.0536536219992155,3.846425519835597e-05,1.0,17.60004991496403,0.0568180206778716
3.0,17.6952,17.51375030588558,0.0570979934357032,2.3908939314346765e-05,1.0,17.886968216112773,0.0559066236333549
4.0,17.6952,16.423398341425738,0.0608887380803301,1.4134224417652266e-05,1.0,17.971744055402258,0.0556429023759328
5.0,17.6952,15.647235260045449,0.0639090537964529,9.068531853572997e-06,1.0,18.13482469618696,0.0551425236666478
6.0,17.6952,15.478625539793612,0.064605219464036,6.198866486736779e-06,1.5,18.319327544632888,0.054587156518907
7.5,17.6952,16.852266158065596,0.0593392004743168,3.889287176742115e-06,1.5,18.55069168685624,0.053906345751438
9.0,17.6952,20.769780700270093,0.0481468733074777,2.307459853586022e-06,nan,18.674621706315985,0.0535486081445916
nan,nan,nan,nan,1.4837504289430251e-06,nan,18.83541988475544,0.0530914631114412
nan,nan,nan,nan,1.022308779166816e-06,nan,18.96707792788497,0.0527229341178496
nan,nan,nan,nan,6.464405230436349e-07,nan,19.15202475551569,0.0522138005127632
Name:	42.81332398719393_10_80_1
Lambda:	42.81332398719393	Maximal Depth:	10	Filter time:	10 to 80 [us]
Chi2:	3.214642806883304	RelRMS:	11.415260997489003	AbsRMS:	1.044487423076122e-06	Phi model:	0.04297282254143
depth_vector,start_model,resistivity_model,conductivity_model,E/I[V/A],modelled_thickness,rhoa,sigma
0.0,17.6952,19.270241539870145,0.0518934855035936,8.91938373503367e-05,1.0,17.240527842913394,0.0580028644779019
1.0,17.6952,18.89565674399164,0.0529222145357808,5.700006667441114e-05,1.0,17.344613391007805,0.0576547875387319
2.0,17.6952,18.22145959487104,0.0548803456053256,3.844509934353965e-05,1.0,17.605895757737787,0.0567991548831305
3.0,17.6952,17.38986772188446,0.0575047502369175,2.388674572585773e-05,1.0,17.89804589545153,0.0558720212162452
4.0,17.6952,16.599768571311866,0.0602418037157593,1.4123192025064705e-05,1.0,17.981101974447267,0.055613944096479
5.0,17.6952,16.078966820128965,0.0621930507840913,9.063488221674236e-06,1.0,18.141551826485127,0.0551220760806186
6.0,17.6952,16.07056531497854,0.0622255645896881,6.196628491635295e-06,1.5,18.323738125633568,0.0545740172198309
7.5,17.6952,17.33712663655502,0.0576796848153325,3.889386739800832e-06,1.5,18.55037510370156,0.0539072657242633
9.0,17.6952,20.624786230601217,0.0484853510149981,2.3090146533023378e-06,nan,18.666237594359185,0.0535726599934736
nan,nan,nan,nan,1.485584542535194e-06,nan,18.81991379447781,0.0531352061927841
nan,nan,nan,nan,1.0240188556386075e-06,nan,18.94595579858632,0.0527817129223227
nan,nan,nan,nan,6.478915002224494e-07,nan,19.12341962266053,0.0522919027941549
Name:	54.5559478116852_10_80_1
Lambda:	54.5559478116852	Maximal Depth:	10	Filter time:	10 to 80 [us]
Chi2:	3.2731271136854336	RelRMS:	11.508956183340628	AbsRMS:	1.0618017985224155e-06	Phi model:	0.0291793672457491
depth_vector,start_model,resistivity_model,conductivity_model,E/I[V/A],modelled_thickness,rhoa,sigma
0.0,17.6952,18.671077379002394,0.0535587732673962,8.925736887802421e-05,1.0,17.23234590742962,0.0580304042973543
1.0,17.6952,18.39875012154384,0.0543515180864954,5.700376217984174e-05,1.0,17.343863758549563,0.0576572794805918
2.0,17.6952,17.909345776270264,0.0558367688296571,3.842848310575549e-05,1.0,17.610970512162496,0.0567827877123171
3.0,17.6952,17.313068825377965,0.0577598350752336,2.386857855033989e-05,1.0,17.907126612358503,0.0558436884737194
4.0,17.6952,16.767093204518343,0.0596406298815422,1.4114459045955396e-05,1.0,17.98851812356107,0.0555910160654209
5.0,17.6952,16.45403378022698,0.0607753705478417,9.059700598799783e-06,1.0,18.14660781179364,0.0551067180363093
6.0,17.6952,16.571285642683637,0.0603453480654657,6.195111956137552e-06,1.5,18.32672838267116,0.0545651127205852
7.5,17.6952,17.736312343455676,0.0563815059543072,3.889721566562617e-06,1.5,18.549310545732165,0.0539103595001314
9.0,17.6952,20.50504055998864,0.048768496559392,2.3104641345043864e-06,nan,18.658429872992315,0.053595077764152
nan,nan,nan,nan,1.4872130568966516e-06,nan,18.806172613331928,0.053174030705806
nan,nan,nan,nan,1.025513922138131e-06,nan,18.92753748808924,0.0528330745945838
nan,nan,nan,nan,6.491449283946826e-07,nan,19.09879486647316,0.0523593246061531
Name:	69.51927961775606_10_80_1
Lambda:	69.51927961775606	Maximal Depth:	10	Filter time:	10 to 80 [us]
Chi2:	3.32083920977374	RelRMS:	11.588912727961974	AbsRMS:	1.07233607578914e-06	Phi model:	0.0203671120310697
depth_vector,start_model,resistivity_model,conductivity_model,E/I[V/A],modelled_thickness,rhoa,sigma
0.0,17.6952,18.212524665581025,0.0549072694951431,8.929737545417493e-05,1.0,17.22719862179723,0.0580477431040192
1.0,17.6952,18.02014888302618,0.0554934371791975,5.700104695360834e-05,1.0,17.34441453369631,0.0576554485628341
2.0,17.6952,17.67702651311285,0.0565706002227353,3.841220297847725e-05,1.0,17.615946163483798,0.0567667493258412
3.0,17.6952,17.268590862873463,0.0579086045839412,2.3852843662741733e-05,1.0,17.915000883980344,0.0558191432127811
4.0,17.6952,16.918170946469456,0.0591080444312855,1.4107150344225402e-05,1.0,17.99473064040995,0.0555718237734742
5.0,17.6952,16.77100885605804,0.0596267051423551,9.056674039846928e-06,1.0,18.150650408416467,0.0550944444137549
6.0,17.6952,16.985778896389856,0.0588727785814131,6.194023066549448e-06,1.5,18.328876173518047,0.0545587187415681
7.5,17.6952,18.059459565764023,0.0553726425953374,3.890157218514568e-06,1.5,18.54792564983028,0.0539143847608182
9.0,17.6952,20.40599998999482,0.0490051945746498,2.311774088418984e-06,nan,18.651380743567724,0.0536153335642385
nan,nan,nan,nan,1.4886396717408896e-06,nan,18.794155623338348,0.0532080302005274
nan,nan,nan,nan,1.0268105920225151e-06,nan,18.91159950405301,0.0528776003206754
nan,nan,nan,nan,6.502227269835117e-07,nan,19.077683797611847,0.0524172646223007
Name:	88.58667904100822_10_80_1
Lambda:	88.58667904100822	Maximal Depth:	10	Filter time:	10 to 80 [us]
Chi2:	3.359570537752125	RelRMS:	11.66061938196401	AbsRMS:	1.0809403461606554e-06	Phi model:	0.0147562817206017
depth_vector,start_model,resistivity_model,conductivity_model,E/I[V/A],modelled_thickness,rhoa,sigma
0.0,17.6952,17.857442013927013,0.0559990618600413,8.932978068962175e-05,1.0,17.223032148754644,0.0580617855998316
1.0,17.6952,17.728387477235838,0.0564067093684663,5.70001511366436e-05,1.0,17.344596256958148,0.0576548444936462
2.0,17.6952,17.501747110967578,0.0571371528602046,3.8400712471801423e-05,1.0,17.619460092273084,0.0567554280757186
3.0,17.6952,17.24345543672555,0.0579930167517453,2.3841714565161203e-05,1.0,17.92057549102388,0.0558017793848687
4.0,17.6952,17.049696199529958,0.0586520714678522,1.410244764383558e-05,1.0,17.99873085022804,0.055559472960691
5.0,17.6952,17.034884934546593,0.0587030674901718,9.05513862038234e-06,1.0,18.152702140261425,0.0550882172953232
6.0,17.6952,17.324819473180135,0.0577206591703919,6.1938457617303e-06,1.5,18.329225959708577,0.0545576775690477
7.5,17.6952,18.31720054367412,0.054593495202265,3.89100497263453e-06,1.5,18.54523146130505,0.0539222172603516
9.0,17.6952,20.32333267829528,0.0492045284023702,2.31315321915102e-06,nan,18.643966549853143,0.0536366549106406
nan,nan,nan,nan,1.490012542750542e-06,nan,18.78260944971799,0.0532407386032836
nan,nan,nan,nan,1.0280180767023653e-06,nan,18.89678787129102,0.0529190467084224
nan,nan,nan,nan,6.512003866185075e-07,nan,19.058584554788464,0.0524697937102968
Name:	112.88378916846884_10_80_1
Lambda:	112.88378916846884	Maximal Depth:	10	Filter time:	10 to 80 [us]
Chi2:	3.3912601445604005	RelRMS:	11.723959218703008	AbsRMS:	1.0805895796565885e-06	Phi model:	0.0111551210086417
depth_vector,start_model,resistivity_model,conductivity_model,E/I[V/A],modelled_thickness,rhoa,sigma
0.0,17.6952,17.588195416191667,0.0568563162016838,8.93323439262929e-05,1.0,17.22270269048848,0.0580628962812129
1.0,17.6952,17.50861090445723,0.0571147537321436,5.698685084066197e-05,1.0,17.347294882903697,0.0576458754376471
2.0,17.6952,17.373869369653463,0.0575577022437314,3.838456447649484e-05,1.0,17.624401297458824,0.0567395160336132
3.0,17.6952,17.234201583076352,0.0580241559308427,2.382962637147977e-05,1.0,17.926635428716462,0.0557829160957952
4.0,17.6952,17.164257737014598,0.0582606026617455,1.40974263676932e-05,1.0,18.003004501847787,0.0555462839492909
5.0,17.6952,17.25343356533808,0.0579594778171567,9.053446098691405e-06,1.0,18.15496447474148,0.0550813526179725
6.0,17.6952,17.60059227819658,0.056816269827396,6.193592722201194e-06,1.5,18.32972518391584,0.0545561916486064
7.5,17.6952,18.522913877485443,0.053987186174606,3.8917644090685255e-06,1.5,18.54281877971001,0.0539292332994282
9.0,17.6952,20.25155081885969,0.0493789344304796,2.3143884336341444e-06,nan,18.63733230005747,0.0536557477164753
nan,nan,nan,nan,1.491240813160992e-06,nan,18.772294419285554,0.0532699934096845
nan,nan,nan,nan,1.0290994963999932e-06,nan,18.883547208348133,0.0529561521978198
nan,nan,nan,nan,6.520746296546183e-07,nan,19.041546054998715,0.0525167440244424
Name:	143.8449888287663_10_80_1
Lambda:	143.8449888287663	Maximal Depth:	10	Filter time:	10 to 80 [us]
Chi2:	3.417044954857164	RelRMS:	11.784243408307692	AbsRMS:	1.0764476734015851e-06	Phi model:	0.0088547103361059
depth_vector,start_model,resistivity_model,conductivity_model,E/I[V/A],modelled_thickness,rhoa,sigma
0.0,17.6952,17.38518899247031,0.0575202260057747,8.932178398788589e-05,1.0,17.22406008311333,0.0580583204641983
1.0,17.6952,17.344398916408437,0.0576555004771,5.697052660701392e-05,1.0,17.350608500075072,0.0576348662351336
2.0,17.6952,17.281080721512456,0.0578667512822357,3.836933306222637e-05,1.0,17.629065209641393,0.0567245051344581
3.0,17.6952,17.23399583576634,0.0580248486497056,2.3819608971537432e-05,1.0,17.93166113931919,0.0557672818056591
4.0,17.6952,17.26060826705052,0.0579353858524754,1.4093765335897856e-05,1.0,18.006122037258137,0.0555366668031465
5.0,17.6952,17.43035982965849,0.0573711621431049,9.052626558823471e-06,1.0,18.156060178299903,0.0550780285028576
6.0,17.6952,17.820147773555586,0.0561162574355282,6.19393997518379e-06,1.5,18.329040093731813,0.0545582308122061
7.5,17.6952,18.68239824265154,0.0535263185706543,3.8928493188731925e-06,1.5,18.53937345063054,0.053939255426455
9.0,17.6952,20.18813812893757,0.04953403793917,2.315730412384274e-06,nan,18.630131312108777,0.0536764869365168
nan,nan,nan,nan,1.4924889668176478e-06,nan,18.76182690474219,0.0532997135661262
nan,nan,nan,nan,1.0301695625902604e-06,nan,18.870468361284537,0.0529928553364177
nan,nan,nan,nan,6.529196685147449e-07,nan,19.025112875372667,0.0525621060201153
Name:	183.29807108324357_10_80_1
Lambda:	183.2980710832436	Maximal Depth:	10	Filter time:	10 to 80 [us]
Chi2:	3.438663459354605	RelRMS:	11.844740444678774	AbsRMS:	1.066607201114483e-06	Phi model:	0.0073383906885875
depth_vector,start_model,resistivity_model,conductivity_model,E/I[V/A],modelled_thickness,rhoa,sigma
0.0,17.6952,17.234832812926133,0.0580220307823351,8.929211138263984e-05,1.0,17.227875682838643,0.0580454618090922
1.0,17.6952,17.223929230105057,0.0580587615427574,5.694704007707304e-05,1.0,17.355378751868326,0.0576190248739082
2.0,17.6952,17.216381346977634,0.0580842152509331,3.835214703782938e-05,1.0,17.634331336747803,0.0567075655381455
3.0,17.6952,17.24130656028064,0.0580002447322485,2.3809975478593496e-05,1.0,17.936497568336,0.0557522446168832
4.0,17.6952,17.343107124574484,0.0576597949154705,1.4090677187167668e-05,1.0,18.008752786239846,0.0555285539131883
5.0,17.6952,17.574496753110907,0.0569006335742152,9.052309544054831e-06,1.0,18.15648406317295,0.0550767426402953
6.0,17.6952,17.995042413356344,0.0555708609643385,6.194715618056623e-06,1.5,18.327510070737016,0.0545627854596937
7.5,17.6952,18.80463525504516,0.0531783779072081,3.894224267068219e-06,1.5,18.53500935026639,0.0539519555184701
9.0,17.6952,20.12865172215808,0.0496804263794368,2.317211947999546e-06,nan,18.6221895425162,0.0536993782453404
nan,nan,nan,nan,1.4938077516121514e-06,nan,18.75078288917162,0.0533311065415561
nan,nan,nan,nan,1.0312796179164529e-06,nan,18.85692465419892,0.0530309166705678
nan,nan,nan,nan,6.53780882803859e-07,nan,19.008401569579355,0.0526083161879523
Name:	233.57214690901213_10_80_1
Lambda:	233.57214690901213	Maximal Depth:	10	Filter time:	10 to 80 [us]
Chi2:	3.457431633943092	RelRMS:	11.908432372707946	AbsRMS:	1.0505550837989528e-06	Phi model:	0.0063034538803292
depth_vector,start_model,resistivity_model,conductivity_model,E/I[V/A],modelled_thickness,rhoa,sigma
0.0,17.6952,17.128106134546787,0.0583835709648619,8.924168400329004e-05,1.0,17.234364988333954,0.0580236057828011
1.0,17.6952,17.14006799878953,0.0583428257151968,5.691512270681431e-05,1.0,17.361866614993172,0.0575974935285144
2.0,17.6952,17.17513921399869,0.0582236910886256,3.833208477518397e-05,1.0,17.64048377598073,0.0566877877443247
3.0,17.6952,17.255219797451144,0.0579534779468711,2.3800202316578606e-05,1.0,17.94140745101912,0.0557369873422721
4.0,17.6952,17.413888865273723,0.0574254267806986,1.4087977538604177e-05,1.0,18.01105336491177,0.0555214611682928
5.0,17.6952,17.691406799155104,0.0565246173666504,9.05245766019221e-06,1.0,18.15628601193851,0.0550773434248864
6.0,17.6952,18.132198050739035,0.055150511658968,6.195942939142816e-06,1.5,18.32508972541705,0.0545699920155365
7.5,17.6952,18.895376708780727,0.0529229988590435,3.895947727622477e-06,1.5,18.529542693558312,0.0539678726311817
9.0,17.6952,20.070133834478675,0.0498252781096103,2.318900652706839e-06,nan,18.613147557560392,0.0537254645893469
nan,nan,nan,nan,1.4952588124583818e-06,nan,18.73864990400013,0.0533656376058624
nan,nan,nan,nan,1.0324821660113877e-06,nan,18.842279840781146,0.0530721339694604
nan,nan,nan,nan,6.546994006516384e-07,nan,18.990618710104226,0.0526575787374392
Name:	297.63514416313194_10_80_1
Lambda:	297.63514416313194	Maximal Depth:	10	Filter time:	10 to 80 [us]
Chi2:	3.474573229607884	RelRMS:	11.977689199534826	AbsRMS:	1.0289429881640731e-06	Phi model:	0.005560008725866
depth_vector,start_model,resistivity_model,conductivity_model,E/I[V/A],modelled_thickness,rhoa,sigma
0.0,17.6952,17.05688504582317,0.0586273517886477,8.917257230127311e-05,1.0,17.24326864157799,0.0579936449861217
1.0,17.6952,17.086187873340844,0.0585268058277806,5.687566970323735e-05,1.0,17.369894636138277,0.0575708731082045
2.0,17.6952,17.153183100881634,0.0582982175447426,3.830953529539705e-05,1.0,17.64740537249796,0.0566655538812758
3.0,17.6952,17.274640749230183,0.057888323960923,2.3790453958845308e-05,1.0,17.946308221053975,0.0557217667100376
4.0,17.6952,17.475381188142133,0.0572233583481742,1.408580316312951e-05,1.0,18.01290685217858,0.0555157481358459
5.0,17.6952,17.78549415981219,0.0562255954776664,9.05318980069914e-06,1.0,18.15530712074746,0.0550803130648901
6.0,17.6952,18.23816837510812,0.0548300673309291,6.197721762872184e-06,1.5,18.32158320423731,0.0545804360274239
7.5,17.6952,18.958928545355416,0.0527455967571005,3.898102493054328e-06,1.5,18.522713644903703,0.0539877697820555
9.0,17.6952,20.010702752162626,0.049973257430548,2.320863873568589e-06,nan,18.60264949152535,0.0537557835756439
nan,nan,nan,nan,1.4968955934457037e-06,nan,18.724987558057293,0.0534045748708497
nan,nan,nan,nan,1.0338195111452453e-06,nan,18.82602679923988,0.0531179526441753
nan,nan,nan,nan,6.557064516269848e-07,nan,18.97116953970787,0.0527115630856039
Name:	379.26901907322497_10_80_1
Lambda:	379.26901907322497	Maximal Depth:	10	Filter time:	10 to 80 [us]
Chi2:	3.4915008646458148	RelRMS:	12.054970617696204	AbsRMS:	1.0010539661973857e-06	Phi model:	0.0049815506995653
depth_vector,start_model,resistivity_model,conductivity_model,E/I[V/A],modelled_thickness,rhoa,sigma
0.0,17.6952,17.016086805938105,0.058767918347186,8.908231044031969e-05,1.0,17.25491440148066,0.0579545036696437
1.0,17.6952,17.05801130878061,0.0586234808910725,5.682705911146759e-05,1.0,17.379798844176676,0.0575380652541362
2.0,17.6952,17.148378901536205,0.0583145500657451,3.828342975590137e-05,1.0,17.65542699261956,0.0566398082820668
3.0,17.6952,17.299623984017433,0.0578047245953939,2.378015522113117e-05,1.0,17.95148931936889,0.0557056844816236
4.0,17.6952,17.52999027137383,0.0570450972601498,1.408393315184518e-05,1.0,18.01450127391408,0.055510834565709
5.0,17.6952,17.86148341477221,0.0559863913191531,9.054438355360796e-06,1.0,18.153638074515207,0.0550853771511419
6.0,17.6952,18.318236986418185,0.0545904063115591,6.200050524031887e-06,1.5,18.31699514885669,0.0545941073780552
7.5,17.6952,18.999556202043507,0.0526328083333043,3.900726069889796e-06,1.5,18.514407291900863,0.0540119909988936
9.0,17.6952,19.94807491163828,0.0501301506250395,2.323151366454292e-06,nan,18.590436077333614,0.0537910996729791
nan,nan,nan,nan,1.4987652258257384e-06,nan,18.70941201399808,0.0534490340611354
nan,nan,nan,nan,1.0353325344027658e-06,nan,18.80768090056537,0.0531697663995319
nan,nan,nan,nan,6.568344760942925e-07,nan,18.949443037699474,0.0527719995785904
Name:	483.2930238571752_10_80_1
Lambda:	483.2930238571752	Maximal Depth:	10	Filter time:	10 to 80 [us]
Chi2:	3.509524700479138	RelRMS:	12.141759305957011	AbsRMS:	9.672120363441208e-07	Phi model:	0.0044949366960062
depth_vector,start_model,resistivity_model,conductivity_model,E/I[V/A],modelled_thickness,rhoa,sigma
0.0,17.6952,17.00112274389487,0.058819644741351,8.89717122041227e-05,1.0,17.269210840183472,0.0579065256226483
1.0,17.6952,17.051905244566044,0.0586444731927343,5.676953978930544e-05,1.0,17.39153642405503,0.057499232708207
2.0,17.6952,17.158470103546538,0.0582802542397592,3.8253800877337634e-05,1.0,17.66454230466284,0.0566105808320906
3.0,17.6952,17.329916774299406,0.0577036816173877,2.376927945860865e-05,1.0,17.956964769296356,0.0556886986663718
4.0,17.6952,17.57944011695835,0.0568846330342074,1.4082379105448556e-05,1.0,18.01582656399029,0.0555067510473697
5.0,17.6952,17.922701854303725,0.0557951590183861,9.056231878229618e-06,1.0,18.15124119538267,0.0550926511986618
6.0,17.6952,18.376745682269053,0.0544165989609824,6.202961315096063e-06,1.5,18.311264432631937,0.0546111932181991
7.5,17.6952,19.02038748089709,0.0525751644652002,3.903852073889567e-06,1.5,18.50452238216929,0.0540408436028365
9.0,17.6952,19.881159608884456,0.0502988769102342,2.325795138911079e-06,nan,18.57634535537033,0.0538319018552755
nan,nan,nan,nan,1.5008950108052115e-06,nan,18.691708597378405,0.0534996570693518
nan,nan,nan,nan,1.0370436930870188e-06,nan,18.7869863154294,0.0532283349340984
nan,nan,nan,nan,6.581006561426318e-07,nan,18.92512952586249,0.0528397968760758
Name:	615.8482110660261_10_80_1
Lambda:	615.8482110660261	Maximal Depth:	10	Filter time:	10 to 80 [us]
Chi2:	3.530439701257398	RelRMS:	12.239872160285657	AbsRMS:	9.258591337864382e-07	Phi model:	0.0040473294306053
depth_vector,start_model,resistivity_model,conductivity_model,E/I[V/A],modelled_thickness,rhoa,sigma
0.0,17.6952,17.009878107675853,0.0587893689578375,8.88351462774504e-05,1.0,17.286904902622727,0.0578472552277581
1.0,17.6952,17.06627062545451,0.0585951097311494,5.669972272799103e-05,1.0,17.40581017888981,0.0574520800653579
2.0,17.6952,17.183006354471843,0.0581970337070702,3.821853785435632e-05,1.0,17.675406306730178,0.056575785735643
3.0,17.6952,17.366587138029857,0.0575818375857033,2.3756693481324456e-05,1.0,17.96330644867007,0.0556690385958446
4.0,17.6952,17.62622555184012,0.0567336436867281,1.4080617634405989e-05,1.0,18.017329040468017,0.0555021223042516
5.0,17.6952,17.972787247819085,0.0556396727013694,9.05832153498906e-06,1.0,18.148449558087687,0.0551011256801471
6.0,17.6952,18.41794226760522,0.0542948818858483,6.206336588973271e-06,1.5,18.30462485977465,0.0546310021462144
7.5,17.6952,19.024313341889894,0.0525643150440592,3.907449377574847e-06,1.5,18.49316346264392,0.0540740367119987
9.0,17.6952,19.80804050493249,0.050484549430873,2.328804737999109e-06,nan,18.560337314879124,0.0538783311442479
nan,nan,nan,nan,1.5033064527840393e-06,nan,18.671714435065933,0.0535569459075475
nan,nan,nan,nan,1.0389764450656138e-06,nan,18.763680139282343,0.0532944493072267
nan,nan,nan,nan,6.595264857090949e-07,nan,18.8978435442286,0.0529160905401505
Name:	784.7599703514607_10_80_1
Lambda:	784.7599703514607	Maximal Depth:	10	Filter time:	10 to 80 [us]
Chi2:	3.5559788527882987	RelRMS:	12.349654142499569	AbsRMS:	8.767118605683877e-07	Phi model:	0.0036136370976454
depth_vector,start_model,resistivity_model,conductivity_model,E/I[V/A],modelled_thickness,rhoa,sigma
0.0,17.6952,17.039929191008948,0.0586856898752634,8.867074678620643e-05,1.0,17.308265430274332,0.0577758646022884
1.0,17.6952,17.09929741240554,0.0584819350106455,5.661626675983428e-05,1.0,17.422910824827664,0.0573956906543422
2.0,17.6952,17.221118008985567,0.0580682392094534,3.817666787607927e-05,1.0,17.68832752637649,0.0565344574555632
3.0,17.6952,17.409946190146464,0.057438431404571,2.3741778990380053e-05,1.0,17.97082864625334,0.0556457367483989
4.0,17.6952,17.67203272045497,0.0565865860378655,1.4078312295841127e-05,1.0,18.01929589128021,0.0554960641100251
5.0,17.6952,18.014581467355484,0.0555105874545082,9.060511794947222e-06,1.0,18.14552467371461,0.0551100074526137
6.0,17.6952,18.445162098801017,0.054214758029424,6.210054932317546e-06,1.5,18.297317390967127,0.0546528203360385
7.5,17.6952,19.01379200651471,0.0525934016558806,3.911453786857219e-06,1.5,18.480539539690007,0.0541109742955466
9.0,17.6952,19.7282314843862,0.0506887807349302,2.3321519593867804e-06,nan,18.54257391308114,0.0539299454696812
nan,nan,nan,nan,1.5059869258830843e-06,nan,18.64955227415381,0.0536205902050467
nan,nan,nan,nan,1.0411251257423291e-06,nan,18.737854849264444,0.0533679019313811
nan,nan,nan,nan,6.611108379070896e-07,nan,18.867639015864487,0.0530008020165728
Name:	1000.0_10_80_1
Lambda:	1000.0	Maximal Depth:	10	Filter time:	10.0 to 80.0 [us]
Chi2:	3.5886336806352332	RelRMS:	12.472736134593958	AbsRMS:	8.185389194014588e-07	Phi model:	0.0031745606313828044
depth_vector,start_model,resistivity_model,conductivity_model,E/I[V/A],modelled_thickness,rhoa,sigma
0.0,17.6952,17.090345889442187,0.05851256647870215,8.847265814119634e-05,1.0,17.334091056498096,0.057689785794976904
1.0,17.6952,17.15045431325811,0.05830749330220092,5.651568729545152e-05,1.0,17.443576092046477,0.05732769443164565
2.0,17.6952,17.273082179383678,0.05789354729021969,3.8126037460401494e-05,1.0,17.70398383086372,0.056484461890248645
3.0,17.6952,17.46132551085117,0.05726942089124675,2.3723380556688206e-05,1.0,17.98011884490699,0.05561698499469362
4.0,17.6952,17.71921793418425,0.05643589935596317,1.4074917119251822e-05,1.0,18.02219353923582,0.055487141330655264
5.0,17.6952,18.051213028989565,0.055397939096615716,9.062532922184845e-06,1.0,18.142826695287184,0.055118202736278245
6.0,17.6952,18.461784947318566,0.0541659434801965,6.21398077762597e-06,1.5,18.289610039217088,0.0546758513634666
7.5,17.6952,18.9909304190497,0.05265671443864095,3.915819262376365e-06,1.5,18.466801871181175,0.05415122807813164
9.0,17.6952,19.64019796356925,0.050915983731676606,2.3358345702585013e-06,nan,18.523079655951076,0.05398670299831708
nan,nan,nan,nan,1.5089487695135403e-06,nan,18.625140071929604,0.05369087137804263
nan,nan,nan,nan,1.0435060326180445e-06,nan,18.7093419523838,0.05344923421385153
nan,nan,nan,nan,6.628700081289367e-07,nan,18.83424273747664,0.05309478134792146
