Name:	10.0_10_80_1
Lambda:	10	Maximal Depth:	10	Filter time:	10 to 80 [us]
Chi2:	7.280004792761851	RelRMS:	35.63562844406978	AbsRMS:	1.4956261215427123e-06	Phi model:	2.2035797230752303
depth_vector,start_model,resistivity_model,conductivity_model,E/I[V/A],modelled_thickness,rhoa,sigma
0.0,17.8358,38.43065130885806,0.0260208964964771,0.0001004980772129,1.0,15.9221589687004,0.0628055530638645
1.0,17.8358,34.60114263468137,0.0289007796811218,6.356391838790728e-05,1.0,16.12901176837042,0.0620000787624841
2.0,17.8358,28.069602074049065,0.035625727695104,4.225612133321298e-05,1.0,16.530742611672576,0.0604933500866371
3.0,17.8358,20.667504709545376,0.0483851347346322,2.556199759262248e-05,1.0,17.107258400703056,0.0584547200128164
4.0,17.8358,14.068946822253448,0.0710785258224345,1.4497174732662769e-05,1.0,17.670518690424803,0.0565914344405676
5.0,17.8358,9.448175254903951,0.1058405430700455,8.934604757252466e-06,1.0,18.315598728481326,0.0545982697494332
6.0,17.8358,7.404412175187484,0.1350546101891848,5.887103287793821e-06,1.5,18.96050698655792,0.0527412057446012
7.5,17.8358,11.76053195811408,0.0850301673054898,3.51568771324718e-06,1.5,19.842661383411105,0.0503964655082015
9.0,17.8358,39.61928712293589,0.0252402320338846,1.970054576561429e-06,nan,20.75020589608482,0.0481922928865337
nan,nan,nan,nan,1.204877398344064e-06,nan,21.63983637260571,0.0462110703048531
nan,nan,nan,nan,7.964091464452222e-07,nan,22.40256069977261,0.0446377542907472
nan,nan,nan,nan,4.782290131075889e-07,nan,23.414045765452737,0.0427094065680649
Name:	12.742749857031335_10_80_1
Lambda:	12.742749857031336	Maximal Depth:	10	Filter time:	10 to 80 [us]
Chi2:	7.788549763609359	RelRMS:	36.49870730948411	AbsRMS:	1.5940442969468247e-06	Phi model:	1.669503762066034
depth_vector,start_model,resistivity_model,conductivity_model,E/I[V/A],modelled_thickness,rhoa,sigma
0.0,17.8358,32.37058636924233,0.0308922423768688,0.0001009111001142,1.0,15.878683669004223,0.0629775125473427
1.0,17.8358,29.371201143329685,0.0340469562385297,6.359097603471015e-05,1.0,16.124436233859278,0.0620176721527867
2.0,17.8358,24.260993604720312,0.0412184272537558,4.214800448991245e-05,1.0,16.558999994973263,0.0603901201946714
3.0,17.8358,18.435451629753413,0.0542433144619075,2.543734415501713e-05,1.0,17.163101250411387,0.0582645283862105
4.0,17.8358,13.239742287597991,0.0755301710771761,1.4428991538273306e-05,1.0,17.72614214376081,0.0564138542887616
5.0,17.8358,9.660360550179291,0.1035158051095143,8.899432022907112e-06,1.0,18.36382548308252,0.054454884736366
6.0,17.8358,8.34066790662213,0.1198944750223232,5.8688801055428126e-06,1.5,18.999735618989234,0.0526323113149297
7.5,17.8358,13.126824130911569,0.076179888602694,3.511562832273631e-06,1.5,19.858197220239067,0.0503570384012915
9.0,17.8358,37.68012457567556,0.0265391903891302,1.974749553879841e-06,nan,20.71730370176456,0.0482688294961292
nan,nan,nan,nan,1.2117984830901015e-06,nan,21.55736167395984,0.0463878657845198
nan,nan,nan,nan,8.031970972931839e-07,nan,22.276163761722625,0.0448910328859366
nan,nan,nan,nan,4.841321154631467e-07,nan,23.223329336227057,0.0430601480744648
Name:	16.237767391887218_10_80_1
Lambda:	16.237767391887218	Maximal Depth:	10	Filter time:	10 to 80 [us]
Chi2:	8.31979063857784	RelRMS:	37.36725458632993	AbsRMS:	1.712145683186993e-06	Phi model:	1.22741591752893
depth_vector,start_model,resistivity_model,conductivity_model,E/I[V/A],modelled_thickness,rhoa,sigma
0.0,17.8358,27.564926904387487,0.036277984827191,0.0001013703031535,1.0,15.830694229973226,0.0631684236631037
1.0,17.8358,25.20613719856328,0.0396728777647452,6.36474821477043e-05,1.0,16.11489132540693,0.0620544054444467
2.0,17.8358,21.258708242388582,0.0470395467400065,4.205996242877184e-05,1.0,16.582100036871108,0.0603059924723919
3.0,17.8358,16.753439021422874,0.0596892374587262,2.5325560589826898e-05,1.0,17.213567893410037,0.058093708764633
4.0,17.8358,12.748178734260048,0.0784425776297404,1.4368643776117678e-05,1.0,17.77574021832019,0.0562564477044602
5.0,17.8358,10.103042685725844,0.0989800826450884,8.869058940644794e-06,1.0,18.40572756942981,0.0543309139086088
6.0,17.8358,9.485063593451,0.1054289188625423,5.8535853907316034e-06,1.5,19.032817239522416,0.0525408292117395
7.5,17.8358,14.54703314214906,0.0687425394737409,3.5089439509359417e-06,1.5,19.86807669696549,0.0503319981723612
9.0,17.8358,35.94032667649252,0.0278238984581648,1.9801088658553806e-06,nan,20.679904869316022,0.0483561218641657
nan,nan,nan,nan,1.2190109867553538e-06,nan,21.472245526581467,0.0465717476433498
nan,nan,nan,nan,8.101059455432383e-07,nan,22.14933078429083,0.0451480909170059
nan,nan,nan,nan,4.900541634309036e-07,nan,23.0358559580552,0.0434105857329915
Name:	20.6913808111479_10_80_1
Lambda:	20.6913808111479	Maximal Depth:	10	Filter time:	10 to 80 [us]
Chi2:	8.915703278431856	RelRMS:	38.29655474702721	AbsRMS:	1.8152688496410148e-06	Phi model:	0.8430333398643828
depth_vector,start_model,resistivity_model,conductivity_model,E/I[V/A],modelled_thickness,rhoa,sigma
0.0,17.8358,23.156983679559968,0.0431835170693095,0.0001017795929574,1.0,15.78822538838172,0.0633383407824848
1.0,17.8358,21.52469590185073,0.04645826378035,6.366003157994735e-05,1.0,16.11277341482494,0.0620625620589889
2.0,17.8358,18.754786812757622,0.0533197209855655,4.193718470428032e-05,1.0,16.614448741334552,0.0601885753520146
3.0,17.8358,15.5500237664328,0.064308583383561,2.5191880565490204e-05,1.0,17.274409714359937,0.0578890981825397
4.0,17.8358,12.698588220536005,0.0787489115036277,1.4298412344913606e-05,1.0,17.833900330508023,0.0560729835575745
5.0,17.8358,10.920742505560431,0.0915688653487468,8.834063574660509e-06,1.0,18.45430398023399,0.0541879011568834
6.0,17.8358,10.922714406229296,0.0915523342283575,5.83594174893969e-06,1.5,19.0711588639418,0.0524351984656118
7.5,17.8358,16.09249168633358,0.0621407808990351,3.5056038805442907e-06,1.5,19.88069463547424,0.0503000533097894
9.0,17.8358,34.23016648871411,0.0292139975518292,1.985652110155289e-06,nan,20.641399578720485,0.0484463273038381
nan,nan,nan,nan,1.2266541158633372e-06,nan,21.38295871701948,0.0467662129097253
nan,nan,nan,nan,8.174656039277238e-07,nan,22.01618993986139,0.0454211197637539
nan,nan,nan,nan,4.96383914456948e-07,nan,22.83960612148638,0.0437835921810949
Name:	26.366508987303583_10_80_1
Lambda:	26.366508987303583	Maximal Depth:	10	Filter time:	10 to 80 [us]
Chi2:	9.418853888811682	RelRMS:	39.11214218403816	AbsRMS:	1.9284124066970344e-06	Phi model:	0.5935898803054391
depth_vector,start_model,resistivity_model,conductivity_model,E/I[V/A],modelled_thickness,rhoa,sigma
0.0,17.8358,20.356853853267765,0.0491235044082942,0.0001021943183155,1.0,15.74548188922476,0.0635102823168809
1.0,17.8358,19.17633600473518,0.0521476052439356,6.372348509929721e-05,1.0,16.10207529797084,0.0621037960321809
2.0,17.8358,17.166650752824516,0.0582524811856771,4.187394377252861e-05,1.0,16.63117272805949,0.0601280508807919
3.0,17.8358,14.851688562864656,0.0673324111105058,2.5106477989646283e-05,1.0,17.313561467936747,0.0577581915686102
4.0,17.8358,12.845686806910908,0.0778471416150365,1.425527994164328e-05,1.0,17.86985573784589,0.0559601607685135
5.0,17.8358,11.765849051187445,0.0849917414076527,8.814422104085613e-06,1.0,18.481708702500125,0.0541075512062758
6.0,17.8358,12.300377555579251,0.0812983175094829,5.827375360213643e-06,1.5,19.089844344081712,0.0523838739580934
7.5,17.8358,17.447774663471318,0.0573138992959142,3.506274220447974e-06,1.5,19.878160654621844,0.0503064653402673
9.0,17.8358,32.940132190339746,0.0303581052505085,1.9919949541466683e-06,nan,20.59755918752685,0.0485494417516015
nan,nan,nan,nan,1.2339492335761983e-06,nan,21.298597974863625,0.0469514472821257
nan,nan,nan,nan,8.241378727595954e-07,nan,21.89719943666294,0.0456679404547815
nan,nan,nan,nan,5.019262351212305e-07,nan,22.67116366590937,0.0441088959850658
Name:	33.59818286283781_10_80_1
Lambda:	33.59818286283781	Maximal Depth:	10	Filter time:	10 to 80 [us]
Chi2:	9.857344510322417	RelRMS:	39.79549171655116	AbsRMS:	2.009765212178717e-06	Phi model:	0.4243535817056059
depth_vector,start_model,resistivity_model,conductivity_model,E/I[V/A],modelled_thickness,rhoa,sigma
0.0,17.8358,18.37079876331089,0.0544342144772247,0.0001024968715979,1.0,15.71448130738098,0.06363557157501
1.0,17.8358,17.52469805431342,0.0570623240925892,6.374972893005628e-05,1.0,16.097655837210837,0.0621208460481824
2.0,17.8358,16.08664966379307,0.0621633479251272,4.180438690531083e-05,1.0,16.649615636393687,0.0600614465726249
3.0,17.8358,14.456532387621236,0.0691728813789588,2.502629752111053e-05,1.0,17.35052176950404,0.0576351543362597
4.0,17.8358,13.129527665131429,0.0761642022093252,1.4215338528846806e-05,1.0,17.903313187539887,0.0558555832389709
5.0,17.8358,12.640750522941545,0.0791092267967089,8.796113284981426e-06,1.0,18.50734585773595,0.0540325991466791
6.0,17.8358,13.626931812104385,0.0733840906954367,5.819177369085578e-06,1.5,19.10776917458735,0.0523347331058386
7.5,17.8358,18.65426435771911,0.0536070455968531,3.506362218040776e-06,1.5,19.877828071069462,0.0503073070370005
9.0,17.8358,31.91641491097097,0.0313318398319311,1.9971217521131484e-06,nan,20.562293516915272,0.0486327072015271
nan,nan,nan,nan,1.2399840515438325e-06,nan,21.229437060321843,0.0471044049429372
nan,nan,nan,nan,8.296961689319594e-07,nan,21.799294183314743,0.0458730448605718
nan,nan,nan,nan,5.065671140025091e-07,nan,22.532484530248635,0.0443803699790653
Name:	42.81332398719393_10_80_1
Lambda:	42.81332398719393	Maximal Depth:	10	Filter time:	10 to 80 [us]
Chi2:	10.22213239730312	RelRMS:	40.37827914574719	AbsRMS:	2.081942110961665e-06	Phi model:	0.3138181633841969
depth_vector,start_model,resistivity_model,conductivity_model,E/I[V/A],modelled_thickness,rhoa,sigma
0.0,17.8358,16.96625783062801,0.058940516523023,0.000102758955346,1.0,15.68775038273371,0.0637440025244551
1.0,17.8358,16.361731918691614,0.0611182242179143,6.378320512623167e-05,1.0,16.092022845126003,0.0621425913711577
2.0,17.8358,15.345868398618476,0.0651641193593205,4.1757277116294416e-05,1.0,16.66213580891617,0.0600163155233007
3.0,17.8358,14.244014563440553,0.0702049268165348,2.496793740375665e-05,1.0,17.37754801553175,0.0575455178777936
4.0,17.8358,13.466955324111389,0.0742558340718327,1.4187389496437808e-05,1.0,17.926818387164356,0.0557823467836324
5.0,17.8358,13.473374271824392,0.074220457312702,8.784282204567483e-06,1.0,18.52395983332291,0.0539841377868403
6.0,17.8358,14.824636973514387,0.0674552774402904,5.81462084545348e-06,1.5,19.11775017901484,0.0523074101626079
7.5,17.8358,19.66537270678779,0.0508508033338638,3.5077409670286767e-06,1.5,19.87261895760616,0.0503204938480066
9.0,17.8358,31.121406195393646,0.0321322241585604,2.00203380431558e-06,nan,20.5286462640068,0.0487124181078279
nan,nan,nan,nan,1.2453466536726254e-06,nan,21.16844901563916,0.0472401166122848
nan,nan,nan,nan,8.345161915634581e-07,nan,21.71527384492899,0.0460505360024977
nan,nan,nan,nan,5.105210937662213e-07,nan,22.415991283596043,0.0446110094953417
Name:	54.5559478116852_10_80_1
Lambda:	54.5559478116852	Maximal Depth:	10	Filter time:	10 to 80 [us]
Chi2:	10.522422846386222	RelRMS:	40.84468917451581	AbsRMS:	2.12493537190345e-06	Phi model:	0.2415078050308661
depth_vector,start_model,resistivity_model,conductivity_model,E/I[V/A],modelled_thickness,rhoa,sigma
0.0,17.8358,15.93336548703278,0.0627613796227696,0.0001029213764836,1.0,15.671241386598073,0.0638111541600777
1.0,17.8358,15.518661459249364,0.0644385472694221,6.378214463497058e-05,1.0,16.09220121690918,0.0621419025601812
2.0,17.8358,14.838937878813104,0.0673902679670753,4.170257645502047e-05,1.0,16.676702945833107,0.0599638911389174
3.0,17.8358,14.163226988345894,0.0706053783380611,2.4912262733102724e-05,1.0,17.403428957996034,0.0574599409354067
4.0,17.8358,13.833851592700508,0.0722864484485039,1.4160808881807102e-05,1.0,17.949244455620292,0.0557126514418203
5.0,17.8358,14.240586986224269,0.0702218244913188,8.772657281964174e-06,1.0,18.54032067372084,0.0539364996754023
6.0,17.8358,15.868028596191245,0.0630198007230732,5.8097776295208e-06,1.5,19.128373480904475,0.0522783602588208
7.5,17.8358,20.49641117184009,0.0487890290459187,3.508291083254765e-06,1.5,19.8705414910926,0.0503257548591854
9.0,17.8358,30.501398244200423,0.0327853822304733,2.0057460874192886e-06,nan,20.50330850250155,0.048772616374474
nan,nan,nan,nan,1.2495516022118358e-06,nan,21.12093211068708,0.0473463952613154
nan,nan,nan,nan,8.383420806714388e-07,nan,21.649156403972547,0.0461911762906615
nan,nan,nan,nan,5.13686600282302e-07,nan,22.32380661368159,0.0447952276825015
Name:	69.51927961775606_10_80_1
Lambda:	69.51927961775606	Maximal Depth:	10	Filter time:	10 to 80 [us]
Chi2:	10.77484185042008	RelRMS:	41.22353181381166	AbsRMS:	2.1341587070241083e-06	Phi model:	0.1927939131967967
depth_vector,start_model,resistivity_model,conductivity_model,E/I[V/A],modelled_thickness,rhoa,sigma
0.0,17.8358,15.136991076679465,0.0660633275750973,0.0001029714376382,1.0,15.666161764277204,0.0638318443947292
1.0,17.8358,14.88414755341984,0.0671855742098066,6.37333255983586e-05,1.0,16.100417802637086,0.0621101894533575
2.0,17.8358,14.491078451963531,0.0690079764121697,4.162888188390487e-05,1.0,16.69637871090207,0.0598932269874209
3.0,17.8358,14.174157211242894,0.0705509318893968,2.485143108777045e-05,1.0,17.431817605591732,0.0573663643474116
4.0,17.8358,14.214840336545077,0.0703490138703204,1.413164753418328e-05,1.0,17.973928734987958,0.055636139140432
5.0,17.8358,14.942969606466573,0.0669211024539091,8.759238491838342e-06,1.0,18.55925117725784,0.0538814842500424
6.0,17.8358,16.774627815476062,0.0596138412726756,5.803614784836909e-06,1.5,19.141912668159403,0.0522413834675673
7.5,17.8358,21.185246572228365,0.0472026604264731,3.5076973227368125e-06,1.5,19.87278379976204,0.0503200764460575
9.0,17.8358,29.99610050851097,0.0333376666649141,2.0083458125711976e-06,nan,20.485610862030004,0.0488147513264296
nan,nan,nan,nan,1.252803317773648e-06,nan,21.084369304129453,0.0474284995474892
nan,nan,nan,nan,8.413926758381523e-07,nan,21.596796559594807,0.0463031633992834
nan,nan,nan,nan,5.162626763098789e-07,nan,22.24948300798104,0.04494486454545
Name:	88.58667904100822_10_80_1
Lambda:	88.58667904100822	Maximal Depth:	10	Filter time:	10 to 80 [us]
Chi2:	11.009988513261526	RelRMS:	41.630213544965656	AbsRMS:	2.126527210753953e-06	Phi model:	0.1568632937950055
depth_vector,start_model,resistivity_model,conductivity_model,E/I[V/A],modelled_thickness,rhoa,sigma
0.0,17.8358,14.470906010532154,0.0691041735239095,0.00010296391606,1.0,15.66692470357317,0.0638287359466232
1.0,17.8358,14.364988417059047,0.0696137004059437,6.366473606478339e-05,1.0,16.111979639636587,0.0620656196424138
2.0,17.8358,14.234059434658004,0.0702540272921114,4.1551702366667786e-05,1.0,16.717047256089977,0.0598191764778138
3.0,17.8358,14.241480829881656,0.0702174171313552,2.4794122899011423e-05,1.0,17.458668093677524,0.0572781379790443
4.0,17.8358,14.611059412024582,0.0684413068074325,1.4106056869186625e-05,1.0,17.99566057354709,0.0555689520767001
5.0,17.8358,15.618682558576928,0.064025886706485,8.748715782039271e-06,1.0,18.574129893255137,0.0538383227503503
6.0,17.8358,17.61733494885601,0.0567622743680045,5.799780817341771e-06,1.5,19.15034762917122,0.0522183732308194
7.5,17.8358,21.805387229329515,0.0458602266257827,3.508687775841748e-06,1.5,19.86904375261171,0.0503295484398213
9.0,17.8358,29.514190094551505,0.0338820071564357,2.011814728198445e-06,nan,20.462055580565192,0.0488709453487066
nan,nan,nan,nan,1.2565711989059046e-06,nan,21.04219997182308,0.0475235479816306
nan,nan,nan,nan,8.447822258491003e-07,nan,21.53898879165984,0.0464274349029427
nan,nan,nan,nan,5.190337072390841e-07,nan,22.1702216224494,0.0451055482001771
Name:	112.88378916846884_10_80_1
Lambda:	112.88378916846884	Maximal Depth:	10	Filter time:	10 to 80 [us]
Chi2:	11.209606527662006	RelRMS:	42.042698089130575	AbsRMS:	2.106244914277689e-06	Phi model:	0.1330131512928455
depth_vector,start_model,resistivity_model,conductivity_model,E/I[V/A],modelled_thickness,rhoa,sigma
0.0,17.8358,13.98330962471205,0.0715138280448819,0.0001029110259742,1.0,15.672292149372602,0.063806875884459
1.0,17.8358,13.988756320920167,0.071485983246738,6.358925182917835e-05,1.0,16.124727705721934,0.0620165511164039
2.0,17.8358,14.060363673135646,0.0711219157090967,4.148212337039112e-05,1.0,16.735735313363413,0.0597523790425571
3.0,17.8358,14.323862261231389,0.0698135727475246,2.4747860584758863e-05,1.0,17.48041884818441,0.0572068672201103
4.0,17.8358,14.958465337049631,0.0668517777370627,1.4087712923317802e-05,1.0,18.01127890353775,0.0555207659242665
5.0,17.8358,16.19291472617934,0.0617554045648918,8.74293303830003e-06,1.0,18.58231918136683,0.0538145960275365
6.0,17.8358,18.32066299692787,0.0545831774847715,5.799255612638451e-06,1.5,19.1515038351293,0.0522152207267251
7.5,17.8358,22.301317464826983,0.0448404001950634,3.511599775232573e-06,1.5,19.858057944334853,0.0503573915839681
9.0,17.8358,29.087447246506976,0.0343790911428326,2.016120639107282e-06,nan,20.432910770145973,0.0489406532064474
nan,nan,nan,nan,1.2607120857756263e-06,nan,20.99609843948025,0.0476278963390474
nan,nan,nan,nan,8.483496506277188e-07,nan,21.47856348940621,0.0465580484697324
nan,nan,nan,nan,5.218484161729029e-07,nan,22.09042967385681,0.0452684721286097
Name:	143.8449888287663_10_80_1
Lambda:	143.8449888287663	Maximal Depth:	10	Filter time:	10 to 80 [us]
Chi2:	11.377072339313957	RelRMS:	42.45190543542681	AbsRMS:	2.072389857387232e-06	Phi model:	0.117350524667494
depth_vector,start_model,resistivity_model,conductivity_model,E/I[V/A],modelled_thickness,rhoa,sigma
0.0,17.8358,13.635692119239623,0.0733369447810445,0.0001028104947078,1.0,15.68250705152936,0.0637653148641485
1.0,17.8358,13.724823858369191,0.0728606800582154,6.350345520581589e-05,1.0,16.139248027001866,0.0619607554408324
2.0,17.8358,13.950649842030025,0.0716812486388437,4.141671737511204e-05,1.0,16.753350253896695,0.0596895537217941
3.0,17.8358,14.412035604747466,0.069386450840476,2.4709888500261995e-05,1.0,17.498322559181858,0.0571483350257063
4.0,17.8358,15.25303393032658,0.0655607274308731,1.407485532005688e-05,1.0,18.022246293181844,0.055486978911076
5.0,17.8358,16.661165930306325,0.0600198091888047,8.740722158899479e-06,1.0,18.58545252543962,0.0538055233592621
6.0,17.8358,18.876540514999768,0.0529758087402389,5.8012229737968825e-06,1.5,19.147173707399,0.0522270291836111
7.5,17.8358,22.664697298549108,0.0441214805045737,3.515926877995592e-06,1.5,19.841761531757665,0.0503987510584407
9.0,17.8358,28.71204369088744,0.0348285900775979,2.0209851795119e-06,nan,20.400109395634804,0.0490193449753744
nan,nan,nan,nan,1.2650596875428735e-06,nan,20.947966302344096,0.0477373309450139
nan,nan,nan,nan,8.519866169422631e-07,nan,21.4173946919579,0.0466910198174334
nan,nan,nan,nan,5.246437030121752e-07,nan,22.01189504151617,0.0454299822034368
Name:	183.29807108324357_10_80_1
Lambda:	183.2980710832436	Maximal Depth:	10	Filter time:	10 to 80 [us]
Chi2:	11.526857144064492	RelRMS:	42.87963019121233	AbsRMS:	2.016665982192161e-06	Phi model:	0.10635851714158
depth_vector,start_model,resistivity_model,conductivity_model,E/I[V/A],modelled_thickness,rhoa,sigma
0.0,17.8358,13.394419911227605,0.0746579550758872,0.0001026359979144,1.0,15.70027711538325,0.0636931432898208
1.0,17.8358,13.546610684616214,0.073819202698105,6.338983263522407e-05,1.0,16.158528042773426,0.0618868251707636
2.0,17.8358,13.889792351959274,0.0719953167520853,4.134366243287588e-05,1.0,16.773080079452477,0.0596193421400896
3.0,17.8358,14.50295951678662,0.0689514439340838,2.467341487490824e-05,1.0,17.515562981012696,0.0570920843985445
4.0,17.8358,15.50218777446488,0.0645070240761239,1.4064330568744091e-05,1.0,18.03123622271213,0.0554593144723155
5.0,17.8358,17.03986238908783,0.0586859199426628,8.7405967706369e-06,1.0,18.585630270132256,0.0538050087871937
6.0,17.8358,19.30979150809076,0.0517871981984374,5.804985541715138e-06,1.5,19.138899173290927,0.0522496090786422
7.5,17.8358,22.919321215304787,0.0436313096101743,3.52150473390204e-06,1.5,19.820803876307583,0.0504520405045393
9.0,17.8358,28.35868612099216,0.035262564553714,2.026503848095244e-06,nan,20.363056220632227,0.0491085419185152
nan,nan,nan,nan,1.2697785397897452e-06,nan,20.89603510225458,0.0478559686134957
nan,nan,nan,nan,8.558616580246079e-07,nan,21.35269884826541,0.0468324874108939
nan,nan,nan,nan,5.275682333584047e-07,nan,21.930472300096152,0.0455986531578535
Name:	233.57214690901213_10_80_1
Lambda:	233.57214690901213	Maximal Depth:	10	Filter time:	10 to 80 [us]
Chi2:	11.671684256708888	RelRMS:	43.34462215565827	AbsRMS:	1.9360313666900488e-06	Phi model:	0.0980285447283698
depth_vector,start_model,resistivity_model,conductivity_model,E/I[V/A],modelled_thickness,rhoa,sigma
0.0,17.8358,13.237998224528864,0.0755401219307528,0.0001023769768642,1.0,15.726747841362032,0.0635859371617796
1.0,17.8358,13.437334833203517,0.074419519377385,6.324110069337145e-05,1.0,16.18385279931446,0.0617899836584252
2.0,17.8358,13.868692353161851,0.0721048513108025,4.125797451374909e-05,1.0,16.79629584650862,0.0595369365447243
3.0,17.8358,14.59592721908714,0.0685122627010839,2.4635642995640832e-05,1.0,17.533461892314673,0.057033802345578
4.0,17.8358,15.71254129537496,0.0636434285963883,1.4055000858131835e-05,1.0,18.03921476414359,0.055434785442418
5.0,17.8358,17.341213751063854,0.0576660904106929,8.742149097051812e-06,1.0,18.583430062198023,0.0538113790970256
6.0,17.8358,19.636324627234085,0.0509260270943512,5.810455208242189e-06,1.5,19.12688636497309,0.0522824249027427
7.5,17.8358,23.0773596081888,0.0433325136401288,3.5284426742343155e-06,1.5,19.79481305964754,0.0505182846125754
9.0,17.8358,28.00911798220097,0.0357026594209597,2.032859004939046e-06,nan,20.32059453255828,0.0492111585809051
nan,nan,nan,nan,1.275048747070427e-06,nan,20.838415113867423,0.0479882944329353
nan,nan,nan,nan,8.601324687762975e-07,nan,21.281958605250168,0.0469881564262278
nan,nan,nan,nan,5.307474608071254e-07,nan,21.84280756627578,0.0457816604832407
Name:	297.63514416313194_10_80_1
Lambda:	297.63514416313194	Maximal Depth:	10	Filter time:	10 to 80 [us]
Chi2:	11.827605256474229	RelRMS:	43.87451045015717	AbsRMS:	1.828254853312236e-06	Phi model:	0.0910233604890937
depth_vector,start_model,resistivity_model,conductivity_model,E/I[V/A],modelled_thickness,rhoa,sigma
0.0,17.8358,13.151685728825624,0.0760358801615992,0.0001020243818943,1.0,15.762961296534122,0.0634398563307945
1.0,17.8358,13.385729570377013,0.0747064248341776,6.305176662869832e-05,1.0,16.21623490176922,0.0616665956097428
2.0,17.8358,13.88198342201051,0.0720358157476585,4.115637387299371e-05,1.0,16.823927258093306,0.0594391538110663
3.0,17.8358,14.692374089697108,0.0680625196373975,2.4595148425105534e-05,1.0,17.552701874318817,0.0569712860823489
4.0,17.8358,15.891851965295698,0.0629253281608575,1.4046655822460636e-05,1.0,18.04635871787945,0.0554128406529594
5.0,17.8358,17.57791303851625,0.0568895748777927,8.745622633825471e-06,1.0,18.578509162215028,0.0538256321467279
6.0,17.8358,19.871471999906685,0.0503233982869862,5.818021968360273e-06,1.5,19.11029883155459,0.0523278054840679
7.5,17.8358,23.14838536196744,0.0431995573066184,3.537169477732961e-06,1.5,19.762241525627385,0.0506015473347603
9.0,17.8358,27.64405809084368,0.0361741390035358,2.0404285128833203e-06,nan,20.27030700325264,0.0493332439335791
nan,nan,nan,nan,1.281179156065865e-06,nan,20.77188780444333,0.048141989279669
nan,nan,nan,nan,8.650474371684399e-07,nan,21.20126980753001,0.0471669861795179
nan,nan,nan,nan,5.343654186113397e-07,nan,21.74410382246526,0.0459894787186784
Name:	379.26901907322497_10_80_1
Lambda:	379.26901907322497	Maximal Depth:	10	Filter time:	10 to 80 [us]
Chi2:	12.008053660006857	RelRMS:	44.47435702230507	AbsRMS:	1.6949822555865618e-06	Phi model:	0.0846975230324948
depth_vector,start_model,resistivity_model,conductivity_model,E/I[V/A],modelled_thickness,rhoa,sigma
0.0,17.8358,13.126924091307435,0.0761793084994064,0.0001015801524781,1.0,15.808884159960348,0.063255571353526
1.0,17.8358,13.384990514950768,0.0747105497671455,6.282206712039827e-05,1.0,16.255739013780573,0.0615167356680778
2.0,17.8358,13.926159207286448,0.0718073077519306,4.103849321606671e-05,1.0,16.856129014817903,0.0593256019291807
3.0,17.8358,14.792521745434613,0.0676017258726442,2.4551474583713805e-05,1.0,17.573511671744388,0.0569038231333042
4.0,17.8358,16.043336151524368,0.0623311754210787,1.4039062915716118e-05,1.0,18.05286494369661,0.0553928699471693
5.0,17.8358,17.755591087040422,0.056320287795425,8.750908112983892e-06,1.0,18.57102756073818,0.053847316564978
6.0,17.8358,20.0229739750065,0.0499426309622257,5.8276351583876825e-06,1.5,19.0892769848907,0.0523854308778434
7.5,17.8358,23.13939639776103,0.0432163390440366,3.547683685591374e-06,1.5,19.72317620800039,0.050701772851087
9.0,17.8358,27.26052743267394,0.0366830760142013,2.049241797866032e-06,nan,20.21214686116524,0.0494751995851246
nan,nan,nan,nan,1.2882053870881905e-06,nan,20.69628853527137,0.0483178420273646
nan,nan,nan,nan,8.706398793809662e-07,nan,21.11038326462922,0.0473700542270833
nan,nan,nan,nan,5.384503672781507e-07,nan,21.63399000507537,0.0462235583803726
Name:	483.2930238571752_10_80_1
Lambda:	483.2930238571752	Maximal Depth:	10	Filter time:	10 to 80 [us]
Chi2:	12.238151354631832	RelRMS:	45.175851427756704	AbsRMS:	1.5328102286410072e-06	Phi model:	0.078396937992618
depth_vector,start_model,resistivity_model,conductivity_model,E/I[V/A],modelled_thickness,rhoa,sigma
0.0,17.8358,13.15803623306168,0.0759991827266244,0.0001010260958812,1.0,15.866631812632482,0.0630253485307343
1.0,17.8358,13.431910700524798,0.0744495717918173,6.254201307359289e-05,1.0,16.304230094188856,0.0613337762177693
2.0,17.8358,14.001245474549474,0.0714222175318426,4.08988374198402e-05,1.0,16.894479223575445,0.0591909337225705
3.0,17.8358,14.900315645427202,0.0671126722276445,2.450234813824308e-05,1.0,17.59699339208385,0.056827889726313
4.0,17.8358,16.17599140457487,0.0618200130668455,1.403172067280561e-05,1.0,18.059161960095448,0.055373555107909
5.0,17.8358,17.887187982168104,0.0559059367518756,8.758169386044111e-06,1.0,18.56076149282247,0.0538770998370247
6.0,17.8358,20.104386240513023,0.0497403893875092,5.839694811417447e-06,1.5,19.062986870721748,0.0524576765845581
7.5,17.8358,23.056938150499832,0.0433708931113354,3.560461672152384e-06,1.5,19.675958835625103,0.050823444405129
9.0,17.8358,26.840273179036327,0.0372574449346906,2.0597215553021543e-06,nan,20.143529682176386,0.0496437325423076
nan,nan,nan,nan,1.296473971473944e-06,nan,20.608197588860243,0.0485243794702623
nan,nan,nan,nan,8.771896484025224e-07,nan,21.00516787409701,0.0476073319667762
nan,nan,nan,nan,5.432099948805589e-07,nan,21.507432815575992,0.0464955538196909
Name:	615.8482110660261_10_80_1
Lambda:	615.8482110660261	Maximal Depth:	10	Filter time:	10 to 80 [us]
Chi2:	12.540805106599324	RelRMS:	45.98216458222939	AbsRMS:	1.3450774391484752e-06	Phi model:	0.0719140744776282
depth_vector,start_model,resistivity_model,conductivity_model,E/I[V/A],modelled_thickness,rhoa,sigma
0.0,17.8358,13.241685311949444,0.0755190881252546,0.0001003589628804,1.0,15.936869424321165,0.0627475806806765
1.0,17.8358,13.523681997073364,0.0739443592518966,6.22088194406274e-05,1.0,16.362395777522615,0.0611157445154652
2.0,17.8358,14.106630358311229,0.0708886512653837,4.073517820204009e-05,1.0,16.939699583557925,0.0590329241122212
3.0,17.8358,15.018100718186735,0.0665863159906107,2.444626877872015e-05,1.0,17.623894599171173,0.0567411473311369
4.0,17.8358,16.294283657762424,0.0613712158818108,1.4023822908101796e-05,1.0,18.065941548848944,0.0553527751263932
5.0,17.8358,17.979425657741146,0.0556191292778834,8.766951785602815e-06,1.0,18.548363778046163,0.05391311125694
6.0,17.8358,20.12515810287916,0.0496890506344363,5.853928468007905e-06,1.5,19.032073603185804,0.052542882128861
7.5,17.8358,22.909493704590865,0.0436500261810503,3.5753724648823294e-06,1.5,19.621216111038706,0.0509652406018508
9.0,17.8358,26.383112962113405,0.0379030329527837,2.071824857200956e-06,nan,20.065002704428675,0.0498380196968168
nan,nan,nan,nan,1.3059766728194e-06,nan,20.508108098480093,0.0487612019206253
nan,nan,nan,nan,8.847016145263461e-07,nan,20.886096274492527,0.0478787412859561
nan,nan,nan,nan,5.486559423592167e-07,nan,21.36487477001213,0.0468057974017992
Name:	784.7599703514607_10_80_1
Lambda:	784.7599703514607	Maximal Depth:	10	Filter time:	10 to 80 [us]
Chi2:	12.92417530143583	RelRMS:	46.87105092018263	AbsRMS:	1.1540473933063478e-06	Phi model:	0.0654242630696725
depth_vector,start_model,resistivity_model,conductivity_model,E/I[V/A],modelled_thickness,rhoa,sigma
0.0,17.8358,13.361443592597077,0.0748422124503112,9.96341133827602e-05,1.0,16.01407102852763,0.0624450833406814
1.0,17.8358,13.645959900870276,0.0732817630466746,6.185061241303559e-05,1.0,16.425510024382863,0.0608809101522904
2.0,17.8358,14.231790148790372,0.0702652294296929,4.05619876157004e-05,1.0,16.987884478698113,0.0588654815291418
3.0,17.8358,15.14108969044102,0.0660454445779637,2.4389192782735105e-05,1.0,17.651379707459473,0.0566527952246928
4.0,17.8358,16.401247671798224,0.0609709712340659,1.401752889737229e-05,1.0,18.071349003243917,0.0553362120238225
5.0,17.8358,18.04421855000508,0.0554194129952897,8.777928091403933e-06,1.0,18.53289809604757,0.0539581016858483
6.0,17.8358,20.1056976090027,0.0497371451340356,5.870370778718126e-06,1.5,18.99651905952621,0.0526412232086556
7.5,17.8358,22.72145990156419,0.0440112565095853,3.592153032718545e-06,1.5,19.56006206617776,0.0511245821519732
9.0,17.8358,25.90665676147825,0.0386001176920267,2.0852667912308204e-06,nan,19.9786818414003,0.0500533522651017
nan,nan,nan,nan,1.3164634025302374e-06,nan,20.39905352711085,0.0490218822491433
nan,nan,nan,nan,8.929647579773265e-07,nan,20.7570489403618,0.0481764051755697
nan,nan,nan,nan,5.546285559355987e-07,nan,21.21121725875015,0.0471448662187209
Name:	1000.0_10_80_1
Lambda:	1000.0	Maximal Depth:	10	Filter time:	10.0 to 80.0 [us]
Chi2:	13.478587225291369	RelRMS:	47.94501368588022	AbsRMS:	9.403518368677589e-07	Phi model:	0.05803286191536032
depth_vector,start_model,resistivity_model,conductivity_model,E/I[V/A],modelled_thickness,rhoa,sigma
0.0,17.8358,13.552664889458953,0.07378622641055517,9.86909163539653e-05,1.0,16.11594103753515,0.06205036352955935
1.0,17.8358,13.832874782610476,0.07229155296461699,6.138322904278415e-05,1.0,16.50878250571239,0.06057381879335916
2.0,17.8358,14.407649752690304,0.06940757286338617,4.033437647819257e-05,1.0,17.05173413587631,0.05864506167123681
3.0,17.8358,15.293950414020998,0.06538533033840835,2.43117902305518e-05,1.0,17.68882485590359,0.05653286796303222
4.0,17.8358,16.51136861909737,0.060564331344609465,1.4005855124515035e-05,1.0,18.08138916272287,0.05530548515938309
5.0,17.8358,18.081584679065383,0.05530488714066011,8.78903470071514e-06,1.0,18.517281588857305,0.05400360712782732
6.0,17.8358,20.027713397613198,0.04993081237717207,5.889057670205086e-06,1.5,18.956311846649925,0.05275287767418355
7.5,17.8358,22.454264619627804,0.044534969946238026,3.6118599372829496e-06,1.5,19.488848588797623,0.05131139458771359
9.0,17.8358,25.353330084719534,0.03944255041284303,2.1012184829913587e-06,nan,19.877439513559295,0.050308290427338746
nan,nan,nan,nan,1.3289759934931578e-06,nan,20.270810814746728,0.049332017803279685
nan,nan,nan,nan,9.028611781046309e-07,nan,20.605089372357174,0.04853169922871353
nan,nan,nan,nan,5.618035482867207e-07,nan,21.0302333297177,0.047550589873242434
