Name:	10.0_10_80_1
Lambda:	10	Maximal Depth:	10	Filter time:	10 to 80 [us]
Chi2:	0.3814066882118086	RelRMS:	1.972439101915395	AbsRMS:	7.352180772869034e-07	Phi model:	0.0242962587835239
depth_vector,start_model,resistivity_model,conductivity_model,E/I[V/A],modelled_thickness,rhoa,sigma
0.0,15.1541,13.386014607890385,0.0747048340594631,0.0001246800639965,1.0,13.790365591200048,0.0725143937183306
1.0,15.1541,13.408431924788507,0.074579936386989,7.891657563767671e-05,1.0,13.96269908124513,0.0716193906479881
2.0,15.1541,13.467852934766118,0.0742508850403752,5.274020642075684e-05,1.0,14.260154612239212,0.0701254668825062
3.0,15.1541,13.59667574167129,0.0735473890088579,3.241982309510796e-05,1.0,14.600571248966345,0.068490470882829
4.0,15.1541,13.844677500832647,0.0722299237334967,1.898893092288779e-05,1.0,14.760617862232642,0.0677478415425046
5.0,15.1541,14.276641863232832,0.0700444831200352,1.2087477064124e-05,1.0,14.973186761661706,0.0667860500184545
6.0,15.1541,14.97344020697267,0.0667849195760858,8.204349437969974e-06,1.5,15.196898043843191,0.0658029024814794
7.5,15.1541,16.22465174132796,0.061634604917452,5.106507396251892e-06,1.5,15.47120491820504,0.0646362067652077
9.0,15.1541,18.278036339470905,0.0547104722535499,3.008613602261354e-06,nan,15.646972010902816,0.0639101290206948
nan,nan,nan,nan,1.923341643781684e-06,nan,15.8432735611122,0.0631182688440431
nan,nan,nan,nan,1.3186507653001082e-06,nan,16.006705747152328,0.0624738166488694
nan,nan,nan,nan,8.291311405460133e-07,nan,16.22376294422427,0.0616379814866565
Name:	12.742749857031335_10_80_1
Lambda:	12.742749857031336	Maximal Depth:	10	Filter time:	10 to 80 [us]
Chi2:	0.3968951551033555	RelRMS:	2.006525780426488	AbsRMS:	7.664971897487779e-07	Phi model:	0.0227172338908422
depth_vector,start_model,resistivity_model,conductivity_model,E/I[V/A],modelled_thickness,rhoa,sigma
0.0,15.1541,13.268935389397503,0.0753639964815147,0.0001248038692458,1.0,13.781244068168796,0.0725623895095035
1.0,15.1541,13.312157070961742,0.0751193059599134,7.896934328734793e-05,1.0,13.956478431894316,0.0716513126774681
2.0,15.1541,13.410751364257193,0.0745670375088181,5.276107417619494e-05,1.0,14.256394301655815,0.0701439633921919
3.0,15.1541,13.591679966955423,0.0735744221782175,3.242502324519479e-05,1.0,14.599010166736116,0.0684977946161379
4.0,15.1541,13.896315859423492,0.0719615191620641,1.8990902265172423e-05,1.0,14.759596364915048,0.0677525303047645
5.0,15.1541,14.37908066995501,0.0695454753299696,1.208850596108993e-05,1.0,14.972337134474314,0.066789839890625
6.0,15.1541,15.108139933936515,0.0661894848983864,8.204912789662651e-06,1.5,15.196202420263518,0.0658059146847465
7.5,15.1541,16.332103149388335,0.0612291014116851,5.107011289132591e-06,1.5,15.47018723776838,0.0646404587501458
9.0,15.1541,18.247726959069304,0.0548013460658994,3.0092663245534348e-06,nan,15.644709333873328,0.0639193722720586
nan,nan,nan,nan,1.9239638471907785e-06,nan,15.839857602876362,0.0631318806690793
nan,nan,nan,nan,1.3191828859337302e-06,nan,16.002401026294656,0.0624906223982782
nan,nan,nan,nan,8.295606829172912e-07,nan,16.21816207194801,0.0616592678975421
Name:	16.237767391887218_10_80_1
Lambda:	16.237767391887218	Maximal Depth:	10	Filter time:	10 to 80 [us]
Chi2:	0.4069668204973733	RelRMS:	2.0511955512270514	AbsRMS:	7.526991984251961e-07	Phi model:	0.0210553697049189
depth_vector,start_model,resistivity_model,conductivity_model,E/I[V/A],modelled_thickness,rhoa,sigma
0.0,15.1541,13.18559260684042,0.0758403531655619,0.0001247704155152,1.0,13.783707330659508,0.0725494220104101
1.0,15.1541,13.246541497040326,0.0754914028105698,7.894027786876393e-05,1.0,13.9599040257694,0.0716337303002973
2.0,15.1541,13.378661679121684,0.0747458919273344,5.273882383080213e-05,1.0,14.26040383863378,0.0701242413129167
3.0,15.1541,13.603877152172815,0.0735084556273194,3.2412253234848585e-05,1.0,14.602844462979204,0.0684798090218092
4.0,15.1541,13.95580897385283,0.0716547497800785,1.8986955060782183e-05,1.0,14.761641878970508,0.0677431418672067
5.0,15.1541,14.478887587998877,0.0690660794154428,1.2088324287928984e-05,1.0,14.972487145065028,0.0667891707176788
6.0,15.1541,15.228777346823213,0.065665153362335,8.206205237343892e-06,1.5,15.194606813719794,0.0658128250542858
7.5,15.1541,16.41390929168666,0.0609239384859085,5.109102174342969e-06,1.5,15.465966197062055,0.0646581007134207
9.0,15.1541,18.183655600288205,0.0549944423707711,3.011473375673162e-06,nan,15.63706459481778,0.0639506215464126
nan,nan,nan,nan,1.9259138869347545e-06,nan,15.829163609072726,0.0631745318133445
nan,nan,nan,nan,1.320817431482462e-06,nan,15.989196046492362,0.0625422314600599
nan,nan,nan,nan,8.308239318568278e-07,nan,16.201718338139365,0.0617218482095178
Name:	20.6913808111479_10_80_1
Lambda:	20.6913808111479	Maximal Depth:	10	Filter time:	10 to 80 [us]
Chi2:	0.4214755999827795	RelRMS:	2.083057359708276	AbsRMS:	7.771083969696024e-07	Phi model:	0.0201738874520029
depth_vector,start_model,resistivity_model,conductivity_model,E/I[V/A],modelled_thickness,rhoa,sigma
0.0,15.1541,13.097856568661854,0.0763483700373247,0.0001248644711201,1.0,13.776784636892938,0.0725858773550175
1.0,15.1541,13.174472760785228,0.075904365826052,7.898087658852518e-05,1.0,13.955119721669394,0.0716582888534598
2.0,15.1541,13.336453126342477,0.0749824552695181,5.2755402747164285e-05,1.0,14.257416031825374,0.0701389366605984
3.0,15.1541,13.60170121092581,0.0735202151916653,3.2416997264786365e-05,1.0,14.601419736715014,0.0684864909050945
4.0,15.1541,13.99751685869041,0.0714412427643654,1.8989168752671614e-05,1.0,14.76049461576764,0.0677484072201596
5.0,15.1541,14.560036200316365,0.0686811479203789,1.2089706852842548e-05,1.0,14.971345632414977,0.0667942631579399
6.0,15.1541,15.334480215941088,0.0652125136240641,8.2071277503752e-06,1.5,15.193468170511991,0.0658177572610337
7.5,15.1541,16.49635985586151,0.0606194341501757,5.109860724856798e-06,1.5,15.464435560838549,0.0646645004317102
9.0,15.1541,18.15771935159733,0.0550729957125386,3.0122328876430616e-06,nan,15.634435971837313,0.0639613735859307
nan,nan,nan,nan,1.9265780052677446e-06,nan,15.825525710935375,0.0631890540804596
nan,nan,nan,nan,1.3213657680050516e-06,nan,15.984772307123178,0.062559539841201
nan,nan,nan,nan,8.312505864524346e-07,nan,16.19617397789919,0.0617429771601965
Name:	26.366508987303583_10_80_1
Lambda:	26.366508987303583	Maximal Depth:	10	Filter time:	10 to 80 [us]
Chi2:	0.4345163957360757	RelRMS:	2.1122640279328047	AbsRMS:	7.966206962833263e-07	Phi model:	0.0195197140542458
depth_vector,start_model,resistivity_model,conductivity_model,E/I[V/A],modelled_thickness,rhoa,sigma
0.0,15.1541,13.024437732292569,0.0767787462732934,0.0001249391111717,1.0,13.771297151449817,0.0726148008428328
1.0,15.1541,13.11431757224092,0.0762525380746231,7.90126704184948e-05,1.0,13.951375879385326,0.0716775183068222
2.0,15.1541,13.301641228826592,0.0751786928242249,5.2768127048317925e-05,1.0,14.25512395442728,0.0701502142806289
3.0,15.1541,13.600977361009663,0.0735241279694156,3.242055126711896e-05,1.0,14.600352626997426,0.0684914964417301
4.0,15.1541,14.03426185909311,0.0712541927776613,1.899099874963021e-05,1.0,14.759546373763026,0.0677527597851941
5.0,15.1541,14.630431684608055,0.068350683121131,1.2090979369774572e-05,1.0,14.970295172981736,0.066798950083816
6.0,15.1541,15.425518589901584,0.0648276422067687,8.208056513910456e-06,1.5,15.192322027872002,0.0658227226993601
7.5,15.1541,16.566332462090962,0.0603633907678913,5.110655430432857e-06,1.5,15.462832375511086,0.0646712048423759
9.0,15.1541,18.133554777512494,0.0551463853761373,3.013002320341068e-06,nan,15.631774139986767,0.0639722651469199
nan,nan,nan,nan,1.927240917324007e-06,nan,15.82189650429257,0.0632035483058996
nan,nan,nan,nan,1.3219102274933462e-06,nan,15.980382872144627,0.0625767234740725
nan,nan,nan,nan,8.316706795248579e-07,nan,16.190719516511077,0.0617637776369489
Name:	33.59818286283781_10_80_1
Lambda:	33.59818286283781	Maximal Depth:	10	Filter time:	10 to 80 [us]
Chi2:	0.4396681471869582	RelRMS:	2.1487831096471286	AbsRMS:	7.65515399684132e-07	Phi model:	0.0186205014601772
depth_vector,start_model,resistivity_model,conductivity_model,E/I[V/A],modelled_thickness,rhoa,sigma
0.0,15.1541,12.986486041981316,0.0770031243838639,0.0001248419161358,1.0,13.778443939659756,0.0725771360234379
1.0,15.1541,13.086461887750549,0.076414848304876,7.895459968934986e-05,1.0,13.958215821100842,0.071642394186819
2.0,15.1541,13.292947900450772,0.0752278582214325,5.273308903348836e-05,1.0,14.261437712493075,0.070119157700629
3.0,15.1541,13.617611862374453,0.0734343150698109,3.240374043927178e-05,1.0,14.60540189587099,0.0684678180805626
4.0,15.1541,14.07763885266209,0.0710346394353552,1.898568254529157e-05,1.0,14.762301471028248,0.0677401150465968
5.0,15.1541,14.69544809991593,0.0680482822436507,1.2090349766887512e-05,1.0,14.970814885504028,0.066796631155214
6.0,15.1541,15.49862578630065,0.0645218494715775,8.209300699802383e-06,1.5,15.190786976274923,0.0658293741832998
7.5,15.1541,16.607683231801904,0.060213094508276,5.112815111531217e-06,1.5,15.458477678858992,0.0646894229027221
9.0,15.1541,18.07599329020528,0.0553219944235022,3.015208933923821e-06,nan,15.624146698692677,0.0640034953130383
nan,nan,nan,nan,1.929164174367964e-06,nan,15.811379123203244,0.0632455899139435
nan,nan,nan,nan,1.3235155440280575e-06,nan,15.967458323471693,0.0626273749861635
nan,nan,nan,nan,8.329014858240816e-07,nan,16.17476520811522,0.0618246995942963
Name:	42.81332398719393_10_80_1
Lambda:	42.81332398719393	Maximal Depth:	10	Filter time:	10 to 80 [us]
Chi2:	0.4477118285841778	RelRMS:	2.1703012496507745	AbsRMS:	7.715493410980324e-07	Phi model:	0.0182426805505447
depth_vector,start_model,resistivity_model,conductivity_model,E/I[V/A],modelled_thickness,rhoa,sigma
0.0,15.1541,12.93997946531729,0.0772798753414003,0.0001248686388818,1.0,13.776478081804648,0.0725874925406918
1.0,15.1541,13.04886157536921,0.0766350377942227,7.896331362488632e-05,1.0,13.9571889034562,0.0716476653656504
2.0,15.1541,13.272413374495768,0.0753442476348421,5.273466881801768e-05,1.0,14.261152888971097,0.0701205581193476
3.0,15.1541,13.620091777815585,0.0734209443161609,3.24030126519361e-05,1.0,14.605620591312588,0.0684667928862125
4.0,15.1541,14.105395731092225,0.070894856058219,1.898579346560277e-05,1.0,14.762243973978482,0.0677403788856699
5.0,15.1541,14.745626084956797,0.0678167203100437,1.209089340343752e-05,1.0,14.970366132166896,0.0667986334583558
6.0,15.1541,15.56171056143276,0.0642602878425423,8.20995620892264e-06,1.5,15.189978378220951,0.0658328784347565
7.5,15.1541,16.653689472847002,0.0600467543021292,5.113552281770931e-06,1.5,15.45699197930579,0.0646956407390794
9.0,15.1541,18.05398700340258,0.0553894272667601,3.0159527333136364e-06,nan,15.621577757347438,0.0640140205767411
nan,nan,nan,nan,1.9298127106429974e-06,nan,15.807836524728042,0.0632597634999394
nan,nan,nan,nan,1.324053750500453e-06,nan,15.963131020935592,0.0626443520815874
nan,nan,nan,nan,8.333168365599154e-07,nan,16.169390094630575,0.0618452516852861
Name:	54.5559478116852_10_80_1
Lambda:	54.5559478116852	Maximal Depth:	10	Filter time:	10 to 80 [us]
Chi2:	0.4529553365507762	RelRMS:	2.1881017296636567	AbsRMS:	7.699972865788595e-07	Phi model:	0.0179242415412503
depth_vector,start_model,resistivity_model,conductivity_model,E/I[V/A],modelled_thickness,rhoa,sigma
0.0,15.1541,12.90517053330697,0.0774883212445042,0.0001248688676729,1.0,13.776461253819004,0.0725875812065154
1.0,15.1541,13.02117454025081,0.0767979875324471,7.895876233616467e-05,1.0,13.957725239000798,0.0716449122530218
2.0,15.1541,13.2583746436552,0.0754240264645523,5.272949220121184e-05,1.0,14.262086247929007,0.0701159691938624
3.0,15.1541,13.624436833944523,0.0733975291740907,3.239945431931692e-05,1.0,14.606689965390991,0.0684617803464983
4.0,15.1541,14.129834169656238,0.0707722389373469,1.8984723986787564e-05,1.0,14.762798376173215,0.0677378349631852
5.0,15.1541,14.787612658098546,0.0676241678167261,1.2090922339576317e-05,1.0,14.970342247318804,0.0667987400340897
6.0,15.1541,15.61312609443136,0.0640486725049036,8.210406061610032e-06,1.5,15.189423528278514,0.0658352832244275
7.5,15.1541,16.68936398841028,0.059918400766766,5.114247058883782e-06,1.5,15.455592045968364,0.0647015007271011
9.0,15.1541,18.031760437052487,0.0554577021745006,3.016697378711035e-06,nan,15.619006951565654,0.0640245569453287
nan,nan,nan,nan,1.9304747859436424e-06,nan,15.804222016172224,0.0632742313399998
nan,nan,nan,nan,1.324609689561141e-06,nan,15.958664221382064,0.0626618861157664
nan,nan,nan,nan,8.337481647156863e-07,nan,16.163812939171944,0.061866590745836
Name:	69.51927961775606_10_80_1
Lambda:	69.51927961775606	Maximal Depth:	10	Filter time:	10 to 80 [us]
Chi2:	0.455257359704184	RelRMS:	2.2024668821279163	AbsRMS:	7.600668992593128e-07	Phi model:	0.0176295423775331
depth_vector,start_model,resistivity_model,conductivity_model,E/I[V/A],modelled_thickness,rhoa,sigma
0.0,15.1541,12.881168289051462,0.0776327098257046,0.0001248402418083,1.0,13.77856713484644,0.0725764871059028
1.0,15.1541,13.00273387008247,0.076906903578244,7.893948110362136e-05,1.0,13.959997960566492,0.0716332482873386
2.0,15.1541,13.250577909043328,0.07546840650003,5.271662793758192e-05,1.0,14.264406373265968,0.0701045647349319
3.0,15.1541,13.630916576116666,0.073362638118712,3.23925645473581e-05,1.0,14.608761082578336,0.068452074364646
4.0,15.1541,14.151750528322111,0.0706626362582271,1.8982256464389583e-05,1.0,14.76407770235362,0.067731965393313
5.0,15.1541,14.822617217253104,0.0674644690167151,1.2090344716762706e-05,1.0,14.9708190543666,0.0667966125546301
6.0,15.1541,15.654253031721757,0.0638804034899398,8.210616337946474e-06,1.5,15.189164190056388,0.0658364072892603
7.5,15.1541,16.715579584929962,0.0598244287563654,5.114902237995228e-06,1.5,15.454272190536075,0.0647070264889201
9.0,15.1541,18.008376911725577,0.0555297129164862,3.0174609636749543e-06,nan,15.61637185712298,0.0640353603992772
nan,nan,nan,nan,1.931171024088942e-06,nan,15.800423228331873,0.0632894439312797
nan,nan,nan,nan,1.3252025679477957e-06,nan,15.953904067243409,0.0626805824947388
nan,nan,nan,nan,8.342114801331084e-07,nan,16.15782753674366,0.0618895082105532
Name:	88.58667904100822_10_80_1
Lambda:	88.58667904100822	Maximal Depth:	10	Filter time:	10 to 80 [us]
Chi2:	0.4546300258185245	RelRMS:	2.213986676997476	AbsRMS:	7.409165497817455e-07	Phi model:	0.0173297569109411
depth_vector,start_model,resistivity_model,conductivity_model,E/I[V/A],modelled_thickness,rhoa,sigma
0.0,15.1541,12.86727793308842,0.0777165151168829,0.000124779873557,1.0,13.783010805261869,0.0725530883004339
1.0,15.1541,12.99304606693895,0.0769642464783157,7.890374394381305e-05,1.0,13.964212826266657,0.0716116269811501
2.0,15.1541,13.248903308455366,0.0754779453603383,5.2695017097918834e-05,1.0,14.268306106096793,0.0700854041512821
3.0,15.1541,13.63988813967629,0.0733143842353924,3.2381798111532084e-05,1.0,14.611999024537427,0.0684369057458007
4.0,15.1541,14.171983534148998,0.0705617528831011,1.897816525757195e-05,1.0,14.766199464372246,0.0677222329559336
5.0,15.1541,14.851847895617237,0.0673316887587502,1.2089073485786984e-05,1.0,14.971868543968927,0.066791930283333
6.0,15.1541,15.68642137420216,0.0637494031394947,8.210562376968678e-06,1.5,15.189230740207782,0.0658361188333834
7.5,15.1541,16.733096159972504,0.0597618032215768,5.115530717669728e-06,1.5,15.453006385756872,0.0647123268467491
9.0,15.1541,17.982776239674777,0.0556087662256362,3.0182698657027267e-06,nan,15.61358158770166,0.0640468040201403
nan,nan,nan,nan,1.931928601767708e-06,nan,15.796292354346985,0.0633059946959521
nan,nan,nan,nan,1.325856810556557e-06,nan,15.94865534438686,0.0627012107545449
nan,nan,nan,nan,8.347266034485884e-07,nan,16.15117934801268,0.061914983324301
Name:	112.88378916846884_10_80_1
Lambda:	112.88378916846884	Maximal Depth:	10	Filter time:	10 to 80 [us]
Chi2:	0.4512600279174122	RelRMS:	2.223598687682286	AbsRMS:	7.116315140481261e-07	Phi model:	0.0170008109995299
depth_vector,start_model,resistivity_model,conductivity_model,E/I[V/A],modelled_thickness,rhoa,sigma
0.0,15.1541,12.863072875247749,0.0777419213665723,0.0001246840842443,1.0,13.790069156759907,0.0725159525041104
1.0,15.1541,12.991853718848835,0.0769713099947531,7.884942353211448e-05,1.0,13.97062551082867,0.0715787563860256
2.0,15.1541,13.253408053358912,0.075452290910681,5.266339593718997e-05,1.0,14.274017033692312,0.0700573635045835
3.0,15.1541,13.651809938693384,0.073250360537594,3.236652873989311e-05,1.0,14.616594275924744,0.0684153901464664
4.0,15.1541,14.19139145357328,0.0704652537611601,1.897219953106058e-05,1.0,14.769294747428305,0.0677080400317777
5.0,15.1541,14.876452059132449,0.0672203288811806,1.208701770142509e-05,1.0,14.973566126259652,0.0667843579523962
6.0,15.1541,15.710825237342757,0.0636503802246567,8.210224246728907e-06,1.5,15.189647773313927,0.0658343112969913
7.5,15.1541,16.742489814674464,0.0597282728596029,5.116153578244828e-06,1.5,15.45175215395861,0.0647175796010815
9.0,15.1541,17.95376904084034,0.0556986111231157,3.0191579852838697e-06,nan,15.610519496098895,0.0640593671626304
nan,nan,nan,nan,1.932780961251457e-06,nan,15.791647886202677,0.0633246135682717
nan,nan,nan,nan,1.326601986089023e-06,nan,15.942682359388469,0.0627247019954023
nan,nan,nan,nan,8.353172019895188e-07,nan,16.143565484010175,0.0619441845725144
Name:	143.8449888287663_10_80_1
Lambda:	143.8449888287663	Maximal Depth:	10	Filter time:	10 to 80 [us]
Chi2:	0.4454936331629688	RelRMS:	2.232535967241889	AbsRMS:	6.712448408772875e-07	Phi model:	0.0166219368245406
depth_vector,start_model,resistivity_model,conductivity_model,E/I[V/A],modelled_thickness,rhoa,sigma
0.0,15.1541,12.868443306328825,0.0777094770669106,0.0001245480920647,1.0,13.80010544298156,0.07246321443932
1.0,15.1541,12.999178956542517,0.0769279354752399,7.877380268537551e-05,1.0,13.97956504432724,0.0715329838109512
2.0,15.1541,13.264360889073703,0.0753899873776604,5.262017504107873e-05,1.0,14.281832177873504,0.070019027499096
3.0,15.1541,13.667260673009638,0.0731675515617272,3.234597758505332e-05,1.0,14.622784764197894,0.0683864268075926
4.0,15.1541,14.210851021127276,0.0703687624698408,1.8964041823207607e-05,1.0,14.773529954124715,0.0676886298065009
5.0,15.1541,14.897493668338932,0.067125385132753,1.2084056304697158e-05,1.0,14.976012372104092,0.0667734491100385
6.0,15.1541,15.728488238101033,0.0635789012180826,8.209569059859754e-06,1.5,15.190455929854592,0.06583080880638
7.5,15.1541,16.744123174706083,0.0597224464706885,5.116789082775919e-06,1.5,15.450472723750044,0.0647229387656746
9.0,15.1541,17.920073198821314,0.0558033434855486,3.0201601901908904e-06,nan,15.607065859283278,0.0640735426515284
nan,nan,nan,nan,1.9337635787074587e-06,nan,15.786297882551702,0.0633460743893146
nan,nan,nan,nan,1.3274698883561975e-06,nan,15.935732698500246,0.0627520565837623
nan,nan,nan,nan,8.360089375452017e-07,nan,16.13465918465193,0.0619783776375796
Name:	183.29807108324357_10_80_1
Lambda:	183.2980710832436	Maximal Depth:	10	Filter time:	10 to 80 [us]
Chi2:	0.4388141549707748	RelRMS:	2.2242138403472724	AbsRMS:	6.591750606044094e-07	Phi model:	0.0165266744593241
depth_vector,start_model,resistivity_model,conductivity_model,E/I[V/A],modelled_thickness,rhoa,sigma
0.0,15.1541,12.860858335490883,0.0777553079206537,0.0001245111193471,1.0,13.8028372051788,0.0724488730204542
1.0,15.1541,12.993793678653336,0.0769598182586841,7.8750224897085e-05,1.0,13.98235522285475,0.0715187094063708
2.0,15.1541,13.263193156733752,0.0753966249441446,5.260461889326906e-05,1.0,14.284647638422978,0.0700052269620001
3.0,15.1541,13.671766305685225,0.0731434386487547,3.2336968575726266e-05,1.0,14.625500555523963,0.0683737282155656
4.0,15.1541,14.22150085233045,0.0703160665237475,1.89594757008038e-05,1.0,14.775901856518129,0.067677764085775
5.0,15.1541,14.913336309567672,0.0670540769176142,1.2081593891917923e-05,1.0,14.978047195875623,0.0667643776870566
6.0,15.1541,15.746682391854806,0.0635054403915115,8.208167179680779e-06,1.5,15.192185474951694,0.0658233143380695
7.5,15.1541,16.756179700593325,0.0596794745501918,5.116147580315479e-06,1.5,15.451764230558329,0.0647175290199122
9.0,15.1541,17.91225433690735,0.0558277021524614,3.0199454428058603e-06,nan,15.607805726260876,0.0640705053316657
nan,nan,nan,nan,1.933716178417783e-06,nan,15.786555856306729,0.0633450392284584
nan,nan,nan,nan,1.3274874332037231e-06,nan,15.935592287570907,0.0627526095016849
nan,nan,nan,nan,8.360590349458146e-07,nan,16.134014642800423,0.0619808536275399
Name:	233.57214690901213_10_80_1
Lambda:	233.57214690901213	Maximal Depth:	10	Filter time:	10 to 80 [us]
Chi2:	0.429201763886299	RelRMS:	2.236084701236498	AbsRMS:	5.923391782216754e-07	Phi model:	0.0159795032030174
depth_vector,start_model,resistivity_model,conductivity_model,E/I[V/A],modelled_thickness,rhoa,sigma
0.0,15.1541,12.88652117333532,0.0776004622620099,0.0001242738633985,1.0,13.8203993002607,0.0723568095446516
1.0,15.1541,13.019553415624545,0.0768075500039745,7.86205038743692e-05,1.0,13.997731254210876,0.0714401485382979
2.0,15.1541,13.288903373623072,0.0752507540979554,5.253169650405484e-05,1.0,14.2978641642143,0.0699405161858279
3.0,15.1541,13.69668575245628,0.073010363096099,3.2302819613093944e-05,1.0,14.635806316671966,0.0683255830504451
4.0,15.1541,14.243915084283389,0.0702054171260394,1.894576829158121e-05,1.0,14.783027983224828,0.0676451401657873
5.0,15.1541,14.930177063772586,0.0669784420994212,1.2076430302215473e-05,1.0,14.982316392312422,0.0667453532427809
6.0,15.1541,15.753150808128762,0.0634793643620799,8.206825889184962e-06,1.5,15.193840729512088,0.0658161433835243
7.5,15.1541,16.74222210328102,0.0597292279263233,5.1169398325860855e-06,1.5,15.450169265388473,0.0647242099955632
9.0,15.1541,17.863907336274757,0.0559787946262676,3.0213513301059285e-06,nan,15.60296362846294,0.0640903884551649
nan,nan,nan,nan,1.93512494822233e-06,nan,15.77889319090367,0.0633758013253101
nan,nan,nan,nan,1.3287447545745511e-06,nan,15.925538025525622,0.0627922270756058
nan,nan,nan,nan,8.370664075434567e-07,nan,16.121067660502835,0.0620306310387887
Name:	297.63514416313194_10_80_1
Lambda:	297.63514416313194	Maximal Depth:	10	Filter time:	10 to 80 [us]
Chi2:	0.4180047479698898	RelRMS:	2.231917074167708	AbsRMS:	5.48474216596733e-07	Phi model:	0.0156583333072572
depth_vector,start_model,resistivity_model,conductivity_model,E/I[V/A],modelled_thickness,rhoa,sigma
0.0,15.1541,12.901277669114684,0.0775117027667711,0.0001241136218291,1.0,13.832292306977031,0.0722945971504374
1.0,15.1541,13.034727296737634,0.0767181374212779,7.853070419614974e-05,1.0,14.008400137044832,0.0713857392862106
2.0,15.1541,13.30474431238689,0.0751611587957377,5.24795649086238e-05,1.0,14.307331304693069,0.0698942366471923
3.0,15.1541,13.713012767169234,0.07292343535143,3.227695193971635e-05,1.0,14.64362497535962,0.0682891020278564
4.0,15.1541,14.259832733816255,0.0701270497814862,1.893432397539121e-05,1.0,14.788984171870704,0.0676178964273992
5.0,15.1541,14.94378837688733,0.0669174358455611,1.2071250466382687e-05,1.0,14.986602078670906,0.0667262662176912
6.0,15.1541,15.761271424458876,0.0634466581451142,8.204588868060728e-06,1.5,15.196602387153687,0.0658041827063489
7.5,15.1541,16.737783333138893,0.0597450677964097,5.116514160109041e-06,1.5,15.451026179611327,0.0647206203895743
9.0,15.1541,17.836832438265613,0.0560637659999925,3.02166368435675e-06,nan,15.60188834091852,0.0640948055869196
nan,nan,nan,nan,1.935630750681111e-06,nan,15.776144267639843,0.0633868442779905
nan,nan,nan,nan,1.3292662908407738e-06,nan,15.921372174074827,0.0628086567581357
nan,nan,nan,nan,8.375246674486245e-07,nan,16.115186589698485,0.0620532684765339
Name:	379.26901907322497_10_80_1
Lambda:	379.26901907322497	Maximal Depth:	10	Filter time:	10 to 80 [us]
Chi2:	0.4115781015353592	RelRMS:	2.2618570494153185	AbsRMS:	4.597730020594938e-07	Phi model:	0.0148701575833364
depth_vector,start_model,resistivity_model,conductivity_model,E/I[V/A],modelled_thickness,rhoa,sigma
0.0,15.1541,12.950826289094412,0.0772151504218751,0.0001237427217725,1.0,13.859918650850984,0.0721504956263651
1.0,15.1541,13.082603250291829,0.0764373864183104,7.832925348431793e-05,1.0,14.03240814434644,0.0712636056272987
2.0,15.1541,13.349026716106035,0.0749118285000858,5.236710534546016e-05,1.0,14.327807528895187,0.0697943490644524
3.0,15.1541,13.751279485675829,0.0727205058294147,3.2224688965272964e-05,1.0,14.659453681065274,0.0682153661218384
4.0,15.1541,14.288898478282736,0.0699844009333448,1.8913344543957533e-05,1.0,14.799918502649218,0.0675679396356809
5.0,15.1541,14.95946099248988,0.0668473282895708,1.2063314205655929e-05,1.0,14.993174321428372,0.0666970168265696
6.0,15.1541,15.758139711598192,0.0634592672930794,8.20249458570295e-06,1.5,15.199188967921565,0.0657929842250488
7.5,15.1541,16.706667965013153,0.0598563401208538,5.117664614419228e-06,1.5,15.448710492402526,0.0647303216984865
9.0,15.1541,17.766623072799057,0.0562853163430372,3.023734523115646e-06,nan,15.59476410788203,0.0641240863332182
nan,nan,nan,nan,1.937710484104744e-06,nan,15.764853951306288,0.0634322400377923
nan,nan,nan,nan,1.331125405139831e-06,nan,15.906544347492018,0.0628672059847914
nan,nan,nan,nan,8.390145553420604e-07,nan,16.096103144081276,0.0621268384682109
Name:	483.2930238571752_10_80_1
Lambda:	483.2930238571752	Maximal Depth:	10	Filter time:	10 to 80 [us]
Chi2:	0.3789017203677183	RelRMS:	2.145953158882114	AbsRMS:	5.291191068742856e-07	Phi model:	0.0157892319235059
depth_vector,start_model,resistivity_model,conductivity_model,E/I[V/A],modelled_thickness,rhoa,sigma
0.0,15.1541,12.888032786597927,0.077591360648918,0.000124062162814,1.0,13.836116986066392,0.0722746129573092
1.0,15.1541,13.02419099336148,0.076780200820896,7.848886647169155e-05,1.0,14.01337772224364,0.0713603829013104
2.0,15.1541,13.299516993515514,0.0751907005711239,5.244576998752749e-05,1.0,14.313476868256314,0.0698642272037863
3.0,15.1541,13.715271393246187,0.0729114263457032,3.2252158464201514e-05,1.0,14.651128759566472,0.0682541267919066
4.0,15.1541,14.270978500130498,0.0700722799064448,1.8917919893462305e-05,1.0,14.797532139878983,0.0675788361564037
5.0,15.1541,14.964068917885248,0.066826743814631,1.2059796642342702e-05,1.0,14.996089620805632,0.0666840506616202
6.0,15.1541,15.789376116774257,0.0633337246895793,8.196199709684971e-06,1.5,15.206970197487948,0.0657593187211737
7.5,15.1541,16.767805826876,0.059638095188171,5.110866238293024e-06,1.5,15.462407175703156,0.0646729832319607
9.0,15.1541,17.85832303714014,0.0559962992001146,3.0181279165557828e-06,nan,15.614071144423704,0.0640447959248048
nan,nan,nan,nan,1.933258952772136e-06,nan,15.78904482575634,0.0633350535789676
nan,nan,nan,nan,1.3275748018434995e-06,nan,15.93489312481098,0.0627553628485262
nan,nan,nan,nan,8.364148102109298e-07,nan,16.12943916958229,0.0619984358715863
Name:	615.8482110660261_10_80_1
Lambda:	615.8482110660261	Maximal Depth:	10	Filter time:	10 to 80 [us]
Chi2:	0.3725601086317184	RelRMS:	2.195884098836486	AbsRMS:	4.052023263578823e-07	Phi model:	0.0145995985908323
depth_vector,start_model,resistivity_model,conductivity_model,E/I[V/A],modelled_thickness,rhoa,sigma
0.0,15.1541,12.969923289060114,0.0771014583288616,0.000123489613109,1.0,13.878850705743108,0.0720520755790101
1.0,15.1541,13.102423870122957,0.0763217561813328,7.817861097791207e-05,1.0,14.050428408591769,0.0711722070615658
2.0,15.1541,13.370128696257956,0.0747935956876676,5.227297640659581e-05,1.0,14.345002607183956,0.0697106879227196
3.0,15.1541,13.773777873896847,0.0726017225742498,3.217203534266176e-05,1.0,14.675444026755184,0.0681410387431463
4.0,15.1541,14.31216745121829,0.0698706190664976,1.888570358161869e-05,1.0,14.814355676051155,0.0675020920158274
5.0,15.1541,14.981833359853988,0.0667475051938333,1.2047544818693635e-05,1.0,15.006254807793,0.0666388791079759
6.0,15.1541,15.776610756469664,0.0633849700316603,8.192900635379457e-06,1.5,15.211052232290054,0.0657416715641274
7.5,15.1541,16.714237376586212,0.0598292328551483,5.112537714171419e-06,1.5,15.45903684045446,0.0646870830518444
9.0,15.1541,17.75314826166235,0.0563280374422087,3.021211945893523e-06,nan,15.60344352198764,0.0640884173157577
nan,nan,nan,nan,1.936369007060461e-06,nan,15.772134157547056,0.0634029605639319
nan,nan,nan,nan,1.330360318784788e-06,nan,15.91264230139983,0.0628431143652384
nan,nan,nan,nan,8.386492288525634e-07,nan,16.100777252406637,0.0621088028436966
Name:	784.7599703514607_10_80_1
Lambda:	784.7599703514607	Maximal Depth:	10	Filter time:	10 to 80 [us]
Chi2:	0.3890196191191819	RelRMS:	2.290764112648737	AbsRMS:	3.554883902461559e-07	Phi model:	0.0132696002814248
depth_vector,start_model,resistivity_model,conductivity_model,E/I[V/A],modelled_thickness,rhoa,sigma
0.0,15.1541,13.068185268546491,0.0765217189265656,0.0001228275553628,1.0,13.928678643580618,0.0717943191589731
1.0,15.1541,13.19613251467762,0.0757797785743461,7.782055699609638e-05,1.0,14.093492967094368,0.0709547308346348
2.0,15.1541,13.454053562484422,0.0743270416871553,5.207407341256853e-05,1.0,14.38150766574103,0.0695337389682831
3.0,15.1541,13.842497261074575,0.072241300188805,3.208022708742469e-05,1.0,14.703429803078317,0.06801134248219
4.0,15.1541,14.359639143804456,0.0696396330009069,1.884906488034472e-05,1.0,14.833546833655864,0.06741476001755
5.0,15.1541,15.000807428788226,0.0666630782874319,1.2033836214690463e-05,1.0,15.017649110956938,0.0665883183587233
6.0,15.1541,15.759299054150826,0.0634545988729499,8.189441019659213e-06,1.5,15.215335853179612,0.0657231631065853
7.5,15.1541,16.650158855639912,0.0600594870397449,5.114723115984476e-06,1.5,15.45463300304922,0.0647055158024586
9.0,15.1541,17.631490864501533,0.0567167012526068,3.024943484134816e-06,nan,15.590608720500796,0.0641411774182399
nan,nan,nan,nan,1.940080689440858e-06,nan,15.752011339947405,0.063483956329055
nan,nan,nan,nan,1.3336665973401978e-06,nan,15.886332182491085,0.0629471918698853
nan,nan,nan,nan,8.412913129691473e-07,nan,16.06704981116154,0.0622391796722578
Name:	1000.0_10_80_1
Lambda:	1000.0	Maximal Depth:	10	Filter time:	10.0 to 80.0 [us]
Chi2:	0.43875418438987657	RelRMS:	2.4416218812251547	AbsRMS:	4.5522931719132075e-07	Phi model:	0.011823313140766251
depth_vector,start_model,resistivity_model,conductivity_model,E/I[V/A],modelled_thickness,rhoa,sigma
0.0,15.1541,13.183327987740112,0.07585338094674986,0.00012207965918515677,1.0,13.985508192218443,0.07150258583784616
1.0,15.1541,13.305451193492393,0.07515716569529737,7.741694796321187e-05,1.0,14.14243427396579,0.07070918489901401
2.0,15.1541,13.55173063056717,0.07379131324706295,5.185051657627895e-05,1.0,14.422815880747933,0.06933458821552552
3.0,15.1541,13.921890560041044,0.07182932488136524,3.1977606946884024e-05,1.0,14.73486976583814,0.06786622589080743
4.0,15.1541,14.413403794475453,0.0693798643442774,1.8808515676421754e-05,1.0,14.854858903436012,0.06731804095215568
5.0,15.1541,15.021292649074757,0.06657216681425852,1.2019000081064385e-05,1.0,15.030004993852305,0.06653357736135337
6.0,15.1541,15.737854343760166,0.06354106335953513,8.186047644978553e-06,1.5,15.219540386812291,0.0657050064972066
7.5,15.1541,16.575378022639207,0.060330449093478684,5.117567899053222e-06,1.5,15.448905132123704,0.06472950616549833
9.0,15.1541,17.493341364626648,0.05716460790173018,3.0294126003563156e-06,nan,15.575271669104284,0.06420433757079429
nan,nan,nan,nan,1.9444543870159496e-06,nan,15.728381613706032,0.06357933222630989
nan,nan,nan,nan,1.3375368019335524e-06,nan,15.855672318498318,0.06306891186401041
nan,nan,nan,nan,8.443697410183252e-07,nan,16.0279742279139,0.06239091639281689
