Name:	10.0_10_80_1
Lambda:	10	Maximal Depth:	10	Filter time:	10 to 80 [us]
Chi2:	0.2479582441538573	RelRMS:	1.377406635336068	AbsRMS:	4.765378917618985e-07	Phi model:	0.0525403212050143
depth_vector,start_model,resistivity_model,conductivity_model,E/I[V/A],modelled_thickness,rhoa,sigma
0.0,15.7461,11.045914459928756,0.0905312098538965,0.0001267274763939,1.0,13.641431075537929,0.0733060918948026
1.0,15.7461,11.468387607430568,0.0871962157393496,7.90184063645798e-05,1.0,13.950700717637323,0.07168098723068
2.0,15.7461,12.316032160390778,0.0811949812226108,5.206584508040807e-05,1.0,14.38302283312406,0.0695264139953253
3.0,15.7461,13.5497731413299,0.0738019736249142,3.150642426470604e-05,1.0,14.881413939603366,0.0671979157396285
4.0,15.7461,15.085214394592434,0.0662900754236855,1.823411957142124e-05,1.0,15.165207178111736,0.0659404113808165
5.0,15.7461,16.78716678140635,0.0595693134536323,1.1490852690844989e-05,1.0,15.487090832358318,0.0645699060478567
6.0,15.7461,18.477712278509298,0.0541192537759699,7.728875381933998e-06,1.5,15.813943378902785,0.0632353345424323
7.5,15.7461,19.71981996963256,0.0507104021000164,4.763080285897445e-06,1.5,16.20621193241866,0.0617047342198219
9.0,15.7461,20.1847057841649,0.0495424610441688,2.7847016057431084e-06,nan,16.474875398265624,0.0606984863815889
nan,nan,nan,nan,1.768750577094949e-06,nan,16.75347163507406,0.0596891212628706
nan,nan,nan,nan,1.2058773521064307e-06,nan,16.989726839585035,0.0588590981739659
nan,nan,nan,nan,7.535426230894569e-07,nan,17.291335126227,0.0578324341469288
Name:	12.742749857031335_10_80_1
Lambda:	12.742749857031336	Maximal Depth:	10	Filter time:	10 to 80 [us]
Chi2:	0.2354395709925481	RelRMS:	1.3390258347286224	AbsRMS:	4.689076678656406e-07	Phi model:	0.0496930228516855
depth_vector,start_model,resistivity_model,conductivity_model,E/I[V/A],modelled_thickness,rhoa,sigma
0.0,15.7461,11.169542038841811,0.0895291853974428,0.0001264846640776,1.0,13.658883776926771,0.0732124246996849
1.0,15.7461,11.567203428838416,0.0864513195563658,7.890222977042981e-05,1.0,13.964391479196266,0.0716107108204299
2.0,15.7461,12.364522000481236,0.0808765595597694,5.200951551258792e-05,1.0,14.393406103375527,0.0694762582822894
3.0,15.7461,13.52699906765822,0.073926226726141,3.1483415689451e-05,1.0,14.88866343765052,0.067165196136491
4.0,15.7461,14.981255697527777,0.0667500789112771,1.822277473184925e-05,1.0,15.171500731034447,0.0659130574969702
5.0,15.7461,16.61117437243893,0.0602004396305169,1.148436080744156e-05,1.0,15.492926647966213,0.0645455841057165
6.0,15.7461,18.26437400945495,0.0547513974189494,7.724942945173948e-06,1.5,15.81930972337498,0.0632138833796506
7.5,15.7461,19.56903440046727,0.051101141708664,4.760656953195707e-06,1.5,16.211711133139058,0.0616838032572549
9.0,15.7461,20.22802351162684,0.0494363672963506,2.7829372531064805e-06,nan,16.481837926619782,0.06067284513124
nan,nan,nan,nan,1.7674315517433148e-06,nan,16.76180595352539,0.0596594425906521
nan,nan,nan,nan,1.2048834839396876e-06,nan,16.999068394656884,0.0588267531363258
nan,nan,nan,nan,7.528309336364934e-07,nan,17.302230996890675,0.0577960148711288
Name:	16.237767391887218_10_80_1
Lambda:	16.237767391887218	Maximal Depth:	10	Filter time:	10 to 80 [us]
Chi2:	0.2262156339019509	RelRMS:	1.309371939608147	AbsRMS:	4.740678381367263e-07	Phi model:	0.047403444169311
depth_vector,start_model,resistivity_model,conductivity_model,E/I[V/A],modelled_thickness,rhoa,sigma
0.0,15.7461,11.286410773311363,0.0886021269369948,0.0001262541078719,1.0,13.675507303301744,0.07312342992633
1.0,15.7461,11.660895132383065,0.0857567098106332,7.87916190835522e-05,1.0,13.977457587658837,0.071543769224736
2.0,15.7461,12.4114317498308,0.0805708817609727,5.19557435370672e-05,1.0,14.403335431510412,0.0694283629479518
3.0,15.7461,13.508101809439111,0.0740296463638752,3.146146744678609e-05,1.0,14.895587081957991,0.0671339769622932
4.0,15.7461,14.887748547439756,0.0671693236095104,1.8212121732143715e-05,1.0,15.177416433508588,0.0658873665607677
5.0,15.7461,16.451469487156274,0.0607848436141649,1.1478384373453402e-05,1.0,15.498303968051498,0.0645231892509928
6.0,15.7461,18.069824656448866,0.0553408801143576,7.72140177783861e-06,1.5,15.824146024992976,0.0631945634488319
7.5,15.7461,19.430187832254628,0.0514663063802179,4.758533589675395e-06,1.5,16.21653345858912,0.0616654602880215
9.0,15.7461,20.26576890744531,0.0493442910835036,2.7814090438977825e-06,nan,16.48787452896828,0.0606506313620385
nan,nan,nan,nan,1.7662960497887434e-06,nan,16.768988979158326,0.0596338873645197
nan,nan,nan,nan,1.2040323281577675e-06,nan,17.007078783760996,0.0587990455453665
nan,nan,nan,nan,7.52223025040282e-07,nan,17.31155160031606,0.0577648972829069
Name:	20.6913808111479_10_80_1
Lambda:	20.6913808111479	Maximal Depth:	10	Filter time:	10 to 80 [us]
Chi2:	0.2197966532634914	RelRMS:	1.2874945971756722	AbsRMS:	4.894222827528816e-07	Phi model:	0.0456094034996707
depth_vector,start_model,resistivity_model,conductivity_model,E/I[V/A],modelled_thickness,rhoa,sigma
0.0,15.7461,11.3944472619999,0.0877620455829363,0.000126039254556,1.0,13.691044229775075,0.0730404476983001
1.0,15.7461,11.747669967602048,0.0851232629753661,7.868815267630269e-05,1.0,13.989707467069357,0.0714811229865899
2.0,15.7461,12.455726758640036,0.0802843558932713,5.190522175221951e-05,1.0,14.412680210222716,0.0693833475393919
3.0,15.7461,13.492956234433512,0.0741127431695092,3.144077922274632e-05,1.0,14.902120623528404,0.067104543391035
4.0,15.7461,14.805489576203737,0.0675425148795659,1.8202197299875445e-05,1.0,15.1829327476261,0.0658634281414671
5.0,15.7461,16.309613969908874,0.0613135296669187,1.1472907273052655e-05,1.0,15.503236110201122,0.0645026620824023
6.0,15.7461,17.895974138811507,0.0558784893319258,7.718216972817652e-06,1.5,15.82849878803933,0.0631771852398056
7.5,15.7461,19.30465696159646,0.0518009722726148,4.756674371075999e-06,1.5,16.22075883602864,0.0616493969307315
9.0,15.7461,20.298063958639634,0.049265782295181,2.780091851693534e-06,nan,16.493082027223554,0.0606314816326866
nan,nan,nan,nan,1.7653259906297388e-06,nan,16.775131535641506,0.0596120512006321
nan,nan,nan,nan,1.2033101467236166e-06,nan,17.013882775431163,0.0587755313233994
nan,nan,nan,nan,7.517095083219654e-07,nan,17.31943475130092,0.0577386048886431
Name:	26.366508987303583_10_80_1
Lambda:	26.366508987303583	Maximal Depth:	10	Filter time:	10 to 80 [us]
Chi2:	0.2155661038294211	RelRMS:	1.2722947386267418	AbsRMS:	5.123136751564156e-07	Phi model:	0.0442173757227495
depth_vector,start_model,resistivity_model,conductivity_model,E/I[V/A],modelled_thickness,rhoa,sigma
0.0,15.7461,11.492718605485802,0.0870116144253868,0.0001258369256404,1.0,13.705715876297688,0.0729622596167613
1.0,15.7461,11.8269095573725,0.0845529421823162,7.858998180255415e-05,1.0,14.001355228488276,0.071421657666775
2.0,15.7461,12.497147304690152,0.0800182614175238,5.185684355033864e-05,1.0,14.42164271977373,0.0693402283935993
3.0,15.7461,13.481706266130107,0.0741745874194192,3.142079451382281e-05,1.0,14.908438795649326,0.0670761045946558
4.0,15.7461,14.734943416740906,0.067865886669362,1.819277140831009e-05,1.0,15.188176600410356,0.0658406882082857
5.0,15.7461,16.186289553101787,0.0617806815279891,1.1467839864899636e-05,1.0,15.507802819732772,0.064483667455944
6.0,15.7461,17.743655838203964,0.0563581715695192,7.715362118227766e-06,1.5,15.83240314365419,0.0631616054067453
7.5,15.7461,19.193025496136705,0.0521022597610411,4.755090364847077e-06,1.5,16.22436092063884,0.0616357097140208
9.0,15.7461,20.323624346199352,0.0492038222595374,2.7790097478838046e-06,nan,16.497363185016155,0.0606157474249131
nan,nan,nan,nan,1.764546314984772e-06,nan,16.78007263519132,0.0595944976962013
nan,nan,nan,nan,1.2027393876056885e-06,nan,17.019264967086293,0.058756944082715
nan,nan,nan,nan,7.513085567001349e-07,nan,17.32559612390808,0.0577180717389615
Name:	33.59818286283781_10_80_1
Lambda:	33.59818286283781	Maximal Depth:	10	Filter time:	10 to 80 [us]
Chi2:	0.2153734694693963	RelRMS:	1.270210720065482	AbsRMS:	5.330745772703187e-07	Phi model:	0.04318400432524
depth_vector,start_model,resistivity_model,conductivity_model,E/I[V/A],modelled_thickness,rhoa,sigma
0.0,15.7461,11.5786153917468,0.0863661125416426,0.0001256999400653,1.0,13.715671566690466,0.0729092990552919
1.0,15.7461,11.895487788036004,0.0840654891853833,7.852893686524221e-05,1.0,14.008610313375184,0.0713846682597214
2.0,15.7461,12.531587277418096,0.0797983509879868,5.183078427998482e-05,1.0,14.426476217945892,0.0693169963955608
3.0,15.7461,13.46909288714459,0.0742440495717746,3.1413042221775805e-05,1.0,14.910891488547197,0.0670650712446055
4.0,15.7461,14.66999025949174,0.0681663710957805,1.819006242316762e-05,1.0,15.189684512536914,0.0658341520638327
5.0,15.7461,16.075359105999258,0.0622070084659448,1.1466839178150216e-05,1.0,15.508705028664782,0.0644799161600983
6.0,15.7461,17.607978061488925,0.0567924378658295,7.715138615650454e-06,1.5,15.832708911832754,0.0631603856022792
7.5,15.7461,19.09326247353004,0.0523744960499208,4.75507782482222e-06,1.5,16.22438944506505,0.0616356013510368
9.0,15.7461,20.34333986163141,0.0491561369372809,2.7788475182910462e-06,nan,16.49800525802258,0.0606133883678891
nan,nan,nan,nan,1.7643523836429708e-06,nan,16.781302216621146,0.0595901311526076
nan,nan,nan,nan,1.2025672026834605e-06,nan,17.020889486631667,0.0587513361616857
nan,nan,nan,nan,7.511578848370869e-07,nan,17.327912896130332,0.0577103547319492
Name:	42.81332398719393_10_80_1
Lambda:	42.81332398719393	Maximal Depth:	10	Filter time:	10 to 80 [us]
Chi2:	0.2154472771192112	RelRMS:	1.2700596251149607	AbsRMS:	5.565670125081812e-07	Phi model:	0.0423603097652374
depth_vector,start_model,resistivity_model,conductivity_model,E/I[V/A],modelled_thickness,rhoa,sigma
0.0,15.7461,11.655546631731278,0.0857960618747456,0.0001255612321312,1.0,13.72577087483389,0.0728556529989505
1.0,15.7461,11.9574143701995,0.0836301201112691,7.846524122530492e-05,1.0,14.01619045719674,0.0713460624735261
2.0,15.7461,12.564011693242463,0.0795924123930773,5.180223903210229e-05,1.0,14.431775468018111,0.0692915436646083
3.0,15.7461,13.460902174207725,0.0742892257189186,3.140362527476675e-05,1.0,14.913872207217818,0.0670516674747979
4.0,15.7461,14.61653342993428,0.068415674947387,1.818669794177726e-05,1.0,15.191557817060104,0.0658260339092414
5.0,15.7461,15.981738841462128,0.0625714141571163,1.1465640263357727e-05,1.0,15.509786130776028,0.0644754216188515
6.0,15.7461,17.491737914727835,0.0571698481234395,7.71490947804607e-06,1.5,15.833022404474782,0.0631591350314376
7.5,15.7461,19.005366041277306,0.0526167187639598,4.755185950697555e-06,1.5,16.22414349843232,0.0616365357035104
9.0,15.7461,20.355123483849667,0.0491276803500321,2.778856856038206e-06,nan,16.497968299350724,0.0606135241537198
nan,nan,nan,nan,1.7643229947226148e-06,nan,16.781488570626472,0.059589469419915
nan,nan,nan,nan,1.2025373081726685e-06,nan,17.021171572990674,0.058750362494836
nan,nan,nan,nan,7.511201630004163e-07,nan,17.328493038750533,0.0577084226403166
Name:	54.5559478116852_10_80_1
Lambda:	54.5559478116852	Maximal Depth:	10	Filter time:	10 to 80 [us]
Chi2:	0.2159216604445995	RelRMS:	1.2723535911948225	AbsRMS:	5.83181900940395e-07	Phi model:	0.0416671236613728
depth_vector,start_model,resistivity_model,conductivity_model,E/I[V/A],modelled_thickness,rhoa,sigma
0.0,15.7461,11.72441850078298,0.0852920765267137,0.0001254182813396,1.0,13.7361985798779,0.0728003453200579
1.0,15.7461,12.013414017836036,0.0832402844449815,7.83978084911498e-05,1.0,14.02422652029666,0.0713051802573741
2.0,15.7461,12.594743827577757,0.0793982008439406,5.177079204571801e-05,1.0,14.437619045007375,0.0692634981490113
3.0,15.7461,13.456844995662005,0.0743116235880225,3.1392488390073595e-05,1.0,14.917399255980143,0.0670358138734616
4.0,15.7461,14.5735509469256,0.0686174566268598,1.8182725011666588e-05,1.0,15.193770642685292,0.0658164469845691
5.0,15.7461,15.903744664564709,0.0628782730791767,1.146431423883668e-05,1.0,15.510982071492483,0.0644704503809525
6.0,15.7461,17.392905366749073,0.057494707118441,7.714748301651088e-06,1.5,15.83324292586985,0.0631582553670104
7.5,15.7461,18.9277445731933,0.0528324965572636,4.75547687077622e-06,1.5,16.22348180843338,0.0616390496077219
9.0,15.7461,20.35845992711016,0.0491196290672438,2.779080889861237e-06,nan,16.497081638684012,0.060616781919482
nan,nan,nan,nan,1.764489180752843e-06,nan,16.780434859529247,0.0595932112827291
nan,nan,nan,nan,1.2026731092328296e-06,nan,17.019890240249467,0.0587547854824087
nan,nan,nan,nan,7.512115142023363e-07,nan,17.32708818741246,0.0577131015427315
Name:	69.51927961775606_10_80_1
Lambda:	69.51927961775606	Maximal Depth:	10	Filter time:	10 to 80 [us]
Chi2:	0.2170282420192443	RelRMS:	1.2779269844623466	AbsRMS:	6.136720879306616e-07	Phi model:	0.0410361217008556
depth_vector,start_model,resistivity_model,conductivity_model,E/I[V/A],modelled_thickness,rhoa,sigma
0.0,15.7461,11.786613498875257,0.0848420116681882,0.0001252675452655,1.0,13.747215669276532,0.0727420027485919
1.0,15.7461,12.064614239768526,0.0828870264830934,7.832506710126396e-05,1.0,14.032908150406987,0.0712610664362538
2.0,15.7461,12.624375073194177,0.0792118417111464,5.173580163529664e-05,1.0,14.44412802940645,0.0692322858094392
3.0,15.7461,13.45672419683156,0.0743122906714142,3.137950049499503e-05,1.0,14.921515154377667,0.0670173229497153
4.0,15.7461,14.539916268007907,0.0687761869853607,1.8178170728504367e-05,1.0,15.196308259397366,0.0658054563602052
5.0,15.7461,15.839391801258405,0.0631337372386073,1.1462931881567829e-05,1.0,15.512229064152658,0.064465267748715
6.0,15.7461,17.308984838154604,0.0577734632822415,7.714735920677839e-06,1.5,15.833259865823614,0.0631581877941963
7.5,15.7461,18.858347418975978,0.0530269157621819,4.756021877513897e-06,1.5,16.2222423866364,0.0616437589925165
9.0,15.7461,20.352762449737263,0.0491333794353262,2.779569835349412e-06,nan,16.495146948398787,0.060623891568124
nan,nan,nan,nan,1.7648873762247464e-06,nan,16.777910753437908,0.0596021766175561
nan,nan,nan,nan,1.2030022555024991e-06,nan,17.01678562491745,0.0587655049573941
nan,nan,nan,nan,7.514510714779497e-07,nan,17.323405489787536,0.0577253704873166
Name:	88.58667904100822_10_80_1
Lambda:	88.58667904100822	Maximal Depth:	10	Filter time:	10 to 80 [us]
Chi2:	0.2191503858136889	RelRMS:	1.2881006429323838	AbsRMS:	6.491898635918229e-07	Phi model:	0.0404093126433555
depth_vector,start_model,resistivity_model,conductivity_model,E/I[V/A],modelled_thickness,rhoa,sigma
0.0,15.7461,11.84385085531216,0.0844319986984202,0.0001251044864311,1.0,13.759158317461392,0.0726788642827756
1.0,15.7461,12.112437562735492,0.0825597651026535,7.824495102319523e-05,1.0,14.042485507835272,0.0712124644488349
2.0,15.7461,12.653718719283454,0.0790281515011128,5.16963811130229e-05,1.0,14.451469906711475,0.0691971132663526
3.0,15.7461,13.460472465632389,0.0742915973085807,3.136443906410123e-05,1.0,14.926291718600496,0.0669958767289697
4.0,15.7461,14.514529743928389,0.0688964794342243,1.817303655401029e-05,1.0,15.199170258631783,0.065793065212365
5.0,15.7461,15.786609183005778,0.0633448252507888,1.1461562585491957e-05,1.0,15.513464521727457,0.0644601338791503
6.0,15.7461,17.237273058137998,0.0580138167230508,7.714961233449456e-06,1.5,15.832951594408229,0.0631594174994618
7.5,15.7461,18.79483940551648,0.0532060944190079,4.7569035050627885e-06,1.5,16.22023794297628,0.0616513767255197
9.0,15.7461,20.33726754646167,0.0491708140100651,2.780383552853248e-06,nan,16.491928436914524,0.0606357227309852
nan,nan,nan,nan,1.7655617869349952e-06,nan,16.773637921497084,0.0596173593754757
nan,nan,nan,nan,1.2035586605065166e-06,nan,17.011540648963425,0.0587836234609905
nan,nan,nan,nan,7.518625660895817e-07,nan,17.31708417635323,0.0577464421733028
Name:	112.88378916846884_10_80_1
Lambda:	112.88378916846884	Maximal Depth:	10	Filter time:	10 to 80 [us]
Chi2:	0.2229044968930347	RelRMS:	1.3048983711845146	AbsRMS:	6.913242836905707e-07	Phi model:	0.0397368154729884
depth_vector,start_model,resistivity_model,conductivity_model,E/I[V/A],modelled_thickness,rhoa,sigma
0.0,15.7461,11.89808593133085,0.0840471320993515,0.0001249235442936,1.0,13.772441166659611,0.0726087690554674
1.0,15.7461,12.158524592196574,0.0822468213488507,7.815486857268845e-05,1.0,14.053273819531476,0.0711577965989806
2.0,15.7461,12.683777622085197,0.0788408650636372,5.165137234356272e-05,1.0,14.459863984402729,0.0691569437360309
3.0,15.7461,13.468179072703366,0.0742490870222204,3.134697380906036e-05,1.0,14.931835417788871,0.0669710033643058
4.0,15.7461,14.496409238773404,0.0689826000031311,1.81672928724827e-05,1.0,15.202373619554244,0.0657792016579396
5.0,15.7461,15.74338568376828,0.0635187386046838,1.1460273661999734e-05,1.0,15.514627687323747,0.0644553011618223
6.0,15.7461,17.175034350057675,0.0582240465793678,7.715522393676566e-06,1.5,15.832183883987296,0.0631624801308303
7.5,15.7461,18.734717709672783,0.0533768384182109,4.758217820168633e-06,1.5,16.21725090229451,0.06166273223648
9.0,15.7461,20.31094495320384,0.0492345384374773,2.7815941028550893e-06,nan,16.487143230633663,0.0606533215616133
nan,nan,nan,nan,1.7665666871936829e-06,nan,16.767276266554216,0.0596399787361234
nan,nan,nan,nan,1.2043844390749036e-06,nan,17.003763856653418,0.0588105085691782
nan,nan,nan,nan,7.524758327953013e-07,nan,17.307673965622577,0.0577778390086532
Name:	143.8449888287663_10_80_1
Lambda:	143.8449888287663	Maximal Depth:	10	Filter time:	10 to 80 [us]
Chi2:	0.2292699519061981	RelRMS:	1.331363235142118	AbsRMS:	7.420973287343572e-07	Phi model:	0.0389739333793199
depth_vector,start_model,resistivity_model,conductivity_model,E/I[V/A],modelled_thickness,rhoa,sigma
0.0,15.7461,11.951442397781337,0.0836719089392624,0.0001247182392178,1.0,13.787551369734112,0.0725291948645181
1.0,15.7461,12.204678910917028,0.0819357893230197,7.805176929267293e-05,1.0,14.065646493371544,0.0710952035138414
2.0,15.7461,12.715717987562709,0.0786428262232697,5.159939343238478e-05,1.0,14.469573166401602,0.0691105389564637
3.0,15.7461,13.48009959644697,0.074183428159802,3.132670114501504e-05,1.0,14.93827668423572,0.0669421259987301
4.0,15.7461,14.484737657704787,0.0690381851319257,1.816090495657866e-05,1.0,15.205938265418434,0.0657637813954706
5.0,15.7461,15.707849744301484,0.0636624373340967,1.1459150444412e-05,1.0,15.5156414924394,0.064451089598022
6.0,15.7461,17.119592610173985,0.0584126049474863,7.716542629268765e-06,1.5,15.830788361473283,0.0631680480571427
7.5,15.7461,18.67536909620353,0.0535464651246591,4.760086103964763e-06,1.5,16.213007224241686,0.0616788721653562
9.0,15.7461,20.2723839597858,0.0493281896191239,2.7832938988426955e-06,nan,16.480429929960994,0.0606780286831004
nan,nan,nan,nan,1.7679723287116483e-06,nan,16.758387777566746,0.0596716112118272
nan,nan,nan,nan,1.2055343462183486e-06,nan,16.99294936634068,0.0588479361905698
nan,nan,nan,nan,7.533299016331929e-07,nan,17.294590065747776,0.0578215497562163
Name:	183.29807108324357_10_80_1
Lambda:	183.2980710832436	Maximal Depth:	10	Filter time:	10 to 80 [us]
Chi2:	0.2397347968754272	RelRMS:	1.3716487297356332	AbsRMS:	8.042303571795958e-07	Phi model:	0.0380798612657041
depth_vector,start_model,resistivity_model,conductivity_model,E/I[V/A],modelled_thickness,rhoa,sigma
0.0,15.7461,12.006237641441563,0.0832900388834825,0.0001244801470308,1.0,13.805126663235717,0.0724368580161665
1.0,15.7461,12.252914267009524,0.0816132373252998,7.79314801419839e-05,1.0,14.080116552677838,0.0710221393593374
2.0,15.7461,12.750927521318005,0.0784256673350328,5.153838581495308e-05,1.0,14.48098964241781,0.0690560538121506
3.0,15.7461,13.496730962054944,0.0740920155266801,3.130285940339691e-05,1.0,14.945860854804888,0.0669081566939995
4.0,15.7461,14.478951777151536,0.0690657732266259,1.8153663215352486e-05,1.0,15.209981899249126,0.0657462978341458
5.0,15.7461,15.678367337068584,0.0637821514511709,1.1458186689733106e-05,1.0,15.516511499935683,0.0644474758391501
6.0,15.7461,17.068451409849267,0.058587623211263,7.718094941029037e-06,1.5,15.828665631882094,0.0631765193135295
7.5,15.7461,18.614152479166385,0.0537225641145486,4.762607374431361e-06,1.5,16.207284730854607,0.061700649837801
9.0,15.7461,20.219973250455777,0.0494560496007312,2.7855674640677302e-06,nan,16.471461217299435,0.0607110678771919
nan,nan,nan,nan,1.7698467495239996e-06,nan,16.746553299743393,0.0597137800299075
nan,nan,nan,nan,1.207063229210902e-06,nan,16.978597332286938,0.0588976804402077
nan,nan,nan,nan,7.544650583152121e-07,nan,17.277238260806936,0.0578796208574885
Name:	233.57214690901213_10_80_1
Lambda:	233.57214690901213	Maximal Depth:	10	Filter time:	10 to 80 [us]
Chi2:	0.2566374544780549	RelRMS:	1.431757728069034	AbsRMS:	8.806862496383394e-07	Phi model:	0.0370137225350746
depth_vector,start_model,resistivity_model,conductivity_model,E/I[V/A],modelled_thickness,rhoa,sigma
0.0,15.7461,12.064885504570624,0.0828851628655044,0.0001242007426833,1.0,13.825823091501476,0.0723284243825371
1.0,15.7461,12.305333948280795,0.0812655718408773,7.778991712020828e-05,1.0,14.097193485521188,0.0709361051919355
2.0,15.7461,12.790907165215016,0.0781805377119387,5.1466455884877976e-05,1.0,14.494478999404135,0.0689917864616665
3.0,15.7461,13.518709386087776,0.0739715583374481,3.127487318226928e-05,1.0,14.95477569637122,0.0668682714005968
4.0,15.7461,14.478650157207344,0.0690672120081725,1.814552015369112e-05,1.0,15.214532023562404,0.0657266354595279
5.0,15.7461,15.65346097813675,0.0638836357912607,1.1457509598583631e-05,1.0,15.517122801431409,0.0644449369123864
6.0,15.7461,17.01917985984832,0.058757237906581,7.720361245081824e-06,1.5,15.82556782136769,0.0631888859399913
7.5,15.7461,18.54831256883058,0.0539132601032637,4.765962429072663e-06,1.5,16.199677633865893,0.061729623428399
9.0,15.7461,20.151407845094404,0.0496243243989246,2.788555784459548e-06,nan,16.45969149304321,0.0607544801445796
nan,nan,nan,nan,1.7722985780957324e-06,nan,16.73110475501051,0.0597689163174073
nan,nan,nan,nan,1.2090563171989547e-06,nan,16.959933110702764,0.0589624966957527
nan,nan,nan,nan,7.559426013644134e-07,nan,17.25471786795437,0.0579551637791313
Name:	297.63514416313194_10_80_1
Lambda:	297.63514416313194	Maximal Depth:	10	Filter time:	10 to 80 [us]
Chi2:	0.283967939338445	RelRMS:	1.5187896482579797	AbsRMS:	9.833818723878317e-07	Phi model:	0.0357071666184595
depth_vector,start_model,resistivity_model,conductivity_model,E/I[V/A],modelled_thickness,rhoa,sigma
0.0,15.7461,12.130883637026656,0.0824342257267835,0.0001238414093186,1.0,13.85255448460917,0.0721888516021392
1.0,15.7461,12.365487033012704,0.080870247757347,7.760475245038894e-05,1.0,14.119608480868964,0.0708234935377228
2.0,15.7461,12.839250672767196,0.0778861652822978,5.137008732599016e-05,1.0,14.51260077364628,0.0689056369424782
3.0,15.7461,13.549552450301189,0.0738031756892288,3.1235500078241256e-05,1.0,14.967340295501373,0.0668121376448267
4.0,15.7461,14.486995051050965,0.0690274274600138,1.81328387843503e-05,1.0,15.221624813243723,0.0656960089523386
5.0,15.7461,15.635505159391846,0.0639569997774792,1.1455142595927451e-05,1.0,15.5192602871818,0.0644360608363502
6.0,15.7461,16.972835290830652,0.0589176753833366,7.722204737877839e-06,1.5,15.823049069088665,0.0631989445039113
7.5,15.7461,18.47691808592369,0.0541215799815572,4.769595444582513e-06,1.5,16.191450359691714,0.0617609897683705
9.0,15.7461,20.06349785956486,0.0498417577532858,2.792016601467986e-06,nan,16.44608704792114,0.0608047371442318
nan,nan,nan,nan,1.7752189069953397e-06,nan,16.71275068624244,0.059834554991787
nan,nan,nan,nan,1.2114651675422107e-06,nan,16.937443818335723,0.059040786244111
nan,nan,nan,nan,7.57751369105411e-07,nan,17.22724869366002,0.058047574385341
Name:	379.26901907322497_10_80_1
Lambda:	379.26901907322497	Maximal Depth:	10	Filter time:	10 to 80 [us]
Chi2:	0.3259587845302706	RelRMS:	1.6426099074666518	AbsRMS:	1.0994048219827094e-06	Phi model:	0.0341869351136783
depth_vector,start_model,resistivity_model,conductivity_model,E/I[V/A],modelled_thickness,rhoa,sigma
0.0,15.7461,12.20509343905074,0.0819330064938671,0.0001234492710473,1.0,13.881874193075582,0.0720363825584019
1.0,15.7461,12.43335615321854,0.0804288068062086,7.740580539220616e-05,1.0,14.143791444330056,0.0707023999848978
2.0,15.7461,12.893901509125874,0.0775560445604639,5.126910524263372e-05,1.0,14.531650998716875,0.0688153053007052
3.0,15.7461,13.584994282139432,0.0736106309087467,3.119672556621674e-05,1.0,14.979739698579795,0.0667568342389026
4.0,15.7461,14.497304901998255,0.068978338164231,1.812240518309845e-05,1.0,15.227466610613416,0.0656708056284955
5.0,15.7461,15.61604964790586,0.0640366816542557,1.145526289709096e-05,1.0,15.519151633290344,0.064436511971111
6.0,15.7461,16.92082693710705,0.0590987664915488,7.726376037346208e-06,1.5,15.817353547136872,0.063221701216953
7.5,15.7461,18.393476928919256,0.0543671000248867,4.775147373398928e-06,1.5,16.178897698827598,0.0618089080365756
9.0,15.7461,19.955135763115337,0.0501124127578414,2.796867843130876e-06,nan,16.427064095696284,0.0608751505548693
nan,nan,nan,nan,1.779168129381084e-06,nan,16.6880099812049,0.059923262337826
nan,nan,nan,nan,1.2146595436429703e-06,nan,16.90773546189696,0.0591445260220439
nan,nan,nan,nan,7.601127594291836e-07,nan,17.191551050911826,0.0581681081037164
Name:	483.2930238571752_10_80_1
Lambda:	483.2930238571752	Maximal Depth:	10	Filter time:	10 to 80 [us]
Chi2:	0.3910983249319342	RelRMS:	1.812399802301707	AbsRMS:	1.2484359228796948e-06	Phi model:	0.0323664673593134
depth_vector,start_model,resistivity_model,conductivity_model,E/I[V/A],modelled_thickness,rhoa,sigma
0.0,15.7461,12.292060035636792,0.0813533286610078,0.0001229601253299,1.0,13.918665335441007,0.0718459691284987
1.0,15.7461,12.513445960826694,0.0799140383177021,7.715525956236635e-05,1.0,14.174394264829695,0.0705497519905493
2.0,15.7461,12.96070739582717,0.0771562824049218,5.114015266570888e-05,1.0,14.556068957426078,0.0686998669025835
3.0,15.7461,13.63110216772377,0.0733616392640528,3.114569747684955e-05,1.0,14.996096776982617,0.0666840188398151
4.0,15.7461,14.516049242946252,0.0688892675454326,1.8107597457791432e-05,1.0,15.235767119917282,0.0656350279004152
5.0,15.7461,15.601509798183775,0.064096360732755,1.1454168218377562e-05,1.0,15.52014039790606,0.0644324068186211
6.0,15.7461,16.86729859732279,0.0592863163137885,7.730672558997993e-06,1.5,15.811492401328607,0.0632451368041622
7.5,15.7461,18.299207903606185,0.0546471740890452,4.781481315823588e-06,1.5,16.164606612333557,0.0618635531307642
9.0,15.7461,19.822033640118605,0.0504489104476172,2.8025754619299976e-06,nan,16.40475336176837,0.0609579417591563
nan,nan,nan,nan,1.7838783191723202e-06,nan,16.658621457260057,0.0600289767413008
nan,nan,nan,nan,1.218497518017862e-06,nan,16.872213261990336,0.0592690469514628
nan,nan,nan,nan,7.629685580893302e-07,nan,17.148625483792586,0.0583137115534486
Name:	615.8482110660261_10_80_1
Lambda:	615.8482110660261	Maximal Depth:	10	Filter time:	10 to 80 [us]
Chi2:	0.4896190195508224	RelRMS:	2.0377053576320336	AbsRMS:	1.4315627777913024e-06	Phi model:	0.0302385331633265
depth_vector,start_model,resistivity_model,conductivity_model,E/I[V/A],modelled_thickness,rhoa,sigma
0.0,15.7461,12.393846233914928,0.0806852030537192,0.0001223733139266,1.0,13.96312556129334,0.0716172031548626
1.0,15.7461,12.608178415469018,0.0793135984475835,7.685375824737761e-05,1.0,14.211441328498587,0.070365839529216
2.0,15.7461,13.040613746791893,0.0766835073422835,5.098434089972299e-05,1.0,14.585710126172112,0.0685602546156209
3.0,15.7461,13.688457196737978,0.0730542518873715,3.108358735926611e-05,1.0,15.016066574626784,0.0665953360708814
4.0,15.7461,14.543046907822673,0.0687613817337068,1.8089352108696515e-05,1.0,15.246010168949445,0.0655909309333031
5.0,15.7461,15.590089038103738,0.0641433155099948,1.1452593689114246e-05,1.0,15.52156286202113,0.0644265019501899
6.0,15.7461,16.810268049908068,0.0594874511834728,7.735678761591036e-06,1.5,15.804669981315332,0.0632724379048866
7.5,15.7461,18.19154773127785,0.054970583854206,4.789023247547969e-06,1.5,16.147631072754663,0.0619285885028216
9.0,15.7461,19.661939741853825,0.0508596818589229,2.809424098871162e-06,nan,16.37808220256514,0.0610572097289498
nan,nan,nan,nan,1.7895499130131094e-06,nan,16.623405559019652,0.0601561452886176
nan,nan,nan,nan,1.2231273559876032e-06,nan,16.829609370450566,0.0594190856120404
nan,nan,nan,nan,7.66420003558954e-07,nan,17.097102769389682,0.0584894419533103
Name:	784.7599703514607_10_80_1
Lambda:	784.7599703514607	Maximal Depth:	10	Filter time:	10 to 80 [us]
Chi2:	0.6327791306587053	RelRMS:	2.325293668353136	AbsRMS:	1.641301446119348e-06	Phi model:	0.027831807216332
depth_vector,start_model,resistivity_model,conductivity_model,E/I[V/A],modelled_thickness,rhoa,sigma
0.0,15.7461,12.513165592202991,0.0799158288629301,0.0001217121294433,1.0,14.013648399298145,0.0713590045580195
1.0,15.7461,12.71897853904517,0.0786226658791949,7.651664528004463e-05,1.0,14.253152079779548,0.0701599193218926
2.0,15.7461,13.133981214774602,0.0761383759918192,5.0812251845420624e-05,1.0,14.61862379404069,0.0684058919696429
3.0,15.7461,13.755248315681976,0.0726995236327306,3.101705886612728e-05,1.0,15.037530881346296,0.0665002790611374
4.0,15.7461,14.574087893372122,0.0686149285853265,1.807157581579655e-05,1.0,15.256006461210053,0.0655479533613597
5.0,15.7461,15.576452328428134,0.0641994710294159,1.1453021357110208e-05,1.0,15.52117646517502,0.0644281058361592
6.0,15.7461,16.743594277609365,0.0597243329848995,7.743078618253553e-06,1.5,15.794598971735285,0.0633127819066199
7.5,15.7461,18.06551285963173,0.0553540886311923,4.798815474262873e-06,1.5,16.12565688769524,0.0620129776395685
9.0,15.7461,19.47390017838861,0.0513507818587753,2.818018857004732e-06,nan,16.34476392383801,0.0611816728990224
nan,nan,nan,nan,1.7965651686400155e-06,nan,16.58010312525339,0.0603132557406645
nan,nan,nan,nan,1.2288091418634468e-06,nan,16.777691311293342,0.0596029561782963
nan,nan,nan,nan,7.706289589653855e-07,nan,17.03479296660964,0.0587033844180042
Name:	1000.0_10_80_1
Lambda:	1000	Maximal Depth:	10	Filter time:	10 to 80 [us]
Chi2:	0.8380860747857115	RelRMS:	2.6802750343743105	AbsRMS:	1.889476813925648e-06	Phi model:	0.0251391431653263
depth_vector,start_model,resistivity_model,conductivity_model,E/I[V/A],modelled_thickness,rhoa,sigma
0.0,15.7461,12.652505306043786,0.0790357305380717,0.0001209403388112,1.0,14.073204660541336,0.071057021063853
1.0,15.7461,12.848821349766103,0.0778281503632396,7.612219763986625e-05,1.0,14.302347348286288,0.0699185927769975
2.0,15.7461,13.244351016299142,0.0755038883195825,5.061022770744709e-05,1.0,14.657500699080051,0.0682244552144393
3.0,15.7461,13.83578946003426,0.0722763238692361,3.093843878044919e-05,1.0,15.06299546755308,0.0663878577241878
4.0,15.7461,14.614216565617518,0.0684265212240438,1.805025483187218e-05,1.0,15.268017706836565,0.0654963872325239
5.0,15.7461,15.565605679427463,0.0642442074272552,1.1453175691880856e-05,1.0,15.521037030043413,0.064428684633916
6.0,15.7461,16.671554808088818,0.0599824078504551,7.751498371792244e-06,1.5,15.783159401296553,0.0633586707562398
7.5,15.7461,17.923373894989734,0.0557930669671259,4.810136186138539e-06,1.5,16.100345671200376,0.06211046771429
9.0,15.7461,19.25649386203085,0.0519305335210454,2.8280164225085107e-06,nan,16.30621999889374,0.0613262914438688
nan,nan,nan,nan,1.80474965592032e-06,nan,16.52993830391835,0.0604962935501673
nan,nan,nan,nan,1.2354490223298598e-06,nan,16.717523232310665,0.0598174733244729
nan,nan,nan,nan,7.755559688545293e-07,nan,16.962569756949822,0.0589533316194785
Name:	200_10_80_1
Lambda:	200	Maximal Depth:	10	Filter time:	10 to 80 [us]
Chi2:	0.2450280934869046	RelRMS:	1.3899681672949706	AbsRMS:	8.355994209725199e-07	Phi model:	0.0376950681902566
depth_vector,start_model,resistivity_model,conductivity_model,E/I[V/A],modelled_thickness,rhoa,sigma
0.0,15.7461,12.027494500851796,0.0831428357692601,0.0001243639491456,1.0,13.813724421876254,0.0723917728093908
1.0,15.7461,12.272145574399213,0.0814853436945931,7.787056994657346e-05,1.0,14.087457887450483,0.0709851279052148
2.0,15.7461,12.766083669555996,0.0783325588241879,5.150581759877686e-05,1.0,14.48709342298112,0.0690269587420264
3.0,15.7461,13.505912061019478,0.0740416489817212,3.128868559357515e-05,1.0,14.950374175294076,0.0668879580052604
4.0,15.7461,14.480597999890652,0.069057921503487,1.8148355186285497e-05,1.0,15.212947497330438,0.0657334813109346
5.0,15.7461,15.671494124630804,0.0638101250619304,1.1456445860698066e-05,1.0,15.518083302688416,0.0644409480536011
6.0,15.7461,17.052897152132545,0.058641062048213,7.717903920300053e-06,1.5,15.82892680735207,0.0631754769082342
7.5,15.7461,18.59233407264329,0.0537856084175788,4.763196923022763e-06,1.5,16.205947368692915,0.0617057415558331
9.0,15.7461,20.19666172253944,0.0495131330978327,2.7862854264994608e-06,nan,16.468631548289785,0.0607214993588126
nan,nan,nan,nan,1.7705041501818413e-06,nan,16.74240763439123,0.0597285660364559
nan,nan,nan,nan,1.2076281899041308e-06,nan,16.973301558707895,0.0589160568756268
nan,nan,nan,nan,7.549025360925337e-07,nan,17.270562663490185,0.0579019930898945
Name:	200_10_80_2
Lambda:	200	Maximal Depth:	10	Filter time:	10 to 80 [us]
Chi2:	0.2450280934869046	RelRMS:	1.3899681672949706	AbsRMS:	8.355994209725199e-07	Phi model:	0.0376950681902566
depth_vector,start_model,resistivity_model,conductivity_model,E/I[V/A],modelled_thickness,rhoa,sigma
0.0,15.7461,12.027494500851796,0.0831428357692601,0.0001243639491456,1.0,13.813724421876254,0.0723917728093908
1.0,15.7461,12.272145574399213,0.0814853436945931,7.787056994657346e-05,1.0,14.087457887450483,0.0709851279052148
2.0,15.7461,12.766083669555996,0.0783325588241879,5.150581759877686e-05,1.0,14.48709342298112,0.0690269587420264
3.0,15.7461,13.505912061019478,0.0740416489817212,3.128868559357515e-05,1.0,14.950374175294076,0.0668879580052604
4.0,15.7461,14.480597999890652,0.069057921503487,1.8148355186285497e-05,1.0,15.212947497330438,0.0657334813109346
5.0,15.7461,15.671494124630804,0.0638101250619304,1.1456445860698066e-05,1.0,15.518083302688416,0.0644409480536011
6.0,15.7461,17.052897152132545,0.058641062048213,7.717903920300053e-06,1.5,15.82892680735207,0.0631754769082342
7.5,15.7461,18.59233407264329,0.0537856084175788,4.763196923022763e-06,1.5,16.205947368692915,0.0617057415558331
9.0,15.7461,20.19666172253944,0.0495131330978327,2.7862854264994608e-06,nan,16.468631548289785,0.0607214993588126
nan,nan,nan,nan,1.7705041501818413e-06,nan,16.74240763439123,0.0597285660364559
nan,nan,nan,nan,1.2076281899041308e-06,nan,16.973301558707895,0.0589160568756268
nan,nan,nan,nan,7.549025360925337e-07,nan,17.270562663490185,0.0579019930898945
Name:	200_10_80_3
Lambda:	200	Maximal Depth:	10	Filter time:	10 to 80 [us]
Chi2:	0.2450280934869046	RelRMS:	1.3899681672949706	AbsRMS:	8.355994209725199e-07	Phi model:	0.0376950681902566
depth_vector,start_model,resistivity_model,conductivity_model,E/I[V/A],modelled_thickness,rhoa,sigma
0.0,15.7461,12.027494500851796,0.0831428357692601,0.0001243639491456,1.0,13.813724421876254,0.0723917728093908
1.0,15.7461,12.272145574399213,0.0814853436945931,7.787056994657346e-05,1.0,14.087457887450483,0.0709851279052148
2.0,15.7461,12.766083669555996,0.0783325588241879,5.150581759877686e-05,1.0,14.48709342298112,0.0690269587420264
3.0,15.7461,13.505912061019478,0.0740416489817212,3.128868559357515e-05,1.0,14.950374175294076,0.0668879580052604
4.0,15.7461,14.480597999890652,0.069057921503487,1.8148355186285497e-05,1.0,15.212947497330438,0.0657334813109346
5.0,15.7461,15.671494124630804,0.0638101250619304,1.1456445860698066e-05,1.0,15.518083302688416,0.0644409480536011
6.0,15.7461,17.052897152132545,0.058641062048213,7.717903920300053e-06,1.5,15.82892680735207,0.0631754769082342
7.5,15.7461,18.59233407264329,0.0537856084175788,4.763196923022763e-06,1.5,16.205947368692915,0.0617057415558331
9.0,15.7461,20.19666172253944,0.0495131330978327,2.7862854264994608e-06,nan,16.468631548289785,0.0607214993588126
nan,nan,nan,nan,1.7705041501818413e-06,nan,16.74240763439123,0.0597285660364559
nan,nan,nan,nan,1.2076281899041308e-06,nan,16.973301558707895,0.0589160568756268
nan,nan,nan,nan,7.549025360925337e-07,nan,17.270562663490185,0.0579019930898945
Name:	200_10_80_4
Lambda:	200	Maximal Depth:	10	Filter time:	10 to 80 [us]
Chi2:	0.2450280934869046	RelRMS:	1.3899681672949706	AbsRMS:	8.355994209725199e-07	Phi model:	0.0376950681902566
depth_vector,start_model,resistivity_model,conductivity_model,E/I[V/A],modelled_thickness,rhoa,sigma
0.0,15.7461,12.027494500851796,0.0831428357692601,0.0001243639491456,1.0,13.813724421876254,0.0723917728093908
1.0,15.7461,12.272145574399213,0.0814853436945931,7.787056994657346e-05,1.0,14.087457887450483,0.0709851279052148
2.0,15.7461,12.766083669555996,0.0783325588241879,5.150581759877686e-05,1.0,14.48709342298112,0.0690269587420264
3.0,15.7461,13.505912061019478,0.0740416489817212,3.128868559357515e-05,1.0,14.950374175294076,0.0668879580052604
4.0,15.7461,14.480597999890652,0.069057921503487,1.8148355186285497e-05,1.0,15.212947497330438,0.0657334813109346
5.0,15.7461,15.671494124630804,0.0638101250619304,1.1456445860698066e-05,1.0,15.518083302688416,0.0644409480536011
6.0,15.7461,17.052897152132545,0.058641062048213,7.717903920300053e-06,1.5,15.82892680735207,0.0631754769082342
7.5,15.7461,18.59233407264329,0.0537856084175788,4.763196923022763e-06,1.5,16.205947368692915,0.0617057415558331
9.0,15.7461,20.19666172253944,0.0495131330978327,2.7862854264994608e-06,nan,16.468631548289785,0.0607214993588126
nan,nan,nan,nan,1.7705041501818413e-06,nan,16.74240763439123,0.0597285660364559
nan,nan,nan,nan,1.2076281899041308e-06,nan,16.973301558707895,0.0589160568756268
nan,nan,nan,nan,7.549025360925337e-07,nan,17.270562663490185,0.0579019930898945
Name:	200_10_80_5
Lambda:	200	Maximal Depth:	10	Filter time:	10 to 80 [us]
Chi2:	0.2450280934869046	RelRMS:	1.3899681672949706	AbsRMS:	8.355994209725199e-07	Phi model:	0.0376950681902566
depth_vector,start_model,resistivity_model,conductivity_model,E/I[V/A],modelled_thickness,rhoa,sigma
0.0,15.7461,12.027494500851796,0.0831428357692601,0.0001243639491456,1.0,13.813724421876254,0.0723917728093908
1.0,15.7461,12.272145574399213,0.0814853436945931,7.787056994657346e-05,1.0,14.087457887450483,0.0709851279052148
2.0,15.7461,12.766083669555996,0.0783325588241879,5.150581759877686e-05,1.0,14.48709342298112,0.0690269587420264
3.0,15.7461,13.505912061019478,0.0740416489817212,3.128868559357515e-05,1.0,14.950374175294076,0.0668879580052604
4.0,15.7461,14.480597999890652,0.069057921503487,1.8148355186285497e-05,1.0,15.212947497330438,0.0657334813109346
5.0,15.7461,15.671494124630804,0.0638101250619304,1.1456445860698066e-05,1.0,15.518083302688416,0.0644409480536011
6.0,15.7461,17.052897152132545,0.058641062048213,7.717903920300053e-06,1.5,15.82892680735207,0.0631754769082342
7.5,15.7461,18.59233407264329,0.0537856084175788,4.763196923022763e-06,1.5,16.205947368692915,0.0617057415558331
9.0,15.7461,20.19666172253944,0.0495131330978327,2.7862854264994608e-06,nan,16.468631548289785,0.0607214993588126
nan,nan,nan,nan,1.7705041501818413e-06,nan,16.74240763439123,0.0597285660364559
nan,nan,nan,nan,1.2076281899041308e-06,nan,16.973301558707895,0.0589160568756268
nan,nan,nan,nan,7.549025360925337e-07,nan,17.270562663490185,0.0579019930898945
Name:	200_10_80_6
Lambda:	200	Maximal Depth:	10	Filter time:	10 to 80 [us]
Chi2:	0.2450280934869046	RelRMS:	1.3899681672949706	AbsRMS:	8.355994209725199e-07	Phi model:	0.0376950681902566
depth_vector,start_model,resistivity_model,conductivity_model,E/I[V/A],modelled_thickness,rhoa,sigma
0.0,15.7461,12.027494500851796,0.0831428357692601,0.0001243639491456,1.0,13.813724421876254,0.0723917728093908
1.0,15.7461,12.272145574399213,0.0814853436945931,7.787056994657346e-05,1.0,14.087457887450483,0.0709851279052148
2.0,15.7461,12.766083669555996,0.0783325588241879,5.150581759877686e-05,1.0,14.48709342298112,0.0690269587420264
3.0,15.7461,13.505912061019478,0.0740416489817212,3.128868559357515e-05,1.0,14.950374175294076,0.0668879580052604
4.0,15.7461,14.480597999890652,0.069057921503487,1.8148355186285497e-05,1.0,15.212947497330438,0.0657334813109346
5.0,15.7461,15.671494124630804,0.0638101250619304,1.1456445860698066e-05,1.0,15.518083302688416,0.0644409480536011
6.0,15.7461,17.052897152132545,0.058641062048213,7.717903920300053e-06,1.5,15.82892680735207,0.0631754769082342
7.5,15.7461,18.59233407264329,0.0537856084175788,4.763196923022763e-06,1.5,16.205947368692915,0.0617057415558331
9.0,15.7461,20.19666172253944,0.0495131330978327,2.7862854264994608e-06,nan,16.468631548289785,0.0607214993588126
nan,nan,nan,nan,1.7705041501818413e-06,nan,16.74240763439123,0.0597285660364559
nan,nan,nan,nan,1.2076281899041308e-06,nan,16.973301558707895,0.0589160568756268
nan,nan,nan,nan,7.549025360925337e-07,nan,17.270562663490185,0.0579019930898945
Name:	200_10_80_7
Lambda:	200	Maximal Depth:	10	Filter time:	10 to 80 [us]
Chi2:	0.2450280934869046	RelRMS:	1.3899681672949706	AbsRMS:	8.355994209725199e-07	Phi model:	0.0376950681902566
depth_vector,start_model,resistivity_model,conductivity_model,E/I[V/A],modelled_thickness,rhoa,sigma
0.0,15.7461,12.027494500851796,0.0831428357692601,0.0001243639491456,1.0,13.813724421876254,0.0723917728093908
1.0,15.7461,12.272145574399213,0.0814853436945931,7.787056994657346e-05,1.0,14.087457887450483,0.0709851279052148
2.0,15.7461,12.766083669555996,0.0783325588241879,5.150581759877686e-05,1.0,14.48709342298112,0.0690269587420264
3.0,15.7461,13.505912061019478,0.0740416489817212,3.128868559357515e-05,1.0,14.950374175294076,0.0668879580052604
4.0,15.7461,14.480597999890652,0.069057921503487,1.8148355186285497e-05,1.0,15.212947497330438,0.0657334813109346
5.0,15.7461,15.671494124630804,0.0638101250619304,1.1456445860698066e-05,1.0,15.518083302688416,0.0644409480536011
6.0,15.7461,17.052897152132545,0.058641062048213,7.717903920300053e-06,1.5,15.82892680735207,0.0631754769082342
7.5,15.7461,18.59233407264329,0.0537856084175788,4.763196923022763e-06,1.5,16.205947368692915,0.0617057415558331
9.0,15.7461,20.19666172253944,0.0495131330978327,2.7862854264994608e-06,nan,16.468631548289785,0.0607214993588126
nan,nan,nan,nan,1.7705041501818413e-06,nan,16.74240763439123,0.0597285660364559
nan,nan,nan,nan,1.2076281899041308e-06,nan,16.973301558707895,0.0589160568756268
nan,nan,nan,nan,7.549025360925337e-07,nan,17.270562663490185,0.0579019930898945
Name:	200_10_80_8
Lambda:	200	Maximal Depth:	10	Filter time:	10 to 80 [us]
Chi2:	0.2450280934869046	RelRMS:	1.3899681672949706	AbsRMS:	8.355994209725199e-07	Phi model:	0.0376950681902566
depth_vector,start_model,resistivity_model,conductivity_model,E/I[V/A],modelled_thickness,rhoa,sigma
0.0,15.7461,12.027494500851796,0.0831428357692601,0.0001243639491456,1.0,13.813724421876254,0.0723917728093908
1.0,15.7461,12.272145574399213,0.0814853436945931,7.787056994657346e-05,1.0,14.087457887450483,0.0709851279052148
2.0,15.7461,12.766083669555996,0.0783325588241879,5.150581759877686e-05,1.0,14.48709342298112,0.0690269587420264
3.0,15.7461,13.505912061019478,0.0740416489817212,3.128868559357515e-05,1.0,14.950374175294076,0.0668879580052604
4.0,15.7461,14.480597999890652,0.069057921503487,1.8148355186285497e-05,1.0,15.212947497330438,0.0657334813109346
5.0,15.7461,15.671494124630804,0.0638101250619304,1.1456445860698066e-05,1.0,15.518083302688416,0.0644409480536011
6.0,15.7461,17.052897152132545,0.058641062048213,7.717903920300053e-06,1.5,15.82892680735207,0.0631754769082342
7.5,15.7461,18.59233407264329,0.0537856084175788,4.763196923022763e-06,1.5,16.205947368692915,0.0617057415558331
9.0,15.7461,20.19666172253944,0.0495131330978327,2.7862854264994608e-06,nan,16.468631548289785,0.0607214993588126
nan,nan,nan,nan,1.7705041501818413e-06,nan,16.74240763439123,0.0597285660364559
nan,nan,nan,nan,1.2076281899041308e-06,nan,16.973301558707895,0.0589160568756268
nan,nan,nan,nan,7.549025360925337e-07,nan,17.270562663490185,0.0579019930898945
Name:	200_10_80_9
Lambda:	200	Maximal Depth:	10	Filter time:	10 to 80 [us]
Chi2:	0.2450280934869046	RelRMS:	1.3899681672949706	AbsRMS:	8.355994209725199e-07	Phi model:	0.0376950681902566
depth_vector,start_model,resistivity_model,conductivity_model,E/I[V/A],modelled_thickness,rhoa,sigma
0.0,15.7461,12.027494500851796,0.0831428357692601,0.0001243639491456,1.0,13.813724421876254,0.0723917728093908
1.0,15.7461,12.272145574399213,0.0814853436945931,7.787056994657346e-05,1.0,14.087457887450483,0.0709851279052148
2.0,15.7461,12.766083669555996,0.0783325588241879,5.150581759877686e-05,1.0,14.48709342298112,0.0690269587420264
3.0,15.7461,13.505912061019478,0.0740416489817212,3.128868559357515e-05,1.0,14.950374175294076,0.0668879580052604
4.0,15.7461,14.480597999890652,0.069057921503487,1.8148355186285497e-05,1.0,15.212947497330438,0.0657334813109346
5.0,15.7461,15.671494124630804,0.0638101250619304,1.1456445860698066e-05,1.0,15.518083302688416,0.0644409480536011
6.0,15.7461,17.052897152132545,0.058641062048213,7.717903920300053e-06,1.5,15.82892680735207,0.0631754769082342
7.5,15.7461,18.59233407264329,0.0537856084175788,4.763196923022763e-06,1.5,16.205947368692915,0.0617057415558331
9.0,15.7461,20.19666172253944,0.0495131330978327,2.7862854264994608e-06,nan,16.468631548289785,0.0607214993588126
nan,nan,nan,nan,1.7705041501818413e-06,nan,16.74240763439123,0.0597285660364559
nan,nan,nan,nan,1.2076281899041308e-06,nan,16.973301558707895,0.0589160568756268
nan,nan,nan,nan,7.549025360925337e-07,nan,17.270562663490185,0.0579019930898945
Name:	200_10_80_10
Lambda:	200	Maximal Depth:	10	Filter time:	10 to 80 [us]
Chi2:	0.2450280934869046	RelRMS:	1.3899681672949706	AbsRMS:	8.355994209725199e-07	Phi model:	0.0376950681902566
depth_vector,start_model,resistivity_model,conductivity_model,E/I[V/A],modelled_thickness,rhoa,sigma
0.0,15.7461,12.027494500851796,0.0831428357692601,0.0001243639491456,1.0,13.813724421876254,0.0723917728093908
1.0,15.7461,12.272145574399213,0.0814853436945931,7.787056994657346e-05,1.0,14.087457887450483,0.0709851279052148
2.0,15.7461,12.766083669555996,0.0783325588241879,5.150581759877686e-05,1.0,14.48709342298112,0.0690269587420264
3.0,15.7461,13.505912061019478,0.0740416489817212,3.128868559357515e-05,1.0,14.950374175294076,0.0668879580052604
4.0,15.7461,14.480597999890652,0.069057921503487,1.8148355186285497e-05,1.0,15.212947497330438,0.0657334813109346
5.0,15.7461,15.671494124630804,0.0638101250619304,1.1456445860698066e-05,1.0,15.518083302688416,0.0644409480536011
6.0,15.7461,17.052897152132545,0.058641062048213,7.717903920300053e-06,1.5,15.82892680735207,0.0631754769082342
7.5,15.7461,18.59233407264329,0.0537856084175788,4.763196923022763e-06,1.5,16.205947368692915,0.0617057415558331
9.0,15.7461,20.19666172253944,0.0495131330978327,2.7862854264994608e-06,nan,16.468631548289785,0.0607214993588126
nan,nan,nan,nan,1.7705041501818413e-06,nan,16.74240763439123,0.0597285660364559
nan,nan,nan,nan,1.2076281899041308e-06,nan,16.973301558707895,0.0589160568756268
nan,nan,nan,nan,7.549025360925337e-07,nan,17.270562663490185,0.0579019930898945
Name:	200_10_80_11
Lambda:	200	Maximal Depth:	10	Filter time:	10 to 80 [us]
Chi2:	0.2450280934869046	RelRMS:	1.3899681672949706	AbsRMS:	8.355994209725199e-07	Phi model:	0.0376950681902566
depth_vector,start_model,resistivity_model,conductivity_model,E/I[V/A],modelled_thickness,rhoa,sigma
0.0,15.7461,12.027494500851796,0.0831428357692601,0.0001243639491456,1.0,13.813724421876254,0.0723917728093908
1.0,15.7461,12.272145574399213,0.0814853436945931,7.787056994657346e-05,1.0,14.087457887450483,0.0709851279052148
2.0,15.7461,12.766083669555996,0.0783325588241879,5.150581759877686e-05,1.0,14.48709342298112,0.0690269587420264
3.0,15.7461,13.505912061019478,0.0740416489817212,3.128868559357515e-05,1.0,14.950374175294076,0.0668879580052604
4.0,15.7461,14.480597999890652,0.069057921503487,1.8148355186285497e-05,1.0,15.212947497330438,0.0657334813109346
5.0,15.7461,15.671494124630804,0.0638101250619304,1.1456445860698066e-05,1.0,15.518083302688416,0.0644409480536011
6.0,15.7461,17.052897152132545,0.058641062048213,7.717903920300053e-06,1.5,15.82892680735207,0.0631754769082342
7.5,15.7461,18.59233407264329,0.0537856084175788,4.763196923022763e-06,1.5,16.205947368692915,0.0617057415558331
9.0,15.7461,20.19666172253944,0.0495131330978327,2.7862854264994608e-06,nan,16.468631548289785,0.0607214993588126
nan,nan,nan,nan,1.7705041501818413e-06,nan,16.74240763439123,0.0597285660364559
nan,nan,nan,nan,1.2076281899041308e-06,nan,16.973301558707895,0.0589160568756268
nan,nan,nan,nan,7.549025360925337e-07,nan,17.270562663490185,0.0579019930898945
Name:	200_10_80_12
Lambda:	200	Maximal Depth:	10	Filter time:	10 to 80 [us]
Chi2:	0.2450280934869046	RelRMS:	1.3899681672949706	AbsRMS:	8.355994209725199e-07	Phi model:	0.0376950681902566
depth_vector,start_model,resistivity_model,conductivity_model,E/I[V/A],modelled_thickness,rhoa,sigma
0.0,15.7461,12.027494500851796,0.0831428357692601,0.0001243639491456,1.0,13.813724421876254,0.0723917728093908
1.0,15.7461,12.272145574399213,0.0814853436945931,7.787056994657346e-05,1.0,14.087457887450483,0.0709851279052148
2.0,15.7461,12.766083669555996,0.0783325588241879,5.150581759877686e-05,1.0,14.48709342298112,0.0690269587420264
3.0,15.7461,13.505912061019478,0.0740416489817212,3.128868559357515e-05,1.0,14.950374175294076,0.0668879580052604
4.0,15.7461,14.480597999890652,0.069057921503487,1.8148355186285497e-05,1.0,15.212947497330438,0.0657334813109346
5.0,15.7461,15.671494124630804,0.0638101250619304,1.1456445860698066e-05,1.0,15.518083302688416,0.0644409480536011
6.0,15.7461,17.052897152132545,0.058641062048213,7.717903920300053e-06,1.5,15.82892680735207,0.0631754769082342
7.5,15.7461,18.59233407264329,0.0537856084175788,4.763196923022763e-06,1.5,16.205947368692915,0.0617057415558331
9.0,15.7461,20.19666172253944,0.0495131330978327,2.7862854264994608e-06,nan,16.468631548289785,0.0607214993588126
nan,nan,nan,nan,1.7705041501818413e-06,nan,16.74240763439123,0.0597285660364559
nan,nan,nan,nan,1.2076281899041308e-06,nan,16.973301558707895,0.0589160568756268
nan,nan,nan,nan,7.549025360925337e-07,nan,17.270562663490185,0.0579019930898945
Name:	200_10_80_13
Lambda:	200	Maximal Depth:	10	Filter time:	10 to 80 [us]
Chi2:	0.2450280934869046	RelRMS:	1.3899681672949706	AbsRMS:	8.355994209725199e-07	Phi model:	0.0376950681902566
depth_vector,start_model,resistivity_model,conductivity_model,E/I[V/A],modelled_thickness,rhoa,sigma
0.0,15.7461,12.027494500851796,0.0831428357692601,0.0001243639491456,1.0,13.813724421876254,0.0723917728093908
1.0,15.7461,12.272145574399213,0.0814853436945931,7.787056994657346e-05,1.0,14.087457887450483,0.0709851279052148
2.0,15.7461,12.766083669555996,0.0783325588241879,5.150581759877686e-05,1.0,14.48709342298112,0.0690269587420264
3.0,15.7461,13.505912061019478,0.0740416489817212,3.128868559357515e-05,1.0,14.950374175294076,0.0668879580052604
4.0,15.7461,14.480597999890652,0.069057921503487,1.8148355186285497e-05,1.0,15.212947497330438,0.0657334813109346
5.0,15.7461,15.671494124630804,0.0638101250619304,1.1456445860698066e-05,1.0,15.518083302688416,0.0644409480536011
6.0,15.7461,17.052897152132545,0.058641062048213,7.717903920300053e-06,1.5,15.82892680735207,0.0631754769082342
7.5,15.7461,18.59233407264329,0.0537856084175788,4.763196923022763e-06,1.5,16.205947368692915,0.0617057415558331
9.0,15.7461,20.19666172253944,0.0495131330978327,2.7862854264994608e-06,nan,16.468631548289785,0.0607214993588126
nan,nan,nan,nan,1.7705041501818413e-06,nan,16.74240763439123,0.0597285660364559
nan,nan,nan,nan,1.2076281899041308e-06,nan,16.973301558707895,0.0589160568756268
nan,nan,nan,nan,7.549025360925337e-07,nan,17.270562663490185,0.0579019930898945
Name:	200_10_80_14
Lambda:	200	Maximal Depth:	10	Filter time:	10 to 80 [us]
Chi2:	0.2450280934869046	RelRMS:	1.3899681672949706	AbsRMS:	8.355994209725199e-07	Phi model:	0.0376950681902566
depth_vector,start_model,resistivity_model,conductivity_model,E/I[V/A],modelled_thickness,rhoa,sigma
0.0,15.7461,12.027494500851796,0.0831428357692601,0.0001243639491456,1.0,13.813724421876254,0.0723917728093908
1.0,15.7461,12.272145574399213,0.0814853436945931,7.787056994657346e-05,1.0,14.087457887450483,0.0709851279052148
2.0,15.7461,12.766083669555996,0.0783325588241879,5.150581759877686e-05,1.0,14.48709342298112,0.0690269587420264
3.0,15.7461,13.505912061019478,0.0740416489817212,3.128868559357515e-05,1.0,14.950374175294076,0.0668879580052604
4.0,15.7461,14.480597999890652,0.069057921503487,1.8148355186285497e-05,1.0,15.212947497330438,0.0657334813109346
5.0,15.7461,15.671494124630804,0.0638101250619304,1.1456445860698066e-05,1.0,15.518083302688416,0.0644409480536011
6.0,15.7461,17.052897152132545,0.058641062048213,7.717903920300053e-06,1.5,15.82892680735207,0.0631754769082342
7.5,15.7461,18.59233407264329,0.0537856084175788,4.763196923022763e-06,1.5,16.205947368692915,0.0617057415558331
9.0,15.7461,20.19666172253944,0.0495131330978327,2.7862854264994608e-06,nan,16.468631548289785,0.0607214993588126
nan,nan,nan,nan,1.7705041501818413e-06,nan,16.74240763439123,0.0597285660364559
nan,nan,nan,nan,1.2076281899041308e-06,nan,16.973301558707895,0.0589160568756268
nan,nan,nan,nan,7.549025360925337e-07,nan,17.270562663490185,0.0579019930898945
Name:	200_10_80_15
Lambda:	200	Maximal Depth:	10	Filter time:	10 to 80 [us]
Chi2:	0.2450280934869046	RelRMS:	1.3899681672949706	AbsRMS:	8.355994209725199e-07	Phi model:	0.0376950681902566
depth_vector,start_model,resistivity_model,conductivity_model,E/I[V/A],modelled_thickness,rhoa,sigma
0.0,15.7461,12.027494500851796,0.0831428357692601,0.0001243639491456,1.0,13.813724421876254,0.0723917728093908
1.0,15.7461,12.272145574399213,0.0814853436945931,7.787056994657346e-05,1.0,14.087457887450483,0.0709851279052148
2.0,15.7461,12.766083669555996,0.0783325588241879,5.150581759877686e-05,1.0,14.48709342298112,0.0690269587420264
3.0,15.7461,13.505912061019478,0.0740416489817212,3.128868559357515e-05,1.0,14.950374175294076,0.0668879580052604
4.0,15.7461,14.480597999890652,0.069057921503487,1.8148355186285497e-05,1.0,15.212947497330438,0.0657334813109346
5.0,15.7461,15.671494124630804,0.0638101250619304,1.1456445860698066e-05,1.0,15.518083302688416,0.0644409480536011
6.0,15.7461,17.052897152132545,0.058641062048213,7.717903920300053e-06,1.5,15.82892680735207,0.0631754769082342
7.5,15.7461,18.59233407264329,0.0537856084175788,4.763196923022763e-06,1.5,16.205947368692915,0.0617057415558331
9.0,15.7461,20.19666172253944,0.0495131330978327,2.7862854264994608e-06,nan,16.468631548289785,0.0607214993588126
nan,nan,nan,nan,1.7705041501818413e-06,nan,16.74240763439123,0.0597285660364559
nan,nan,nan,nan,1.2076281899041308e-06,nan,16.973301558707895,0.0589160568756268
nan,nan,nan,nan,7.549025360925337e-07,nan,17.270562663490185,0.0579019930898945
Name:	200_10_80_16
Lambda:	200	Maximal Depth:	10	Filter time:	10 to 80 [us]
Chi2:	0.2450280934869046	RelRMS:	1.3899681672949706	AbsRMS:	8.355994209725199e-07	Phi model:	0.0376950681902566
depth_vector,start_model,resistivity_model,conductivity_model,E/I[V/A],modelled_thickness,rhoa,sigma
0.0,15.7461,12.027494500851796,0.0831428357692601,0.0001243639491456,1.0,13.813724421876254,0.0723917728093908
1.0,15.7461,12.272145574399213,0.0814853436945931,7.787056994657346e-05,1.0,14.087457887450483,0.0709851279052148
2.0,15.7461,12.766083669555996,0.0783325588241879,5.150581759877686e-05,1.0,14.48709342298112,0.0690269587420264
3.0,15.7461,13.505912061019478,0.0740416489817212,3.128868559357515e-05,1.0,14.950374175294076,0.0668879580052604
4.0,15.7461,14.480597999890652,0.069057921503487,1.8148355186285497e-05,1.0,15.212947497330438,0.0657334813109346
5.0,15.7461,15.671494124630804,0.0638101250619304,1.1456445860698066e-05,1.0,15.518083302688416,0.0644409480536011
6.0,15.7461,17.052897152132545,0.058641062048213,7.717903920300053e-06,1.5,15.82892680735207,0.0631754769082342
7.5,15.7461,18.59233407264329,0.0537856084175788,4.763196923022763e-06,1.5,16.205947368692915,0.0617057415558331
9.0,15.7461,20.19666172253944,0.0495131330978327,2.7862854264994608e-06,nan,16.468631548289785,0.0607214993588126
nan,nan,nan,nan,1.7705041501818413e-06,nan,16.74240763439123,0.0597285660364559
nan,nan,nan,nan,1.2076281899041308e-06,nan,16.973301558707895,0.0589160568756268
nan,nan,nan,nan,7.549025360925337e-07,nan,17.270562663490185,0.0579019930898945
Name:	200_10_80_17
Lambda:	200	Maximal Depth:	10	Filter time:	10 to 80 [us]
Chi2:	0.2450280934869046	RelRMS:	1.3899681672949706	AbsRMS:	8.355994209725199e-07	Phi model:	0.0376950681902566
depth_vector,start_model,resistivity_model,conductivity_model,E/I[V/A],modelled_thickness,rhoa,sigma
0.0,15.7461,12.027494500851796,0.0831428357692601,0.0001243639491456,1.0,13.813724421876254,0.0723917728093908
1.0,15.7461,12.272145574399213,0.0814853436945931,7.787056994657346e-05,1.0,14.087457887450483,0.0709851279052148
2.0,15.7461,12.766083669555996,0.0783325588241879,5.150581759877686e-05,1.0,14.48709342298112,0.0690269587420264
3.0,15.7461,13.505912061019478,0.0740416489817212,3.128868559357515e-05,1.0,14.950374175294076,0.0668879580052604
4.0,15.7461,14.480597999890652,0.069057921503487,1.8148355186285497e-05,1.0,15.212947497330438,0.0657334813109346
5.0,15.7461,15.671494124630804,0.0638101250619304,1.1456445860698066e-05,1.0,15.518083302688416,0.0644409480536011
6.0,15.7461,17.052897152132545,0.058641062048213,7.717903920300053e-06,1.5,15.82892680735207,0.0631754769082342
7.5,15.7461,18.59233407264329,0.0537856084175788,4.763196923022763e-06,1.5,16.205947368692915,0.0617057415558331
9.0,15.7461,20.19666172253944,0.0495131330978327,2.7862854264994608e-06,nan,16.468631548289785,0.0607214993588126
nan,nan,nan,nan,1.7705041501818413e-06,nan,16.74240763439123,0.0597285660364559
nan,nan,nan,nan,1.2076281899041308e-06,nan,16.973301558707895,0.0589160568756268
nan,nan,nan,nan,7.549025360925337e-07,nan,17.270562663490185,0.0579019930898945
Name:	200_10_80_18
Lambda:	200	Maximal Depth:	10	Filter time:	10 to 80 [us]
Chi2:	0.2450280934869046	RelRMS:	1.3899681672949706	AbsRMS:	8.355994209725199e-07	Phi model:	0.0376950681902566
depth_vector,start_model,resistivity_model,conductivity_model,E/I[V/A],modelled_thickness,rhoa,sigma
0.0,15.7461,12.027494500851796,0.0831428357692601,0.0001243639491456,1.0,13.813724421876254,0.0723917728093908
1.0,15.7461,12.272145574399213,0.0814853436945931,7.787056994657346e-05,1.0,14.087457887450483,0.0709851279052148
2.0,15.7461,12.766083669555996,0.0783325588241879,5.150581759877686e-05,1.0,14.48709342298112,0.0690269587420264
3.0,15.7461,13.505912061019478,0.0740416489817212,3.128868559357515e-05,1.0,14.950374175294076,0.0668879580052604
4.0,15.7461,14.480597999890652,0.069057921503487,1.8148355186285497e-05,1.0,15.212947497330438,0.0657334813109346
5.0,15.7461,15.671494124630804,0.0638101250619304,1.1456445860698066e-05,1.0,15.518083302688416,0.0644409480536011
6.0,15.7461,17.052897152132545,0.058641062048213,7.717903920300053e-06,1.5,15.82892680735207,0.0631754769082342
7.5,15.7461,18.59233407264329,0.0537856084175788,4.763196923022763e-06,1.5,16.205947368692915,0.0617057415558331
9.0,15.7461,20.19666172253944,0.0495131330978327,2.7862854264994608e-06,nan,16.468631548289785,0.0607214993588126
nan,nan,nan,nan,1.7705041501818413e-06,nan,16.74240763439123,0.0597285660364559
nan,nan,nan,nan,1.2076281899041308e-06,nan,16.973301558707895,0.0589160568756268
nan,nan,nan,nan,7.549025360925337e-07,nan,17.270562663490185,0.0579019930898945
Name:	200_10_80_19
Lambda:	200	Maximal Depth:	10	Filter time:	10 to 80 [us]
Chi2:	0.2450280934869046	RelRMS:	1.3899681672949706	AbsRMS:	8.355994209725199e-07	Phi model:	0.0376950681902566
depth_vector,start_model,resistivity_model,conductivity_model,E/I[V/A],modelled_thickness,rhoa,sigma
0.0,15.7461,12.027494500851796,0.0831428357692601,0.0001243639491456,1.0,13.813724421876254,0.0723917728093908
1.0,15.7461,12.272145574399213,0.0814853436945931,7.787056994657346e-05,1.0,14.087457887450483,0.0709851279052148
2.0,15.7461,12.766083669555996,0.0783325588241879,5.150581759877686e-05,1.0,14.48709342298112,0.0690269587420264
3.0,15.7461,13.505912061019478,0.0740416489817212,3.128868559357515e-05,1.0,14.950374175294076,0.0668879580052604
4.0,15.7461,14.480597999890652,0.069057921503487,1.8148355186285497e-05,1.0,15.212947497330438,0.0657334813109346
5.0,15.7461,15.671494124630804,0.0638101250619304,1.1456445860698066e-05,1.0,15.518083302688416,0.0644409480536011
6.0,15.7461,17.052897152132545,0.058641062048213,7.717903920300053e-06,1.5,15.82892680735207,0.0631754769082342
7.5,15.7461,18.59233407264329,0.0537856084175788,4.763196923022763e-06,1.5,16.205947368692915,0.0617057415558331
9.0,15.7461,20.19666172253944,0.0495131330978327,2.7862854264994608e-06,nan,16.468631548289785,0.0607214993588126
nan,nan,nan,nan,1.7705041501818413e-06,nan,16.74240763439123,0.0597285660364559
nan,nan,nan,nan,1.2076281899041308e-06,nan,16.973301558707895,0.0589160568756268
nan,nan,nan,nan,7.549025360925337e-07,nan,17.270562663490185,0.0579019930898945
Name:	200_10_80_20
Lambda:	200	Maximal Depth:	10	Filter time:	10 to 80 [us]
Chi2:	0.2450280934869046	RelRMS:	1.3899681672949706	AbsRMS:	8.355994209725199e-07	Phi model:	0.0376950681902566
depth_vector,start_model,resistivity_model,conductivity_model,E/I[V/A],modelled_thickness,rhoa,sigma
0.0,15.7461,12.027494500851796,0.0831428357692601,0.0001243639491456,1.0,13.813724421876254,0.0723917728093908
1.0,15.7461,12.272145574399213,0.0814853436945931,7.787056994657346e-05,1.0,14.087457887450483,0.0709851279052148
2.0,15.7461,12.766083669555996,0.0783325588241879,5.150581759877686e-05,1.0,14.48709342298112,0.0690269587420264
3.0,15.7461,13.505912061019478,0.0740416489817212,3.128868559357515e-05,1.0,14.950374175294076,0.0668879580052604
4.0,15.7461,14.480597999890652,0.069057921503487,1.8148355186285497e-05,1.0,15.212947497330438,0.0657334813109346
5.0,15.7461,15.671494124630804,0.0638101250619304,1.1456445860698066e-05,1.0,15.518083302688416,0.0644409480536011
6.0,15.7461,17.052897152132545,0.058641062048213,7.717903920300053e-06,1.5,15.82892680735207,0.0631754769082342
7.5,15.7461,18.59233407264329,0.0537856084175788,4.763196923022763e-06,1.5,16.205947368692915,0.0617057415558331
9.0,15.7461,20.19666172253944,0.0495131330978327,2.7862854264994608e-06,nan,16.468631548289785,0.0607214993588126
nan,nan,nan,nan,1.7705041501818413e-06,nan,16.74240763439123,0.0597285660364559
nan,nan,nan,nan,1.2076281899041308e-06,nan,16.973301558707895,0.0589160568756268
nan,nan,nan,nan,7.549025360925337e-07,nan,17.270562663490185,0.0579019930898945
Name:	200_10_80_21
Lambda:	200	Maximal Depth:	10	Filter time:	10 to 80 [us]
Chi2:	0.2450280934869046	RelRMS:	1.3899681672949706	AbsRMS:	8.355994209725199e-07	Phi model:	0.0376950681902566
depth_vector,start_model,resistivity_model,conductivity_model,E/I[V/A],modelled_thickness,rhoa,sigma
0.0,15.7461,12.027494500851796,0.0831428357692601,0.0001243639491456,1.0,13.813724421876254,0.0723917728093908
1.0,15.7461,12.272145574399213,0.0814853436945931,7.787056994657346e-05,1.0,14.087457887450483,0.0709851279052148
2.0,15.7461,12.766083669555996,0.0783325588241879,5.150581759877686e-05,1.0,14.48709342298112,0.0690269587420264
3.0,15.7461,13.505912061019478,0.0740416489817212,3.128868559357515e-05,1.0,14.950374175294076,0.0668879580052604
4.0,15.7461,14.480597999890652,0.069057921503487,1.8148355186285497e-05,1.0,15.212947497330438,0.0657334813109346
5.0,15.7461,15.671494124630804,0.0638101250619304,1.1456445860698066e-05,1.0,15.518083302688416,0.0644409480536011
6.0,15.7461,17.052897152132545,0.058641062048213,7.717903920300053e-06,1.5,15.82892680735207,0.0631754769082342
7.5,15.7461,18.59233407264329,0.0537856084175788,4.763196923022763e-06,1.5,16.205947368692915,0.0617057415558331
9.0,15.7461,20.19666172253944,0.0495131330978327,2.7862854264994608e-06,nan,16.468631548289785,0.0607214993588126
nan,nan,nan,nan,1.7705041501818413e-06,nan,16.74240763439123,0.0597285660364559
nan,nan,nan,nan,1.2076281899041308e-06,nan,16.973301558707895,0.0589160568756268
nan,nan,nan,nan,7.549025360925337e-07,nan,17.270562663490185,0.0579019930898945
Name:	200_10_80_22
Lambda:	200	Maximal Depth:	10	Filter time:	10 to 80 [us]
Chi2:	0.2450280934869046	RelRMS:	1.3899681672949706	AbsRMS:	8.355994209725199e-07	Phi model:	0.0376950681902566
depth_vector,start_model,resistivity_model,conductivity_model,E/I[V/A],modelled_thickness,rhoa,sigma
0.0,15.7461,12.027494500851796,0.0831428357692601,0.0001243639491456,1.0,13.813724421876254,0.0723917728093908
1.0,15.7461,12.272145574399213,0.0814853436945931,7.787056994657346e-05,1.0,14.087457887450483,0.0709851279052148
2.0,15.7461,12.766083669555996,0.0783325588241879,5.150581759877686e-05,1.0,14.48709342298112,0.0690269587420264
3.0,15.7461,13.505912061019478,0.0740416489817212,3.128868559357515e-05,1.0,14.950374175294076,0.0668879580052604
4.0,15.7461,14.480597999890652,0.069057921503487,1.8148355186285497e-05,1.0,15.212947497330438,0.0657334813109346
5.0,15.7461,15.671494124630804,0.0638101250619304,1.1456445860698066e-05,1.0,15.518083302688416,0.0644409480536011
6.0,15.7461,17.052897152132545,0.058641062048213,7.717903920300053e-06,1.5,15.82892680735207,0.0631754769082342
7.5,15.7461,18.59233407264329,0.0537856084175788,4.763196923022763e-06,1.5,16.205947368692915,0.0617057415558331
9.0,15.7461,20.19666172253944,0.0495131330978327,2.7862854264994608e-06,nan,16.468631548289785,0.0607214993588126
nan,nan,nan,nan,1.7705041501818413e-06,nan,16.74240763439123,0.0597285660364559
nan,nan,nan,nan,1.2076281899041308e-06,nan,16.973301558707895,0.0589160568756268
nan,nan,nan,nan,7.549025360925337e-07,nan,17.270562663490185,0.0579019930898945
Name:	200_10_80_23
Lambda:	200	Maximal Depth:	10	Filter time:	10 to 80 [us]
Chi2:	0.2450280934869046	RelRMS:	1.3899681672949706	AbsRMS:	8.355994209725199e-07	Phi model:	0.0376950681902566
depth_vector,start_model,resistivity_model,conductivity_model,E/I[V/A],modelled_thickness,rhoa,sigma
0.0,15.7461,12.027494500851796,0.0831428357692601,0.0001243639491456,1.0,13.813724421876254,0.0723917728093908
1.0,15.7461,12.272145574399213,0.0814853436945931,7.787056994657346e-05,1.0,14.087457887450483,0.0709851279052148
2.0,15.7461,12.766083669555996,0.0783325588241879,5.150581759877686e-05,1.0,14.48709342298112,0.0690269587420264
3.0,15.7461,13.505912061019478,0.0740416489817212,3.128868559357515e-05,1.0,14.950374175294076,0.0668879580052604
4.0,15.7461,14.480597999890652,0.069057921503487,1.8148355186285497e-05,1.0,15.212947497330438,0.0657334813109346
5.0,15.7461,15.671494124630804,0.0638101250619304,1.1456445860698066e-05,1.0,15.518083302688416,0.0644409480536011
6.0,15.7461,17.052897152132545,0.058641062048213,7.717903920300053e-06,1.5,15.82892680735207,0.0631754769082342
7.5,15.7461,18.59233407264329,0.0537856084175788,4.763196923022763e-06,1.5,16.205947368692915,0.0617057415558331
9.0,15.7461,20.19666172253944,0.0495131330978327,2.7862854264994608e-06,nan,16.468631548289785,0.0607214993588126
nan,nan,nan,nan,1.7705041501818413e-06,nan,16.74240763439123,0.0597285660364559
nan,nan,nan,nan,1.2076281899041308e-06,nan,16.973301558707895,0.0589160568756268
nan,nan,nan,nan,7.549025360925337e-07,nan,17.270562663490185,0.0579019930898945
Name:	200_10_80_24
Lambda:	200	Maximal Depth:	10	Filter time:	10 to 80 [us]
Chi2:	0.2450280934869046	RelRMS:	1.3899681672949706	AbsRMS:	8.355994209725199e-07	Phi model:	0.0376950681902566
depth_vector,start_model,resistivity_model,conductivity_model,E/I[V/A],modelled_thickness,rhoa,sigma
0.0,15.7461,12.027494500851796,0.0831428357692601,0.0001243639491456,1.0,13.813724421876254,0.0723917728093908
1.0,15.7461,12.272145574399213,0.0814853436945931,7.787056994657346e-05,1.0,14.087457887450483,0.0709851279052148
2.0,15.7461,12.766083669555996,0.0783325588241879,5.150581759877686e-05,1.0,14.48709342298112,0.0690269587420264
3.0,15.7461,13.505912061019478,0.0740416489817212,3.128868559357515e-05,1.0,14.950374175294076,0.0668879580052604
4.0,15.7461,14.480597999890652,0.069057921503487,1.8148355186285497e-05,1.0,15.212947497330438,0.0657334813109346
5.0,15.7461,15.671494124630804,0.0638101250619304,1.1456445860698066e-05,1.0,15.518083302688416,0.0644409480536011
6.0,15.7461,17.052897152132545,0.058641062048213,7.717903920300053e-06,1.5,15.82892680735207,0.0631754769082342
7.5,15.7461,18.59233407264329,0.0537856084175788,4.763196923022763e-06,1.5,16.205947368692915,0.0617057415558331
9.0,15.7461,20.19666172253944,0.0495131330978327,2.7862854264994608e-06,nan,16.468631548289785,0.0607214993588126
nan,nan,nan,nan,1.7705041501818413e-06,nan,16.74240763439123,0.0597285660364559
nan,nan,nan,nan,1.2076281899041308e-06,nan,16.973301558707895,0.0589160568756268
nan,nan,nan,nan,7.549025360925337e-07,nan,17.270562663490185,0.0579019930898945
Name:	200_10_80_25
Lambda:	200	Maximal Depth:	10	Filter time:	10 to 80 [us]
Chi2:	0.2450280934869046	RelRMS:	1.3899681672949706	AbsRMS:	8.355994209725199e-07	Phi model:	0.0376950681902566
depth_vector,start_model,resistivity_model,conductivity_model,E/I[V/A],modelled_thickness,rhoa,sigma
0.0,15.7461,12.027494500851796,0.0831428357692601,0.0001243639491456,1.0,13.813724421876254,0.0723917728093908
1.0,15.7461,12.272145574399213,0.0814853436945931,7.787056994657346e-05,1.0,14.087457887450483,0.0709851279052148
2.0,15.7461,12.766083669555996,0.0783325588241879,5.150581759877686e-05,1.0,14.48709342298112,0.0690269587420264
3.0,15.7461,13.505912061019478,0.0740416489817212,3.128868559357515e-05,1.0,14.950374175294076,0.0668879580052604
4.0,15.7461,14.480597999890652,0.069057921503487,1.8148355186285497e-05,1.0,15.212947497330438,0.0657334813109346
5.0,15.7461,15.671494124630804,0.0638101250619304,1.1456445860698066e-05,1.0,15.518083302688416,0.0644409480536011
6.0,15.7461,17.052897152132545,0.058641062048213,7.717903920300053e-06,1.5,15.82892680735207,0.0631754769082342
7.5,15.7461,18.59233407264329,0.0537856084175788,4.763196923022763e-06,1.5,16.205947368692915,0.0617057415558331
9.0,15.7461,20.19666172253944,0.0495131330978327,2.7862854264994608e-06,nan,16.468631548289785,0.0607214993588126
nan,nan,nan,nan,1.7705041501818413e-06,nan,16.74240763439123,0.0597285660364559
nan,nan,nan,nan,1.2076281899041308e-06,nan,16.973301558707895,0.0589160568756268
nan,nan,nan,nan,7.549025360925337e-07,nan,17.270562663490185,0.0579019930898945
Name:	200_10_80_26
Lambda:	200	Maximal Depth:	10	Filter time:	10 to 80 [us]
Chi2:	0.2450280934869046	RelRMS:	1.3899681672949706	AbsRMS:	8.355994209725199e-07	Phi model:	0.0376950681902566
depth_vector,start_model,resistivity_model,conductivity_model,E/I[V/A],modelled_thickness,rhoa,sigma
0.0,15.7461,12.027494500851796,0.0831428357692601,0.0001243639491456,1.0,13.813724421876254,0.0723917728093908
1.0,15.7461,12.272145574399213,0.0814853436945931,7.787056994657346e-05,1.0,14.087457887450483,0.0709851279052148
2.0,15.7461,12.766083669555996,0.0783325588241879,5.150581759877686e-05,1.0,14.48709342298112,0.0690269587420264
3.0,15.7461,13.505912061019478,0.0740416489817212,3.128868559357515e-05,1.0,14.950374175294076,0.0668879580052604
4.0,15.7461,14.480597999890652,0.069057921503487,1.8148355186285497e-05,1.0,15.212947497330438,0.0657334813109346
5.0,15.7461,15.671494124630804,0.0638101250619304,1.1456445860698066e-05,1.0,15.518083302688416,0.0644409480536011
6.0,15.7461,17.052897152132545,0.058641062048213,7.717903920300053e-06,1.5,15.82892680735207,0.0631754769082342
7.5,15.7461,18.59233407264329,0.0537856084175788,4.763196923022763e-06,1.5,16.205947368692915,0.0617057415558331
9.0,15.7461,20.19666172253944,0.0495131330978327,2.7862854264994608e-06,nan,16.468631548289785,0.0607214993588126
nan,nan,nan,nan,1.7705041501818413e-06,nan,16.74240763439123,0.0597285660364559
nan,nan,nan,nan,1.2076281899041308e-06,nan,16.973301558707895,0.0589160568756268
nan,nan,nan,nan,7.549025360925337e-07,nan,17.270562663490185,0.0579019930898945
Name:	200_10_80_27
Lambda:	200	Maximal Depth:	10	Filter time:	10 to 80 [us]
Chi2:	0.2450280934869046	RelRMS:	1.3899681672949706	AbsRMS:	8.355994209725199e-07	Phi model:	0.0376950681902566
depth_vector,start_model,resistivity_model,conductivity_model,E/I[V/A],modelled_thickness,rhoa,sigma
0.0,15.7461,12.027494500851796,0.0831428357692601,0.0001243639491456,1.0,13.813724421876254,0.0723917728093908
1.0,15.7461,12.272145574399213,0.0814853436945931,7.787056994657346e-05,1.0,14.087457887450483,0.0709851279052148
2.0,15.7461,12.766083669555996,0.0783325588241879,5.150581759877686e-05,1.0,14.48709342298112,0.0690269587420264
3.0,15.7461,13.505912061019478,0.0740416489817212,3.128868559357515e-05,1.0,14.950374175294076,0.0668879580052604
4.0,15.7461,14.480597999890652,0.069057921503487,1.8148355186285497e-05,1.0,15.212947497330438,0.0657334813109346
5.0,15.7461,15.671494124630804,0.0638101250619304,1.1456445860698066e-05,1.0,15.518083302688416,0.0644409480536011
6.0,15.7461,17.052897152132545,0.058641062048213,7.717903920300053e-06,1.5,15.82892680735207,0.0631754769082342
7.5,15.7461,18.59233407264329,0.0537856084175788,4.763196923022763e-06,1.5,16.205947368692915,0.0617057415558331
9.0,15.7461,20.19666172253944,0.0495131330978327,2.7862854264994608e-06,nan,16.468631548289785,0.0607214993588126
nan,nan,nan,nan,1.7705041501818413e-06,nan,16.74240763439123,0.0597285660364559
nan,nan,nan,nan,1.2076281899041308e-06,nan,16.973301558707895,0.0589160568756268
nan,nan,nan,nan,7.549025360925337e-07,nan,17.270562663490185,0.0579019930898945
Name:	200_10_80_28
Lambda:	200	Maximal Depth:	10	Filter time:	10 to 80 [us]
Chi2:	0.2450280934869046	RelRMS:	1.3899681672949706	AbsRMS:	8.355994209725199e-07	Phi model:	0.0376950681902566
depth_vector,start_model,resistivity_model,conductivity_model,E/I[V/A],modelled_thickness,rhoa,sigma
0.0,15.7461,12.027494500851796,0.0831428357692601,0.0001243639491456,1.0,13.813724421876254,0.0723917728093908
1.0,15.7461,12.272145574399213,0.0814853436945931,7.787056994657346e-05,1.0,14.087457887450483,0.0709851279052148
2.0,15.7461,12.766083669555996,0.0783325588241879,5.150581759877686e-05,1.0,14.48709342298112,0.0690269587420264
3.0,15.7461,13.505912061019478,0.0740416489817212,3.128868559357515e-05,1.0,14.950374175294076,0.0668879580052604
4.0,15.7461,14.480597999890652,0.069057921503487,1.8148355186285497e-05,1.0,15.212947497330438,0.0657334813109346
5.0,15.7461,15.671494124630804,0.0638101250619304,1.1456445860698066e-05,1.0,15.518083302688416,0.0644409480536011
6.0,15.7461,17.052897152132545,0.058641062048213,7.717903920300053e-06,1.5,15.82892680735207,0.0631754769082342
7.5,15.7461,18.59233407264329,0.0537856084175788,4.763196923022763e-06,1.5,16.205947368692915,0.0617057415558331
9.0,15.7461,20.19666172253944,0.0495131330978327,2.7862854264994608e-06,nan,16.468631548289785,0.0607214993588126
nan,nan,nan,nan,1.7705041501818413e-06,nan,16.74240763439123,0.0597285660364559
nan,nan,nan,nan,1.2076281899041308e-06,nan,16.973301558707895,0.0589160568756268
nan,nan,nan,nan,7.549025360925337e-07,nan,17.270562663490185,0.0579019930898945
Name:	200_10_80_29
Lambda:	200.0	Maximal Depth:	10	Filter time:	10.0 to 80.0 [us]
Chi2:	0.24502809348690469	RelRMS:	1.3899681672949706	AbsRMS:	8.355994209725199e-07	Phi model:	0.037695068190256635
depth_vector,start_model,resistivity_model,conductivity_model,E/I[V/A],modelled_thickness,rhoa,sigma
0.0,15.7461,12.027494500851796,0.08314283576926011,0.00012436394914566249,1.0,13.813724421876254,0.07239177280939087
1.0,15.7461,12.272145574399211,0.08148534369459315,7.787056994657346e-05,1.0,14.087457887450483,0.07098512790521483
2.0,15.7461,12.766083669555995,0.07833255882418794,5.150581759877686e-05,1.0,14.48709342298112,0.06902695874202641
3.0,15.7461,13.505912061019478,0.07404164898172128,3.128868559357515e-05,1.0,14.950374175294076,0.06688795800526041
4.0,15.7461,14.480597999890653,0.06905792150348702,1.8148355186285497e-05,1.0,15.212947497330438,0.06573348131093462
5.0,15.7461,15.671494124630804,0.06381012506193046,1.1456445860698066e-05,1.0,15.518083302688416,0.06444094805360118
6.0,15.7461,17.052897152132545,0.05864106204821304,7.717903920300053e-06,1.5,15.82892680735207,0.0631754769082342
7.5,15.7461,18.592334072643286,0.05378560841757881,4.763196923022763e-06,1.5,16.205947368692915,0.06170574155583319
9.0,15.7461,20.196661722539442,0.04951313309783278,2.7862854264994608e-06,nan,16.468631548289785,0.06072149935881265
nan,nan,nan,nan,1.7705041501818413e-06,nan,16.74240763439123,0.0597285660364559
nan,nan,nan,nan,1.2076281899041308e-06,nan,16.973301558707895,0.058916056875626836
nan,nan,nan,nan,7.549025360925337e-07,nan,17.270562663490185,0.05790199308989458
